2 0.6363874765624999 0 0.8476001999999999 0.13244077031249998 0.8685573203124999 0.4069384421875 0.6996920390625 0.5573028125 0.7120066031250001 0.691270471875 0.7497124000000001 0.7144802640625 0.7496393125 0.6931974421875 0.7238545281250001 0.6817177015625 0.713055928125 0.562130084375 0.8818310140625 0.4174798296875 0.8626932578125001 0.1222317453125 0.6680213109375 0 0.6363874765624999 0
0 0.7104193109375 0.6952608312499999 0.6967707171875 0.6962963249999999 0.69889623125 0.7190924703125 0.7125448234375 0.7180569765625 0.7104193109375 0.6952608312499999
0 0.67538533125 0.618255953125 0.6617577812500001 0.61928985 0.664064940625 0.6440341468749999 0.6776924906249999 0.6430002499999999 0.67538533125 0.618255953125
0 0.6973482078125001 0.5408692921875 0.6810835187500001 0.5421032640625 0.6832882312499999 0.5657488390625 0.699552921875 0.56451486875 0.6973482078125001 0.5408692921875
0 0.701737853125 0.49549083749999995 0.687668440625 0.496558259375 0.690001425 0.5215795437499999 0.7040708375 0.5205121234375001 0.701737853125 0.49549083749999995
0 0.8547348124999999 0.3865490625 0.8395151593750001 0.3877037484375 0.8416449765625 0.410546059375 0.85686463125 0.40939137187499997 0.8547348124999999 0.3865490625
0 0.78551786875 0.4123774703125 0.692116890625 0.4194636265625 0.6958978734375 0.4600147296875 0.789298853125 0.45292857187499996 0.78551786875 0.4123774703125
0 0.847426834375 0.2512419828125 0.7462827703125 0.25891559218750004 0.7502402359375 0.301359446875 0.8513842984375 0.2936858375 0.847426834375 0.2512419828125
0 0.7888448453125 0.13512059999999998 0.771317696875 0.136450353125 0.7735852546875 0.160769934375 0.791112403125 0.1594401828125 0.7888448453125 0.13512059999999998
0 0.8864607921875001 0.3284594421875 0.8695368171875 0.3297434328125 0.8714057890625 0.34978815937499996 0.8883297625000001 0.34850416875 0.8864607921875001 0.3284594421875
0 0.8867994828124999 0.559769803125 0.789730359375 0.5671342546875 0.7936232578125 0.6088856375 0.8906923828125001 0.6015211859375 0.8867994828124999 0.559769803125
0 0.6398818046875 0.0170368625 0.5411644703125 0.0245263609375 0.5448214890624999 0.0637479171875 0.6435388234375 0.056258418750000004 0.6398818046875 0.0170368625
0 0.4455368046875 0 0.3842544984375 0.0046493734375 0.3860038078125 0.0234107203125 0.48261003125 0.0160813875 0.481110603125 0 0.4455368046875 0
0 0.372585121875 0.0168367421875 0.2768205390625 0.0241022203125 0.2804336515625 0.0628528984375 0.376198234375 0.05558741874999999 0.372585121875 0.0168367421875
0 0.3274971765625 0.1094510375 0.31285264218750003 0.110562090625 0.3149979546875 0.13357059375 0.3296424890625 0.132459540625 0.3274971765625 0.1094510375
0 0.236768265625 0.1179616640625 0.22203255312499998 0.1190796359375 0.22426912031250001 0.14306683125 0.23900483125 0.14194885937499999 0.236768265625 0.1179616640625
0 0.2355983109375 0.1978713390625 0.2225388671875 0.198862134375 0.22482278125000002 0.22335714062499998 0.23788222499999997 0.2223663453125 0.2355983109375 0.1978713390625
0 0.13399706875 0.1965510234375 0.11851089687500001 0.1977259296875 0.12066051250000001 0.22078059843750003 0.13614668593749998 0.21960569218749998 0.13399706875 0.1965510234375
0 0.10552741875 0.02635841875 0.045869184375 0.0308845765625 0.0481324375 0.05515799375 0.107790671875 0.0506318359375 0.10552741875 0.02635841875
2 0.0066646515625 0.066089509375 0.2208789984375 0.19574111249999998 0.2142687 0.065378915625 0.2778935734375 0.0127187765625 0.25003911562500003 0.014832043750000001 0.20106483593750002 0.0569196890625 0.210511971875 0.1743531484375 0.00986115 0.040496221875 0.0066646515625 0.066089509375
1 0.7403818671875 0.6948909828125001 0.752314775 0.70282458125 0.7422484500000001 0.5811971609375 0.7315242937499999 0.5743871390625 0.7403818671875 0.6948909828125001
1 0.8972650046874999 0.427494690625 0.72980594375 0.571275203125 0.7427098453125 0.5802444171875 0.9076174703125 0.43462115625 0.8972650046874999 0.427494690625
1 0.8837146234375 0.417129575 0.8365409343750001 0.45549706093750003 0.8482026703125 0.46726445156249996 0.8948796984375 0.4265700953125 0.8837146234375 0.417129575
1 0.8363094109375 0.45674106875 0.7616146734375 0.5238453390625 0.771271378125 0.53344865 0.8478009249999999 0.46700854375 0.8363094109375 0.45674106875
1 0.8890043343749999 0.101017 0.8765890375 0.1109540609375 0.8976278125 0.39768297812500003 0.9083585421875 0.3880643359375 0.8890043343749999 0.101017
1 0.8636918734375 0.118988065625 0.8756123171875 0.2668112078125 0.8857871171875 0.258782903125 0.8750585187500001 0.1095536328125 0.8636918734375 0.118988065625
0 0.8461174828125 0.137772375 0.833366640625 0.1387397578125 0.8354009 0.160557209375 0.8481517406249999 0.1595898265625 0.8461174828125 0.137772375
3 0.7449617421875 0.642606228125 0.7074596750000001 0.6454514390625 0.71359344375 0.71123618125 0.7510955109374999 0.7083909703125 0.7449617421875 0.642606228125
3 0.7342853359375 0.5323438625 0.6985787671875 0.5350528531250001 0.7045188390625 0.5987601828125 0.7402254078125 0.5960511921875 0.7342853359375 0.5323438625
3 0.76333496875 0.50804725625 0.7413120609375 0.50971809375 0.7429012453125 0.5267621124999999 0.7649241531250001 0.5250912765625 0.76333496875 0.50804725625
3 0.841108940625 0.4422194078125 0.8161122375 0.444115859375 0.8177151953124999 0.46130760468750004 0.8427118984374999 0.459411153125 0.841108940625 0.4422194078125
3 0.8793046484374999 0.36969620000000003 0.8378959703125 0.3728378 0.844175228125 0.4401829109375 0.8855839062499999 0.4370413125 0.8793046484374999 0.36969620000000003
3 0.860476175 0.1034835703125 0.8225252328125 0.10636283906249999 0.8287821093750001 0.1734678921875 0.8667330515625 0.170588625 0.860476175 0.1034835703125
3 0.8117212609375001 0.0810915984375 0.7863808890625 0.0830141234375 0.788269659375 0.10327120781250002 0.8136100328125 0.10134868281250001 0.8117212609375001 0.0810915984375
1 0.7597352171875 0.035060324999999996 0.7502820375 0.0480781875 0.8117283499999999 0.0869173484375 0.8225070578125001 0.0769724171875 0.7597352171875 0.035060324999999996
1 0.673031103125 0 0.7482284953125 0.0477876703125 0.7600381953124999 0.036794709375 0.705774890625 0 0.673031103125 0
1 0.7510968499999999 0.0450297671875 0.723876815625 0.0470949015625 0.72586028125 0.068367609375 0.7530803171875 0.0663024765625 0.7510968499999999 0.0450297671875
1 0.718097290625 0.7185041796875 0.7203467421874999 0.7372889484375 0.7496323796875 0.753150359375 0.7469659578125001 0.73414338125 0.718097290625 0.7185041796875
1 0.68811020625 0.7409583265624999 0.6906141765625 0.7629121609375 0.721853603125 0.757790728125 0.7179631078125001 0.7371852640625 0.68811020625 0.7409583265624999
5 0.9194168218750001 0.6011597265625 0.752400415625 0.6138309484375 0.76222908125 0.7192434984375 0.9292454890625 0.7065722765625 0.9194168218750001 0.6011597265625
5 0.8853194515625 0.5476083875 0.82013445 0.55255385 0.8215445703125 0.567677415625 0.8867295734375 0.562731953125 0.8853194515625 0.5476083875
5 0.8324612015625 0.3740544234375 0.7886889187499999 0.3773753453125 0.7902135375 0.39372689375 0.8339858203125001 0.3904059734375 0.8324612015625 0.3740544234375
5 0.7858537703125 0.39863240625 0.7220785140625 0.4034709140625 0.7239251015625 0.42327558437499996 0.7877003578124999 0.41843707500000005 0.7858537703125 0.39863240625
5 0.6858439015625 0.6808812625 0.6475843593749999 0.68378394375 0.6492604921875 0.7017604875 0.6875200359375 0.6988578078125001 0.6858439015625 0.6808812625
5 0.843777846875 0.2394915234375 0.781889265625 0.24418689374999997 0.7833768671875 0.260141425 0.8452654484375 0.25544605468750003 0.843777846875 0.2394915234375
5 0.635366784375 0.0021721046875 0.574831840625 0.006764778125 0.5763409625 0.0229501328125 0.63687590625 0.018357459375 0.635366784375 0.0021721046875
1 0.21941673750000001 0.0171553046875 0.202999178125 0.029955821875 0.2145768640625 0.0376476515625 0.23998252031249998 0.01559501875 0.21941673750000001 0.0171553046875
1 0.1960747625 0.0189262171875 0.1717437296875 0.0386703875 0.1821853234375 0.0490026421875 0.2126781484375 0.01766655 0.1960747625 0.0189262171875
1 0.18370837812500002 0.0454141890625 0.1727497546875 0.039725659375 0.1773666578125 0.1308535234375 0.1908034515625 0.1390458859375 0.18370837812500002 0.0454141890625
1 0.1915237546875 0.1384761140625 0.17794495 0.1318817390625 0.1812369125 0.16402154375 0.19422626875 0.17351334375 0.1915237546875 0.1384761140625
1 0.0349083625 0.10332763281249999 0.0376038203125 0.12443381406250001 0.22058360000000002 0.23616167500000002 0.21955945937500002 0.2188144328125 0.0349083625 0.10332763281249999
1 0.1523078234375 0.1597261546875 0.043504809374999995 0.08821943125000001 0.0443488859375 0.105317190625 0.15285421875 0.171563225 0.1523078234375 0.1597261546875
1 0.1048118375 0.055878893750000005 0.076883421875 0.057997770312499995 0.0784235375 0.0745155109375 0.10635195156249999 0.072396634375 0.1048118375 0.055878893750000005
3 0.240177846875 0.030369081250000002 0.1913697515625 0.034072059375000005 0.1979460125 0.10460253593749999 0.246754109375 0.10089955937499999 0.240177846875 0.030369081250000002
3 0.10512074375 0.090440334375 0.078574021875 0.09245438593750001 0.0815957109375 0.1248620265625 0.1081424328125 0.12284797656249999 0.10512074375 0.090440334375
3 0.05233520625 0.048758075 0.014047607812499998 0.0516628828125 0.0182478421875 0.0967104296875 0.056535440625 0.0938056203125 0.05233520625 0.048758075
3 0.2207785828125 0.138394275 0.1842514140625 0.141165521875 0.189328884375 0.195621440625 0.22585605156250002 0.19285019375 0.2207785828125 0.138394275
5 0.32372103281250003 0.09360969531249999 0.2645186859375 0.098101265625 0.2660656875 0.11469287187499999 0.32526803437499996 0.1102012984375 0.32372103281250003 0.09360969531249999
5 0.0205398515625 0.032243721875 0.0007853640625 0.0337424578125 0.0027681609375 0.1189314546875 0.02844100625 0.1169837046875 0.0205398515625 0.032243721875
5 0.308321053125 0.0104103015625 0.3096614421875 0.024786 0.36869546249999996 0.0203072 0.367355071875 0.0059315015625 0.308321053125 0.0104103015625
4 0.2653013609375 0.17346936875000002 0.2617405046875 0.135279134375 0.2251677484375 0.1380538390625 0.226906159375 0.13952496875 0.22546449218750003 0.141236434375 0.22561282187499998 0.142827271875 0.2241712390625 0.1445396625 0.224913059375 0.1524956921875 0.22665147343749997 0.153966821875 0.2276900390625 0.1651054484375 0.22942836562500002 0.16657565624999998 0.2301701859375 0.174531684375 0.2319086 0.176002815625 0.2653013609375 0.17346936875000002