0 0.2953128890625 0.7406256984375 0.2968746671875 0.7390633140625 0.3 0.7390633140625 0.3 0.631249534375 0.1265626671875 0.631249534375 0.1265626671875 0.7406256984375 0.2953128890625 0.7406256984375
0 0.35937511093749996 0.856249534375 0.360937778125 0.8546871515625 0.360937778125 0.7953128484375 0.260937778125 0.7953128484375 0.260937778125 0.8578119187500001 0.33593777812500003 0.8578119187500001 0.33750044375 0.856249534375 0.35 0.856249534375 0.3515626671875 0.8578119187500001 0.3531253328125 0.8578119187500001 0.3546871109375 0.856249534375 0.35937511093749996 0.856249534375
4 0.4656248890625 0.9109366859374999 0.4656248890625 0.8156256984375 0.4093751109375 0.8156256984375 0.4093751109375 0.91250093125 0.464062221875 0.91250093125 0.4656248890625 0.9109366859374999
4 0.6031253328124999 0.693750465625 0.6031253328124999 0.7953128484375 0.6468746671875001 0.7953128484375 0.6468746671875001 0.693750465625 0.6031253328124999 0.693750465625
0 0.868750221875 0.035936685937500004 0.868750221875 0.093750465625 0.89218755625 0.093750465625 0.89218755625 0.035936685937500004 0.868750221875 0.035936685937500004
0 0.518750221875 0.7640633140624999 0.518750221875 0.8187504656250001 0.54218755625 0.8187504656250001 0.54218755625 0.7640633140624999 0.518750221875 0.7640633140624999
5 0.7953128890625 0.6140633140625 0.7953128890625 0.7046871515625 0.9156248890625 0.7046871515625 0.9156248890625 0.6140633140625 0.7953128890625 0.6140633140625
4 0.8765626671875 0.23281191875 0.8765626671875 0.3593743015625 0.91718755625 0.3593743015625 0.91718755625 0.23281191875 0.8765626671875 0.23281191875
1 0.54218755625 0.8671880812499999 0.6 0.8671880812499999 0.6015626671875001 0.868750465625 0.6265626671875 0.868750465625 0.6281253328124999 0.8671880812499999 0.6281253328124999 0.8656256984375 0.6296871109375 0.8640633140625 0.6296871109375 0.856249534375 0.631249778125 0.8546871515625 0.631249778125 0.8187504656250001 0.6296871109375 0.81718808125 0.5203128890625 0.81718808125 0.5203128890625 0.8671880812499999 0.5265626671875 0.8671880812499999 0.5281253328125 0.868750465625 0.5296871109375 0.8671880812499999 0.535937778125 0.8671880812499999 0.5375004437500001 0.868750465625 0.5406248890625001 0.868750465625 0.54218755625 0.8671880812499999
3 0.5531253328125 0.8781247671875001 0.5484373328125 0.8734376156250001 0.5453128890625 0.8734376156250001 0.543750221875 0.8718752328124999 0.506249778125 0.8718752328124999 0.506249778125 0.91718808125 0.564062221875 0.91718808125 0.564062221875 0.881249534375 0.560937778125 0.881249534375 0.5593751109375 0.8796871515625 0.556249778125 0.8796871515625 0.5546871109375 0.8781247671875001 0.5531253328125 0.8781247671875001
4 0.4046871109375 0.625 0.4046871109375 0.7031247671874999 0.44218755625000006 0.7031247671874999 0.44218755625000006 0.625 0.4046871109375 0.625
0 0.010937778125 0.8734376156250001 0.010937778125 0.9140633140625001 0.04218755625 0.9140633140625001 0.04218755625 0.8734376156250001 0.010937778125 0.8734376156250001
5 0.35781244375 0.7843743015625 0.360937778125 0.781249534375 0.36250044375 0.781249534375 0.36250044375 0.7375009312499999 0.12968711093750002 0.7375009312499999 0.12968711093750002 0.7843743015625 0.35781244375 0.7843743015625