0 0.5734374640625 0.4328126765625 0.5734374640625 0.4531253515625 0.5890622484375 0.4531253515625 0.5890622484375 0.4328126765625 0.5734374640625 0.4328126765625
4 0.6375002875 0.7484373234375 0.6390622484375 0.7468753515625 0.640624784375 0.7468753515625 0.640624784375 0.7093753515625 0.6 0.7093753515625 0.6 0.7484373234375 0.6375002875 0.7484373234375
0 0.590624784375 0.5421873234375 0.590624784375 0.5218753515625 0.5203123921875 0.5218753515625 0.5203123921875 0.54375 0.5890622484375 0.54375 0.590624784375 0.5421873234375
0 0.8015625359375 0.3171873234375 0.8015625359375 0.3 0.8 0.2984373234375 0.8 0.2968753515625 0.73125014375 0.2968753515625 0.73125014375 0.31875 0.7328126796875 0.31875 0.734375215625 0.3171873234375 0.7546876078125 0.3171873234375 0.75625014375 0.31875 0.7984374640625 0.31875 0.8 0.3171873234375 0.8015625359375 0.3171873234375
0 0.73125014375 0.23125 0.73125014375 0.2515626765625 0.8 0.2515626765625 0.8 0.23125 0.73125014375 0.23125
0 0.5234374640625 0.4828126765625 0.5234374640625 0.5046873234375 0.575 0.5046873234375 0.5765625359375 0.5031253515625 0.578125071875 0.5031253515625 0.578125071875 0.4875 0.5765625359375 0.4859373234375 0.5765625359375 0.4828126765625 0.5234374640625 0.4828126765625
0 0.1640622484375 0.6953126765625 0.1640622484375 0.7296873234375 0.26562478437500003 0.7296873234375 0.26562478437500003 0.6953126765625 0.1640622484375 0.6953126765625
4 0.9765625359375001 0.26875 0.9765625359375001 0.3109373234375 0.9984374640624999 0.3109373234375 0.9984374640624999 0.26875 0.9765625359375001 0.26875
5 0.0015625359375000003 0.7640626765625 0.0015625359375000003 0.8453126765625001 0.1375002875 0.8453126765625001 0.1375002875 0.7640626765625 0.0015625359375000003 0.7640626765625
0 0.4046876078125 0.6 0.4046876078125 0.6234373234375 0.478125071875 0.6234373234375 0.478125071875 0.6 0.4046876078125 0.6
5 0.27031239218750003 0.3390626765625 0.27031239218750003 0.41875 0.521874928125 0.41875 0.521874928125 0.3390626765625 0.27031239218750003 0.3390626765625
1 0.44374985625 0.6890626765625 0.440624784375 0.6921873234375 0.4390622484375 0.6921873234375 0.4359377515625 0.6953126765625 0.434375215625 0.6953126765625 0.4296876078125 0.7 0.428125071875 0.7 0.4234374640625 0.7046873234375 0.421874928125 0.7046873234375 0.4203123921875 0.70625 0.41874985625 0.70625 0.4171873203125 0.7078126765625 0.415624784375 0.7078126765625 0.4125002875 0.7109373234375 0.4109377515625 0.7109373234375 0.409375215625 0.7125 0.4078126796875 0.7125 0.40625014375 0.7140626765625 0.40625014375 0.7156253515625 0.403125071875 0.71875 0.4 0.71875 0.39531239218750003 0.7234373234375 0.39374985625000003 0.7234373234375 0.3875002875 0.7296873234375 0.3859377515625 0.7296873234375 0.384375215625 0.73125 0.3828126796875 0.73125 0.378125071875 0.7359373234375 0.3765625359375 0.7359373234375 0.375 0.7375 0.3734374640625 0.7375 0.371874928125 0.7390626765625 0.3703123921875 0.7390626765625 0.365624784375 0.74375 0.3640622484375 0.74375 0.3453123921875 0.7625 0.34374985625 0.7625 0.3421873203125 0.7640626765625 0.3421873203125 0.7656253515625 0.340624784375 0.7671873234375 0.3375002875 0.7671873234375 0.3359377515625 0.76875 0.321874928125 0.76875 0.315624784375 0.775 0.3140622484375 0.775 0.3140622484375 0.7765626765625 0.309375215625 0.78125 0.3078126796875 0.78125 0.3015625359375 0.7875 0.3 0.7875 0.29374985625 0.79375 0.2921873203125 0.79375 0.2875002875 0.7984373234375 0.2859377515625 0.7984373234375 0.278125071875 0.80625 0.2765625359375 0.80625 0.275 0.8078126765625001 0.2734374640625 0.8078126765625001 0.27031239218750003 0.8109373234374999 0.26874985625000003 0.8109373234374999 0.26718732031250003 0.8125 0.26406224843750004 0.8125 0.2625002875 0.8140626765625001 0.2609377515625 0.8140626765625001 0.259375215625 0.8156253515625 0.2578126796875 0.8156253515625 0.25 0.8234373234374999 0.2484374640625 0.8234373234374999 0.246874928125 0.825 0.2453123921875 0.825 0.24374985625 0.8265626765625 0.24374985625 0.8281253515625 0.234375215625 0.8375 0.2328126796875 0.8375 0.23125014375 0.8390626765625001 0.23125014375 0.8406253515625 0.228125071875 0.84375 0.225 0.84375 0.2203123921875 0.8484373234374999 0.21874985625 0.8484373234374999 0.21562478437500002 0.8515626765625001 0.21406224843750002 0.8515626765625001 0.2109377515625 0.8546873234374999 0.209375215625 0.8546873234374999 0.2078126796875 0.85625 0.20625014375 0.85625 0.2015625359375 0.8609373234375 0.2 0.8609373234375 0.1984374640625 0.8625 0.19687492812500001 0.8625 0.19531239218750002 0.8640626765625001 0.190624784375 0.8640626765625001 0.1890622484375 0.8656253515625 0.1859377515625 0.8656253515625 0.184375215625 0.8671873234374999 0.18281267968749998 0.8671873234374999 0.17968760781249998 0.8703126765625001 0.17968760781249998 0.8718753515625 0.17812507187499999 0.8734373234374999 0.1765625359375 0.8734373234374999 0.1765625359375 0.89375 0.17812507187499999 0.8921873234375 0.18281267968749998 0.8921873234375 0.184375215625 0.8906253515625 0.1859377515625 0.8906253515625 0.190624784375 0.8859373234374999 0.19218732031250002 0.8859373234374999 0.2046876078125 0.8734373234374999 0.20625014375 0.8734373234374999 0.209375215625 0.8703126765625001 0.2109377515625 0.8703126765625001 0.2125002875 0.86875 0.21406224843750002 0.86875 0.21562478437500002 0.8671873234374999 0.21718732031250002 0.8671873234374999 0.2203123921875 0.8640626765625001 0.221874928125 0.8640626765625001 0.225 0.8609373234375 0.228125071875 0.8609373234375 0.2328126796875 0.85625 0.234375215625 0.85625 0.2359377515625 0.8546873234374999 0.2375002875 0.8546873234374999 0.2390622484375 0.8531253515625 0.240624784375 0.8531253515625 0.2453123921875 0.8484373234374999 0.2484374640625 0.8484373234374999 0.25 0.8468753515625 0.2515625359375 0.8468753515625 0.2578126796875 0.8406253515625 0.259375215625 0.8406253515625 0.259375215625 0.8390626765625001 0.2609377515625 0.8375 0.2625002875 0.8375 0.26562478437500003 0.8343753515625 0.26718732031250003 0.8343753515625 0.271874928125 0.8296873234375 0.2734374640625 0.8296873234375 0.2765625359375 0.8265626765625 0.278125071875 0.8265626765625 0.28125014375 0.8234373234374999 0.2828126796875 0.8234373234374999 0.284375215625 0.8218753515625 0.2859377515625 0.8218753515625 0.2890622484375 0.81875 0.290624784375 0.81875 0.29374985625 0.8156253515625 0.2953123921875 0.8156253515625 0.3 0.8109373234374999 0.3015625359375 0.8109373234374999 0.303125071875 0.8093753515625 0.3046876078125 0.8093753515625 0.3078126796875 0.80625 0.309375215625 0.80625 0.3109377515625 0.8046873234374999 0.3140622484375 0.8046873234374999 0.31874985625 0.8 0.3203123921875 0.8 0.3234374640625 0.7968753515625 0.325 0.7968753515625 0.340624784375 0.78125 0.3421873203125 0.78125 0.34374985625 0.7796873234375 0.3453123921875 0.7796873234375 0.35781267968749997 0.7671873234375 0.36250028749999996 0.7671873234375 0.3640622484375 0.7656253515625 0.3671873203125 0.7656253515625 0.36874985625 0.7640626765625 0.3703123921875 0.7640626765625 0.371874928125 0.7625 0.3734374640625 0.7625 0.375 0.7609373234375 0.3765625359375 0.7609373234375 0.3828126796875 0.7546873234375 0.384375215625 0.7546873234375 0.384375215625 0.7531253515625 0.38906224843750004 0.7484373234375 0.39374985625000003 0.7484373234375 0.39531239218750003 0.7468753515625 0.396874928125 0.7468753515625 0.3984374640625 0.7453126765625 0.3984374640625 0.74375 0.4 0.7421873234375 0.4015625359375 0.7421873234375 0.4078126796875 0.7359373234375 0.409375215625 0.7359373234375 0.415624784375 0.7296873234375 0.41874985625 0.7296873234375 0.4203123921875 0.7281253515625 0.421874928125 0.7281253515625 0.4265625359375 0.7234373234375 0.428125071875 0.7234373234375 0.434375215625 0.7171873234375 0.4359377515625 0.7171873234375 0.4375002875 0.7156253515625 0.4390622484375 0.7156253515625 0.45 0.7046873234375 0.4515625359375 0.7046873234375 0.4546876078125 0.7015626765625 0.4546876078125 0.7 0.4578126796875 0.6968753515625 0.459375215625 0.6968753515625 0.4609377515625 0.6953126765625 0.4640622484375 0.6953126765625 0.465624784375 0.69375 0.4671873203125 0.69375 0.4671873203125 0.6843753515625 0.465624784375 0.6828126765625 0.4609377515625 0.6828126765625 0.459375215625 0.68125 0.4578126796875 0.6828126765625 0.45625014375 0.6828126765625 0.453125071875 0.6859373234375 0.4515625359375 0.6859373234375 0.45 0.6875 0.446874928125 0.6875 0.4453123921875 0.6890626765625 0.44374985625 0.6890626765625
4 0.971874928125 0.35 0.971874928125 0.3890626765625 0.9984374640624999 0.3890626765625 0.9984374640624999 0.35 0.971874928125 0.35
4 0.4671873203125 0.8578126765625 0.4671873203125 0.8984373234374999 0.50625014375 0.8984373234374999 0.50625014375 0.8578126765625 0.4671873203125 0.8578126765625
4 0.553125071875 0.79375 0.5546876078125 0.7921873234375 0.55625014375 0.7921873234375 0.55625014375 0.75625 0.5171873203125 0.75625 0.5171873203125 0.79375 0.553125071875 0.79375
5 0.671874928125 0 0.671874928125 0.1265626765625 0.76874985625 0.1265626765625 0.76874985625 0.125 0.7671873203125 0.1234373234375 0.7671873203125 0.1109373234375 0.771874928125 0.10625 0.7765625359375 0.10625 0.778125071875 0.10468732343750001 0.7921873203125 0.10468732343750001 0.79374985625 0.10625 0.7953123921875 0.10625 0.7953123921875 0 0.671874928125 0
0 0.6671873203125 0.3859373234375 0.66874985625 0.3843753515625 0.66874985625 0.3531253515625 0.6703123921875 0.3515626765625 0.571874928125 0.3515626765625 0.571874928125 0.3859373234375 0.6671873203125 0.3859373234375
0 0.5046876078125 0.5671873234375 0.5046876078125 0.5484373234375 0.5015625359375 0.5484373234375 0.5 0.5468753515625 0.4375002875 0.5468753515625 0.4375002875 0.5671873234375 0.5046876078125 0.5671873234375
1 0.590624784375 0.5953126765625 0.5890622484375 0.5953126765625 0.5843752156249999 0.6 0.5828126796875 0.6 0.5765625359375 0.60625 0.575 0.60625 0.5734374640625 0.6078126765625 0.571874928125 0.6078126765625 0.5671873203125 0.6125 0.5640622484375 0.6125 0.5625002875 0.6140626765625 0.5625002875 0.6156253515625 0.559375215625 0.61875 0.553125071875 0.61875 0.546874928125 0.625 0.5453123921875 0.625 0.54374985625 0.6265626765625 0.54374985625 0.6281253515625 0.5406247843750001 0.63125 0.5390622484375001 0.63125 0.5375002875 0.6328126765625 0.5375002875 0.6343753515625 0.534375215625 0.6375 0.5328126796875 0.6375 0.53125014375 0.6390626765625 0.53125014375 0.6406253515625 0.5265625359375 0.6453126765625 0.525 0.6453126765625 0.525 0.6468753515625 0.5234374640625 0.6484373234375 0.5234374640625 0.6609373234375 0.5328126796875 0.6515626765625 0.534375215625 0.6515626765625 0.5375002875 0.6484373234375 0.5421873203125 0.6484373234375 0.54374985625 0.6468753515625 0.546874928125 0.6468753515625 0.5515625359375 0.6421873234375 0.553125071875 0.6421873234375 0.5546876078125 0.6406253515625 0.55625014375 0.6406253515625 0.559375215625 0.6375 0.5609377515625 0.6375 0.5625002875 0.6359373234375 0.565624784375 0.6359373234375 0.571874928125 0.6296873234375 0.5734374640625 0.6296873234375 0.575 0.6281253515625 0.5765625359375 0.6281253515625 0.58125014375 0.6234373234375 0.5828126796875 0.6234373234375 0.5890622484375 0.6171873234375 0.590624784375 0.6171873234375 0.5921873203125 0.6156253515625 0.59374985625 0.6156253515625 0.59374985625 0.6140626765625 0.5953123921875 0.6125 0.596874928125 0.6125 0.5984374640625 0.6109373234375 0.603125071875 0.6109373234375 0.609375215625 0.6046873234375 0.6109377515625 0.6046873234375 0.6125002875 0.6031253515625 0.6140622484375 0.6031253515625 0.6171873203125 0.6 0.61874985625 0.6 0.61874985625 0.58125 0.609375215625 0.58125 0.603125071875 0.5875 0.6015625359375 0.5875 0.6 0.5890626765625 0.6 0.5906253515625 0.596874928125 0.59375 0.5921873203125 0.59375 0.590624784375 0.5953126765625
1 0.8125002875 0.4406253515625 0.8109377515625 0.4421873234375 0.809375215625 0.4421873234375 0.8078126796875 0.44375 0.80625014375 0.44375 0.8046876078125 0.4453126765625 0.8046876078125 0.4468753515625 0.803125071875 0.4484373234375 0.8015625359375 0.4484373234375 0.7953123921875 0.4546873234375 0.79374985625 0.4546873234375 0.7921873203125 0.45625 0.7890622484375001 0.45625 0.7875002875 0.4578126765625 0.7875002875 0.4593753515625 0.784375215625 0.4625 0.78125014375 0.4625 0.7765625359375 0.4671873234375 0.775 0.4671873234375 0.7734374640625 0.46875 0.7703123921875 0.46875 0.76874985625 0.4703126765625 0.76874985625 0.4718753515625 0.765624784375 0.475 0.7640622484375 0.475 0.759375215625 0.4796873234375 0.7578126796875 0.4796873234375 0.75625014375 0.48125 0.753125071875 0.48125 0.746874928125 0.4875 0.7453123921875 0.4875 0.7390622484375 0.49375 0.7359377515625 0.49375 0.734375215625 0.4953126765625 0.7328126796875 0.4953126765625 0.7328126796875 0.4968753515625 0.7296876078125 0.5 0.728125071875 0.5 0.721874928125 0.50625 0.7203123921875 0.50625 0.71874985625 0.5078126765625 0.7171873203125 0.5078126765625 0.7171873203125 0.5265626765625 0.721874928125 0.5265626765625 0.725 0.5234373234375 0.7265625359375 0.5234373234375 0.728125071875 0.5218753515625 0.7296876078125 0.5218753515625 0.7296876078125 0.5203126765625 0.73125014375 0.51875 0.7328126796875 0.51875 0.734375215625 0.5171873234375 0.7359377515625 0.5171873234375 0.740624784375 0.5125 0.7421873203125 0.5125 0.74374985625 0.5109373234375 0.7453123921875 0.5109373234375 0.7515625359375 0.5046873234375 0.753125071875 0.5046873234375 0.7578126796875 0.5 0.759375215625 0.5 0.7609377515625 0.4984373234375 0.7640622484375 0.4984373234375 0.7703123921875 0.4921873234375 0.771874928125 0.4921873234375 0.778125071875 0.4859373234375 0.7828126796875 0.4859373234375 0.7890622484375001 0.4796873234375 0.7906247843750001 0.4796873234375 0.7921873203125 0.4781253515625 0.79374985625 0.4781253515625 0.796874928125 0.475 0.7984374640625 0.475 0.8 0.4734373234375 0.8015625359375 0.4734373234375 0.8078126796875 0.4671873234375 0.809375215625 0.4671873234375 0.8109377515625 0.4656253515625 0.8109377515625 0.4640626765625 0.8140622484375 0.4609373234375 0.815624784375 0.4609373234375 0.8171873203125 0.4593753515625 0.8171873203125 0.4578126765625 0.8203123921875 0.4546873234375 0.821874928125 0.4546873234375 0.8234374640625 0.4531253515625 0.825 0.4531253515625 0.8343752156249999 0.44375 0.8343752156249999 0.4406253515625 0.8359377515625 0.4390626765625 0.8359377515625 0.4328126765625 0.8328126796875001 0.4296873234375 0.83125014375 0.4296873234375 0.8296876078125001 0.43125 0.8265625359375001 0.43125 0.8203123921875 0.4375 0.81874985625 0.4375 0.8171873203125 0.4390626765625 0.815624784375 0.4390626765625 0.8140622484375 0.4406253515625 0.8125002875 0.4406253515625
4 0.796874928125 0.6375 0.796874928125 0.6781253515625 0.8343752156249999 0.6781253515625 0.8343752156249999 0.6375 0.796874928125 0.6375
5 0.8671873203124999 0.1078126765625 0.8671873203124999 0.1281253515625 0.8875002875 0.1281253515625 0.890624784375 0.125 0.8984374640624999 0.125 0.9015625359375001 0.1281253515625 0.996874928125 0.1281253515625 0.996874928125 0.1078126765625 0.8671873203124999 0.1078126765625
0 0.5734374640625 0.4593753515625 0.5734374640625 0.4781253515625 0.5921873203125 0.4781253515625 0.5921873203125 0.4640626765625 0.590624784375 0.4625 0.590624784375 0.4609373234375 0.5828126796875 0.4609373234375 0.58125014375 0.4593753515625 0.5734374640625 0.4593753515625
4 0.46874985625 0.8593753515625 0.46874985625 0.8468753515625 0.4671873203125 0.8453126765625001 0.4671873203125 0.81875 0.434375215625 0.81875 0.434375215625 0.8593753515625 0.46874985625 0.8593753515625
1 0.4890622484375 0.6671873234375 0.47968760781249997 0.6765626765625 0.478125071875 0.6765626765625 0.475 0.6796873234375 0.4734374640625 0.6796873234375 0.471874928125 0.68125 0.46874985625 0.68125 0.46874985625 0.7046873234375 0.4734374640625 0.7093753515625 0.4734374640625 0.7109373234375 0.475 0.7125 0.475 0.7140626765625 0.4765625359375 0.7156253515625 0.4765625359375 0.7171873234375 0.48125014374999997 0.7218753515625 0.48437521562499997 0.7218753515625 0.48593775156249996 0.7234373234375 0.503125071875 0.7234373234375 0.509375215625 0.7296873234375 0.5125002875 0.7296873234375 0.5140622484375 0.73125 0.515624784375 0.73125 0.51874985625 0.7343753515625 0.534375215625 0.7343753515625 0.534375215625 0.73125 0.5359377515625 0.7296873234375 0.5359377515625 0.7140626765625 0.534375215625 0.7125 0.534375215625 0.7109373234375 0.5328126796875 0.7093753515625 0.53125014375 0.7093753515625 0.5296876078125 0.7078126765625 0.525 0.7078126765625 0.5234374640625 0.70625 0.5203123921875 0.70625 0.515624784375 0.7015626765625 0.515624784375 0.7 0.5109377515625 0.6953126765625 0.5109377515625 0.6906253515625 0.509375215625 0.6890626765625 0.509375215625 0.6859373234375 0.50625014375 0.6828126765625 0.50625014375 0.6765626765625 0.509375215625 0.6734373234375 0.509375215625 0.6718753515625 0.5140622484375 0.6671873234375 0.515624784375 0.6671873234375 0.515624784375 0.6656253515625 0.5171873203125 0.6640626765625 0.5171873203125 0.6625 0.51874985625 0.6609373234375 0.51874985625 0.6546873234375 0.515624784375 0.6515626765625 0.5109377515625 0.65625 0.509375215625 0.65625 0.503125071875 0.6625 0.4984374640625 0.6625 0.496874928125 0.6640626765625 0.49374985625 0.6640626765625 0.490624784375 0.6671873234375 0.4890622484375 0.6671873234375
5 0.5796876078125 0.4015626765625 0.58125014375 0.4031253515625 0.8015625359375 0.4031253515625 0.8015625359375 0.3828126765625 0.578125071875 0.3828126765625 0.578125071875 0.4015626765625 0.5796876078125 0.4015626765625
5 0.4515625359375 0.8078126765625001 0.4515625359375 0.80625 0.453125071875 0.8046873234374999 0.453125071875 0.7781253515625 0.3703123921875 0.7781253515625 0.3703123921875 0.8078126765625001 0.4515625359375 0.8078126765625001
2 0.415624784375 0.675 0.409375215625 0.68125 0.4078126796875 0.68125 0.4015625359375 0.6875 0.396874928125 0.6875 0.39531239218750003 0.6890626765625 0.38906224843750004 0.6890626765625 0.3828126796875 0.6953126765625 0.3828126796875 0.6968753515625 0.38125014375 0.6984373234375 0.3796876078125 0.6984373234375 0.378125071875 0.7 0.3765625359375 0.7 0.375 0.7015626765625 0.3734374640625 0.7015626765625 0.371874928125 0.7031253515625 0.3703123921875 0.7031253515625 0.3671873203125 0.70625 0.36250028749999996 0.70625 0.36093775156249996 0.7078126765625 0.35937521562499997 0.7078126765625 0.353125071875 0.7140626765625 0.3515625359375 0.7140626765625 0.346874928125 0.71875 0.3453123921875 0.71875 0.3390622484375 0.725 0.3375002875 0.725 0.3359377515625 0.7265626765625 0.334375215625 0.7265626765625 0.3296876078125 0.73125 0.328125071875 0.73125 0.3265625359375 0.7328126765625 0.325 0.7328126765625 0.3234374640625 0.7343753515625 0.321874928125 0.7343753515625 0.3203123921875 0.7359373234375 0.31874985625 0.7359373234375 0.3171873203125 0.7375 0.3140622484375 0.7375 0.3125002875 0.7390626765625 0.3125002875 0.7406253515625 0.309375215625 0.74375 0.3078126796875 0.74375 0.3015625359375 0.75 0.2984374640625 0.75 0.2921873203125 0.75625 0.290624784375 0.75625 0.2890622484375 0.7578126765625 0.2875002875 0.7578126765625 0.2828126796875 0.7625 0.28125014375 0.7625 0.2765625359375 0.7671873234375 0.275 0.7671873234375 0.271874928125 0.7703126765625 0.27031239218750003 0.7703126765625 0.26718732031250003 0.7734373234375 0.26562478437500003 0.7734373234375 0.26406224843750004 0.775 0.2609377515625 0.775 0.259375215625 0.7765626765625 0.2578126796875 0.7765626765625 0.253125071875 0.78125 0.2515625359375 0.78125 0.24374985625 0.7890626765625 0.2421873203125 0.7890626765625 0.2390622484375 0.7921873234375 0.2390622484375 0.79375 0.2328126796875 0.8 0.23125014375 0.8 0.2296876078125 0.8015626765625001 0.228125071875 0.8015626765625001 0.2265625359375 0.8031253515625 0.225 0.8031253515625 0.2234374640625 0.8046873234374999 0.221874928125 0.8046873234374999 0.2203123921875 0.80625 0.21874985625 0.80625 0.21718732031250002 0.8078126765625001 0.21562478437500002 0.8078126765625001 0.2109377515625 0.8125 0.209375215625 0.8125 0.2046876078125 0.8171873234374999 0.203125071875 0.8171873234374999 0.2015625359375 0.81875 0.1984374640625 0.81875 0.19218732031250002 0.825 0.190624784375 0.825 0.1890622484375 0.8265626765625 0.1875002875 0.8265626765625 0.184375215625 0.8296873234375 0.18281267968749998 0.8296873234375 0.18125014374999998 0.83125 0.17968760781249998 0.83125 0.17812507187499999 0.8328126765625001 0.171874928125 0.8328126765625001 0.165624784375 0.8390626765625001 0.165624784375 0.8406253515625 0.1640622484375 0.8421873234374999 0.1640622484375 0.84375 0.1625002875 0.8453126765625001 0.1625002875 0.8468753515625 0.1609377515625 0.8484373234374999 0.1609377515625 0.85 0.159375215625 0.8515626765625001 0.159375215625 0.8578126765625 0.1609377515625 0.8578126765625 0.1625002875 0.85625 0.1734374640625 0.85625 0.175 0.8546873234374999 0.1765625359375 0.8546873234374999 0.18281267968749998 0.8484373234374999 0.184375215625 0.8484373234374999 0.190624784375 0.8421873234374999 0.19218732031250002 0.8421873234374999 0.1984374640625 0.8359373234374999 0.2015625359375 0.8359373234374999 0.2078126796875 0.8296873234375 0.209375215625 0.8296873234375 0.2109377515625 0.8281253515625 0.2125002875 0.8281253515625 0.2203123921875 0.8203126765625001 0.221874928125 0.8203126765625001 0.2234374640625 0.81875 0.225 0.81875 0.2265625359375 0.8171873234374999 0.228125071875 0.8171873234374999 0.2296876078125 0.8156253515625 0.23125014375 0.8156253515625 0.234375215625 0.8125 0.2359377515625 0.8125 0.2375002875 0.8109373234374999 0.240624784375 0.8109373234374999 0.246874928125 0.8046873234374999 0.2484374640625 0.8046873234374999 0.25 0.8031253515625 0.2515625359375 0.8031253515625 0.2625002875 0.7921873234375 0.26562478437500003 0.7921873234375 0.27031239218750003 0.7875 0.271874928125 0.7875 0.2734374640625 0.7859373234375 0.275 0.7859373234375 0.2796876078125 0.78125 0.28125014375 0.78125 0.2828126796875 0.7796873234375 0.284375215625 0.7796873234375 0.2859377515625 0.7781253515625 0.2875002875 0.7781253515625 0.2890622484375 0.7765626765625 0.290624784375 0.7765626765625 0.2953123921875 0.7718753515625 0.296874928125 0.7718753515625 0.3015625359375 0.7671873234375 0.303125071875 0.7671873234375 0.3078126796875 0.7625 0.309375215625 0.7625 0.3109377515625 0.7609373234375 0.3140622484375 0.7609373234375 0.315624784375 0.7593753515625 0.3171873203125 0.7593753515625 0.321874928125 0.7546873234375 0.3234374640625 0.7546873234375 0.328125071875 0.75 0.3296876078125 0.75 0.33125014375 0.7484373234375 0.3328126796875 0.7484373234375 0.3390622484375 0.7421873234375 0.340624784375 0.7421873234375 0.3421873203125 0.7406253515625 0.34374985625 0.7406253515625 0.346874928125 0.7375 0.3484374640625 0.7375 0.35 0.7359373234375 0.3515625359375 0.7359373234375 0.35781267968749997 0.7296873234375 0.35937521562499997 0.7296873234375 0.365624784375 0.7234373234375 0.36874985625 0.7234373234375 0.38125014375 0.7109373234375 0.3828126796875 0.7109373234375 0.38906224843750004 0.7046873234375 0.39218732031250003 0.7046873234375 0.39374985625000003 0.7031253515625 0.39531239218750003 0.7031253515625 0.4 0.6984373234375 0.4015625359375 0.6984373234375 0.4078126796875 0.6921873234375 0.409375215625 0.6921873234375 0.4109377515625 0.6906253515625 0.4140622484375 0.6906253515625 0.4171873203125 0.6875 0.41874985625 0.6875 0.4203123921875 0.6859373234375 0.4234374640625 0.6859373234375 0.425 0.6843753515625 0.4265625359375 0.6843753515625 0.43125014375 0.6796873234375 0.4328126796875 0.6796873234375 0.434375215625 0.6781253515625 0.4359377515625 0.6781253515625 0.440624784375 0.6734373234375 0.4421873203125 0.6734373234375 0.44374985625 0.6718753515625 0.44374985625 0.6703126765625 0.446874928125 0.6671873234375 0.4484374640625 0.6671873234375 0.45 0.6656253515625 0.45 0.6593753515625 0.4375002875 0.6593753515625 0.434375215625 0.6625 0.4328126796875 0.6625 0.43125014375 0.6640626765625 0.4296876078125 0.6640626765625 0.425 0.66875 0.4234374640625 0.66875 0.4171873203125 0.675 0.415624784375 0.675
5 0.628125071875 0.5953126765625 0.628125071875 0.6109373234375 0.690624784375 0.6109373234375 0.690624784375 0.5953126765625 0.628125071875 0.5953126765625
0 0.4953123921875 0.1781253515625 0.4953123921875 0.2218753515625 0.565624784375 0.2218753515625 0.565624784375 0.2203126765625 0.5671873203125 0.21875 0.5671873203125 0.2171873234375 0.56874985625 0.2156253515625 0.56874985625 0.1781253515625 0.4953123921875 0.1781253515625
5 0.0390622484375 0.8671873234374999 0.0390622484375 0.9015626765625001 0.11406224843749999 0.9015626765625001 0.11406224843749999 0.8671873234374999 0.0390622484375 0.8671873234374999
0 0.5484374640625 0.6906253515625 0.5484374640625 0.6703126765625 0.5296876078125 0.6703126765625 0.5296876078125 0.6921873234375 0.546874928125 0.6921873234375 0.5484374640625 0.6906253515625
3 0.8453123921874999 0.1890626765625 0.8453123921874999 0.1796873234375 0.846874928125 0.1781253515625 0.846874928125 0.1328126765625 0.8234374640625 0.1328126765625 0.8234374640625 0.1890626765625 0.8453123921874999 0.1890626765625
0 0.6875002875 0.175 0.6875002875 0.1968753515625 0.7578126796875 0.1968753515625 0.7578126796875 0.175 0.6875002875 0.175
1 0.784375215625 0.5578126765625 0.784375215625 0.5453126765625 0.7296876078125 0.5453126765625 0.7296876078125 0.5593753515625 0.7828126796875 0.5593753515625 0.784375215625 0.5578126765625
0 0.8640622484374999 0.4218753515625 0.8640622484374999 0.4031253515625 0.8515625359375001 0.4031253515625 0.8515625359375001 0.4234373234375 0.8625002875 0.4234373234375 0.8640622484374999 0.4218753515625
0 0.8859377515625001 0.1859373234375 0.8859377515625001 0.2031253515625 0.8984374640624999 0.2031253515625 0.8984374640624999 0.1859373234375 0.8859377515625001 0.1859373234375
0 0.8296876078125001 0.325 0.8296876078125001 0.3218753515625 0.83125014375 0.3203126765625 0.83125014375 0.3046873234375 0.8171873203125 0.3046873234375 0.8171873203125 0.325 0.8296876078125001 0.325
5 0.165624784375 0.725 0.165624784375 0.74375 0.296874928125 0.74375 0.296874928125 0.725 0.165624784375 0.725