0 0.992327684375 0.41044963125 0.9807899109375 0.3610515859375 0.8506668062499999 0.39712412656249996 0.8680237359375 0.471436425 0.9918623953125 0.43710604999999997 0.992327684375 0.41044963125
4 0.24512486562500002 0.526237 0.25716845 0.5778006359375001 0.350551946875 0.5519129984375 0.3392168078125 0.5033825171874999 0.3373313875 0.502290415625 0.3369771640625 0.5007738374999999 0.24512486562500002 0.526237
3 0.4830781453125 0.5959130109374999 0.4643043203125 0.515534403125 0.40766174375 0.5312367765625 0.42643556718750003 0.6116153859375 0.4830781453125 0.5959130109374999
4 0.2749847109375 0.43076145937500004 0.273099290625 0.42966935937499995 0.25472883125 0.4347619921875 0.2703146453125 0.5014914046875 0.34073539531249997 0.48196946562500004 0.3251495796875 0.41524005312499995 0.2884086609375 0.42542531875 0.287231684375 0.4273663703125 0.2749847109375 0.43076145937500004
0 0.22604937500000002 0.3329077875 0.24901212031250003 0.32654208749999997 0.239802321875 0.28711107187499996 0.23791689843750002 0.2860189703125 0.21648535156249998 0.29196019375 0.22604937500000002 0.3329077875
0 0.5892204984375 0.233844784375 0.572217790625 0.1610490625 0.39616788125 0.20985336562499998 0.41317059062499994 0.28264908593750004 0.5892204984375 0.233844784375
0 0.5957473484375 0.31761848125 0.6233023828124999 0.30997971406249997 0.613738359375 0.269032121875 0.6099688249999999 0.26684755625 0.5854748796875 0.27363773125 0.5957473484375 0.31761848125
0 0.9647048234375 0.6480962515625001 0.9689555000000001 0.66629518125 0.97272634375 0.66847938125 0.9742562328125001 0.66805526875 0.9799125 0.6713315703125 0.9814423890624999 0.6709074562499999 0.9833278125 0.671999559375 0.9877838765625 0.67076425625 0.988520275 0.6285759671875 0.9878961828125 0.6287489765625 0.9860107625 0.6276568765625 0.9844795609375 0.6280813546874999 0.9825954515624999 0.6269888890625 0.9810642515625 0.627413365625 0.97540929375 0.6241367015625 0.9677546093749999 0.6262587203125001 0.966577634375 0.6281997765625 0.96941141875 0.640332396875 0.9647048234375 0.6480962515625001
0 0.48923026875 0.44080392812499997 0.46626621406249996 0.44716999062499996 0.47583023593749996 0.488117584375 0.5018553812500001 0.4809029296875 0.4997300421875 0.47180346718750005 0.49784462031250004 0.47071136406249997 0.49111438124999995 0.4418963921875 0.48923026875 0.44080392812499997
0 0.335011859375 0.7645269406249999 0.325802059375 0.725095925 0.3013081125 0.7318861015625 0.3105179125 0.7713171187500001 0.335011859375 0.7645269406249999
2 0.8698043015625 0 0.86904409375 0.0012541125 0.8675128937500001 0.0016785906249999999 0.8628062984374999 0.00944244375 0.8612751015625 0.0098669203125 0.8542158640625 0.0215125203125 0.8526846640624999 0.0219369984375 0.8530388859375 0.023453574999999997 0.8424487218750001 0.0409223390625 0.8428029453124999 0.042438915625000004 0.838096353125 0.0502027703125 0.8384505750000001 0.051719346875 0.83609793125 0.0556010921875 0.834566734375 0.05602556875 0.829860140625 0.0637894234375 0.8283289406250001 0.0642139015625 0.8271519656249999 0.0661549546875 0.825620765625 0.06657943125 0.8232681234375001 0.0704611765625 0.8236223468749999 0.07197775468749999 0.8200927281249999 0.07780055625 0.8185615296875 0.07822503125 0.817384553125 0.08016608593749999 0.8158546640625 0.08059019843750001 0.8123237375000001 0.08641336250000001 0.8107938453125 0.0868374765625 0.8049102781249999 0.096542384375 0.8033790765625 0.0969668625 0.8037333 0.098483440625 0.79902670625 0.10624729375 0.7993809296875 0.107763871875 0.7923216937500001 0.1194094703125 0.7907904953125 0.119833946875 0.7872608765625 0.12565674843750002 0.7857296765624999 0.12608122500000002 0.7845527015625 0.128022278125 0.7814916125 0.12887086875 0.776783709375 0.1366350859375 0.77525381875 0.1370592015625 0.77407684375 0.139000253125 0.774431065625 0.14051683125 0.773254090625 0.1424578875 0.7717242 0.1428820015625 0.7693702499999999 0.1467641078125 0.76783905 0.1471885859375 0.7681932734375 0.14870516250000002 0.7670176078125001 0.1506458546875 0.765486409375 0.15107033125 0.76430943125 0.1530113875 0.7646636531250001 0.1545279640625 0.7623110140625 0.158409709375 0.7607798125 0.15883418437500002 0.7596028375 0.16077524062499998 0.7565417484375 0.16162383125 0.7553647734375 0.16356488281249998 0.753833575 0.1639893609375 0.7526565984375 0.16593041718749998 0.7511254 0.1663548921875 0.7487727578125 0.1702366375 0.7491269796875 0.171753215625 0.7420677437500001 0.183398815625 0.74053654375 0.1838232921875 0.7393595671875001 0.185764346875 0.7378283703124999 0.1861888234375 0.7366527031250001 0.188129515625 0.7351215046874999 0.1885539921875 0.7354757265625 0.19007056875 0.7342987515625 0.1920116234375 0.732767553125 0.1924361015625 0.7315918859375 0.19437679218749998 0.7300606859375 0.19480126874999998 0.7288837109374999 0.19674232187500001 0.7273525125 0.1971668 0.72382289375 0.2029896 0.7222916953125 0.20341407656250002 0.7175851 0.21117793125 0.7160552109375 0.2116020453125 0.7148782359375 0.21354309843750002 0.7133470375 0.21396757656249998 0.7098174187499999 0.21979037343750002 0.70828621875 0.22021485156249998 0.7047566 0.226037653125 0.703225403125 0.22646212812500002 0.7008714484375 0.2303442375 0.6993415609375 0.2307683515625 0.699695784375 0.23228492968749997 0.69851880625 0.2342259828125 0.6969876078125 0.234650459375 0.6911053468749999 0.24435500625 0.6895741484375 0.24477948125000001 0.683690578125 0.254484390625 0.6821593796875 0.2549088671875 0.682513603125 0.2564254453125 0.6813379359375 0.25836613750000004 0.6798067375 0.2587906140625 0.6774527859374999 0.26267272343750003 0.6778070078125 0.2641893 0.67663003125 0.2661303546875 0.67510014375 0.26655446718750003 0.668039596875 0.27820043125 0.6665097078125 0.27862454375 0.66415575625 0.282506653125 0.66109466875 0.28335524375 0.659917690625 0.2852962984375 0.6553254046875 0.2865693640625 0.6529714515625 0.2904514734375 0.6536798984375001 0.2934846296875 0.652502921875 0.29542568281250003 0.652857146875 0.2969422609375 0.65168016875 0.29888331562500003 0.639433196875 0.302278403125 0.637549084375 0.30118594062500004 0.6344866859375 0.30203489375000003 0.6326012640625 0.3009427921875 0.6314255984375 0.302883484375 0.6324882671875 0.30743321562500003 0.631311290625 0.30937427031250003 0.633436628125 0.3184737359375 0.632259653125 0.320414790625 0.6326138765625 0.32193136875 0.630261234375 0.3258131125 0.6287300359375 0.326237590625 0.6228464640625 0.3359425 0.621316575 0.3363666125 0.6107264125 0.353835375 0.611080634375 0.355351953125 0.6099036578125 0.35729300625 0.6102578828125 0.358809584375 0.6008446937499999 0.37433729375 0.59931349375 0.3747617703125 0.5934299249999999 0.3844666796875 0.593784146875 0.38598325624999996 0.59260848125 0.3879239484375 0.592962703125 0.38944052500000004 0.588256109375 0.39720438125 0.5821326234375 0.398901925 0.580955646875 0.4008429765625 0.5763633593749999 0.4021160453125 0.575186384375 0.4040570984375 0.57212529375 0.404905690625 0.56977134375 0.4087878 0.5682401453125 0.40921227499999996 0.565887503125 0.41309402031250003 0.5643563015625 0.4135184984375 0.5631793265625 0.41545955156250003 0.5616494375000001 0.41588366718750003 0.5581185093750001 0.42170683125 0.5565886203125 0.42213094375000004 0.5554116453125 0.42407199687499997 0.55388044375 0.4244964734375 0.5503508265625 0.430319275 0.548819628125 0.43074375 0.544113034375 0.43850760468749994 0.5444672578125 0.4400241828125 0.5385836875 0.4497290921875 0.538937909375 0.45124566875000005 0.5377622453125 0.45318635937499996 0.53623104375 0.45361083750000003 0.53505406875 0.45555189062499996 0.5335228703125 0.45597636875 0.528816275 0.463740221875 0.5272863875 0.4641643359375 0.526109409375 0.46610538906250004 0.5245782109375 0.4665298671875 0.5249324343749999 0.46804644531250006 0.523755459375 0.4699874984375 0.5222255687499999 0.4704116140625 0.5175176640625 0.4781758296875 0.5159877765625 0.4785999421875 0.5136338234375 0.48248205312500003 0.512103934375 0.48290616562500005 0.494453225 0.5120208921875 0.4929220234375 0.51244536875 0.488216740625 0.520208859375 0.4866855421875 0.5206333359374999 0.48315592343749997 0.5264561375000001 0.4816247234375 0.5268806125000001 0.48044775 0.52882166875 0.47891654843750003 0.5292461453125 0.4777408828125 0.5311868359374999 0.476209684375 0.5316113109375 0.4715030890625 0.53937516875 0.46844069218750006 0.540224121875 0.467263715625 0.5421651734374999 0.46573382499999993 0.5425892890624999 0.46455685156250004 0.5445303421875 0.46491107343750004 0.54604691875 0.46255843125 0.549928665625 0.4610272328125 0.55035314375 0.45985025625000003 0.5522941984374999 0.45678916875000003 0.5531427859375 0.44972862343750003 0.5647887515625001 0.4500828453125 0.566305328125 0.4477302015625 0.5701870734375001 0.4461990046875 0.57061155 0.442668075 0.5764347140625 0.43960698750000005 0.577283303125 0.43772156406249996 0.5761912046875 0.43619167656249996 0.5766153171874999 0.43242083124999997 0.5744311140625 0.43915106875000004 0.6032460890625 0.44527455624999995 0.6015485453125 0.44645153125 0.599607490625 0.45410621874999996 0.59748546875 0.4552818828125 0.5955447781250001 0.4614053703125 0.5938472328125 0.462582346875 0.5919061796875 0.46717463437499995 0.5906331125000001 0.468351609375 0.5886920578125 0.46988280937500004 0.5882675796875 0.47576506875 0.5785630359375 0.47505662343750005 0.57552988125 0.47623360000000003 0.5735888265625 0.47517093125 0.5690390937500001 0.47634790625 0.5670980390625 0.47563945937499996 0.564064884375 0.48270000625 0.552418921875 0.48729229375000005 0.5511458546875 0.48846927031250004 0.5492047984374999 0.48999915937500005 0.5487806859375 0.48964493593749997 0.5472641078125 0.4919988875 0.543382 0.49353008750000005 0.542957521875 0.49588272968749997 0.5390757765624999 0.497413928125 0.5386513015625 0.5009435453125 0.5328285 0.50247474375 0.5324040234375 0.5060043624999999 0.5265812234375 0.5075355625 0.5261567453125 0.51106518125 0.5203339484375 0.5125963796875 0.5199094703125 0.51377335625 0.517968415625 0.5153032453125 0.5175443015625001 0.5164802203125001 0.5156032484375 0.5180114203125 0.5151787718749999 0.5227180140625001 0.5074149171875 0.524247903125 0.506990803125 0.52777883125 0.5011676390625001 0.52931003125 0.5007431625 0.535192290625 0.4910386171875 0.536723490625 0.49061413906249995 0.5402531078125 0.484791340625 0.5417843078125 0.4843668640625 0.5453139265625 0.47854406406249994 0.5468451234375 0.4781195875 0.5491977671875 0.47423784218750004 0.5507289640625 0.473813365625 0.5503747421875 0.4722967859375 0.5515517187500001 0.470355734375 0.5530829171875 0.46993125625000004 0.5589664875 0.46022634843750004 0.5604963765625001 0.459802234375 0.5640273046875001 0.4539790703125 0.56555719375 0.4535549578125 0.5667341703125001 0.4516139015625 0.5713264578125 0.4503408359375 0.572503434375 0.44839978125 0.574034634375 0.4479753046875 0.5752103 0.4460346125 0.5767414984375 0.4456101375 0.5779184749999999 0.4436690828125 0.5794496734375 0.44324460468750004 0.5806266484375 0.4413035515625 0.5799182015625 0.43827039687499997 0.5810938703125 0.436329703125 0.580739646875 0.4348131265625 0.581916621875 0.432872071875 0.5815623984375 0.43135549375000004 0.5827393734374999 0.4294144421875 0.584270575 0.4289899640625 0.5878001937499999 0.4231671640625 0.5893313906250001 0.4227426875 0.5905070578125 0.42080199531250007 0.5935694546875 0.419953040625 0.5947451218750001 0.41801235156249994 0.5962763203125 0.417587875 0.5986302718750001 0.41370576562499994 0.5982760500000001 0.4121891875 0.599451715625 0.4102484984375 0.5987432703125 0.4072153421875 0.604626840625 0.3975104328125 0.6061580390625 0.39708595468749996 0.6073350140625 0.395144903125 0.6165195890625 0.39259876875 0.6184050125 0.3936908671875 0.6214661 0.39284227656250004 0.6226430765625001 0.3909012234375 0.6222888546875 0.3893846453125 0.6246428046875 0.3855025359375 0.62428858125 0.3839859578125 0.628995178125 0.3762221046875 0.630526375 0.375797628125 0.6317020421875 0.3738569375 0.6313478171875 0.372340359375 0.6337017703125001 0.3684582515625 0.6352329703125 0.3680337734375 0.6364086359375001 0.3660930828125 0.6360544140625 0.36457650625000004 0.6384083656249999 0.3606943953125 0.6399395640625001 0.36026991875 0.6395853406249999 0.3587533421875 0.6431149578124999 0.35293054218750003 0.6446448484375 0.352506428125 0.6458218234374999 0.3505653734375 0.6454676 0.349048796875 0.646644578125 0.3471077421875 0.6481757765625 0.34668326562499996 0.6528823703125 0.3389194125 0.6544135703125 0.338494934375 0.655589234375 0.33655424375 0.6571204359375 0.336129765625 0.6582974109374999 0.3341887140625 0.6598273 0.3337645984375 0.6704174640625 0.3162958359375 0.670063240625 0.3147792578125 0.6747698375 0.3070154046875 0.676301034375 0.306590928125 0.6774780109375 0.30464987187500003 0.6790092109375 0.3042253953125 0.682538828125 0.2984025953125 0.6840687156249999 0.29797848125000004 0.68524569375 0.296037428125 0.688308090625 0.295188475 0.6930146859375 0.2874246203125 0.694545884375 0.28700014218750003 0.698075503125 0.28117734375 0.6996067 0.28075286718750003 0.70078236875 0.278812175 0.702313565625 0.2783876984375 0.7034905421875 0.27644664375 0.7050217421875 0.2760221671875 0.7085513609375 0.2701993671875 0.71008125 0.26977525468749997 0.7147891546875 0.262011034375 0.71631904375 0.261586921875 0.7186729953125 0.2577048140625 0.72020419375 0.2572803359375 0.7237338125 0.2514575375 0.7252650109375 0.251033059375 0.7335012234375 0.23744640625 0.7350311125 0.23702229218749998 0.7362080875 0.23508123906249997 0.735853865625 0.2335646609375 0.7370308421875 0.23162360468749998 0.738562040625 0.23119912812500001 0.739739015625 0.229258075 0.7428001046875 0.22840948437500003 0.7439770796875 0.2264684296875 0.74550828125 0.22604395312499997 0.747860921875 0.22216220781249998 0.7493921218749999 0.22173773125000001 0.750569096875 0.2197966765625 0.7536301859375001 0.21894808437500002 0.7548071609375 0.21700703125 0.7563383625 0.21658255468749998 0.758691003125 0.21270080937500002 0.760222203125 0.2122763328125 0.7625748437500001 0.2083945875 0.76410604375 0.2079701109375 0.7637518203125 0.20645353281249998 0.7649287953125 0.204512478125 0.7679898828125 0.2036638875 0.7691668609375 0.201722834375 0.770698059375 0.2012983578125 0.7777572953125 0.18965275625 0.779288496875 0.1892282796875 0.780465471875 0.187287225 0.78199666875 0.18686275000000002 0.7843493125000001 0.182981003125 0.7839950890625 0.1814644265625 0.7863477328124999 0.17758268125 0.785993509375 0.17606610312499998 0.787170484375 0.1741250484375 0.7868162625 0.17260847031249998 0.7879932375 0.170667415625 0.7876390140625 0.1691508390625 0.789992965625 0.16526873125 0.7915228546875 0.16484461718750001 0.79269983125 0.1629035625 0.79423103125 0.1624790859375 0.798937625 0.15471523125 0.8004688234374999 0.1542907546875 0.806351084375 0.144586209375 0.8059968625 0.14306963125 0.8083508140625 0.13918752343750002 0.8098807015625 0.13876340781250002 0.8157642718749999 0.1290585015625 0.8172954718750001 0.1286340234375 0.8169412484375 0.1271174453125 0.8181182234375 0.125176390625 0.8196494234375 0.12475191562500001 0.82435601875 0.11698805937500001 0.8258859078125 0.1165639453125 0.8270628828125 0.11462289218749999 0.82859408125 0.114198415625 0.838007271875 0.09867070624999999 0.83953846875 0.09824622968749999 0.8407141359375 0.0963055390625 0.8403599125 0.0947889609375 0.8415368890625 0.09284790625 0.8430680875000001 0.0924234296875 0.8489516578125 0.0827185203125 0.8504815484374999 0.0822944078125 0.854012475 0.0764712453125 0.8555423640625 0.0760471328125 0.856719340625 0.0741060765625 0.8582505406250001 0.0736815984375 0.8617801578125001 0.0678588 0.86331135625 0.06743432187500001 0.8691949265625001 0.0577294140625 0.8707248140624999 0.0573053 0.8742557453125 0.051482137500000004 0.8757856343749999 0.05105802499999999 0.876962609375 0.049116968750000004 0.878493809375 0.048692493749999996 0.8796707859374999 0.0467514390625 0.8812006734375 0.0463273265625 0.8835546265625001 0.042445215625 0.8850845156249999 0.0420211015625 0.8921450609375 0.030375140625 0.8917908375 0.0288585609375 0.894144790625 0.024976453125 0.8956746796875 0.024552340625 0.89920560625 0.018729176562499998 0.8948310812500001 0 0.8698043015625 0
5 0.9673672718749999 0.36638736562499996 0.9599285875 0.3345392359375 0.8466434328125001 0.365943984375 0.8540821171875 0.3977921140625 0.9673672718749999 0.36638736562499996
5 0.319155115625 0.23604705781250002 0.31029953906249996 0.1981326203125 0.2016079828125 0.2282639375 0.210463559375 0.266178375 0.319155115625 0.23604705781250002
5 0.41528910156250004 0.6825259328125 0.40395396406249995 0.6339954515625 0.28760771875 0.666248790625 0.2989428578125 0.714779271875 0.41528910156250004 0.6825259328125
5 0.36237953125 0.63744678125 0.36202530781250003 0.6359302046875001 0.3632022828125 0.6339891515625 0.3624938375 0.630955996875 0.363669503125 0.629015303125 0.35835615625 0.6062666421875 0.3564720453125 0.605174178125 0.3561178203125 0.6036576 0.1127082515625 0.6711352515625 0.1212096046875 0.7075331109375 0.3340017421875 0.64854318125 0.335177409375 0.6466024906250001 0.3596726640625 0.63981195 0.36084833125000004 0.637871259375 0.36237953125 0.63744678125
1 0.8274102781250001 0.5069168515625 0.8255248578125001 0.50582475 0.8251706343749999 0.504308171875 0.8214010984375 0.5021236078125 0.8210468750000001 0.5006070312500001 0.809735653125 0.49405406249999995 0.80938143125 0.4925374859375 0.7943006718750001 0.48379995468750003 0.79394645 0.4822833765625 0.79241525 0.48270785156249996 0.7905311390625 0.4816153890625 0.7889999390625 0.482039865625 0.78523040625 0.4798553015625 0.7836992046875 0.480279778125 0.7818137843749999 0.479187678125 0.780282584375 0.479612153125 0.778398471875 0.47851969062500005 0.775336075 0.47936864375 0.7734506515625 0.47827654218750004 0.7719207625 0.47870065781250004 0.770035340625 0.47760855468749996 0.7685041406249999 0.47803303281250004 0.76661871875 0.47694093281249994 0.7650888296875 0.477365046875 0.7632034078125 0.4762729453125 0.761672209375 0.47669742187499997 0.7597867859375 0.475605321875 0.7582555875 0.4760297984375 0.7450602515625 0.46838436562499997 0.7435303625 0.46880847968749995 0.7359899828125 0.4644397140625 0.7344587859375 0.46486419218749997 0.7269184046875 0.46049542499999996 0.7253872078125 0.46091990312500003 0.723501784375 0.45982780156249997 0.7231475609375 0.4583112234375 0.719378028125 0.4561266578125 0.717846828125 0.45655113593749996 0.7140772937500001 0.45436657187499996 0.7137230703124999 0.45284999531250003 0.6986423125 0.44411246249999997 0.6971111140625 0.4445369390625 0.695225690625 0.44344483749999997 0.6936944921875 0.4438693140625 0.6842686921875 0.438408446875 0.6839144687500001 0.4368918703125 0.6820303562500001 0.43579940625 0.6804991578124999 0.4362238828125 0.6767296218750001 0.43403932031250003 0.6751984249999999 0.4344637953125 0.673313 0.4333716953125 0.672958778125 0.43185511875 0.6691879328125 0.42967091718750006 0.6688337109375 0.4281543390625 0.6669495984375 0.427061875 0.666241153125 0.4240287203125 0.6643557296875 0.42293661875 0.6629388390625001 0.41687030781249995 0.6399760921875 0.4232360078125 0.638799115625 0.4251770625 0.6311444296875 0.42729908437499997 0.6336239921875 0.4379151265625 0.6355094140624999 0.43900722812500004 0.6379889750000001 0.4496232703125 0.636812 0.4515643234375 0.6400000078125 0.465213521875 0.6418854281249999 0.46630562343750004 0.6422396515625 0.4678222015625 0.6437708515625 0.4673977234375 0.6456549640625 0.46849018593749997 0.6502485609375 0.46721675625000003 0.6521339828125 0.4683088578125 0.653663871875 0.4678847453125 0.6555492953125001 0.46897684531249995 0.65708049375 0.46855236875 0.6589659171875 0.46964446875 0.663558203125 0.4683714 0.6654436265625 0.46946350312499996 0.6730970000000001 0.46734184531249995 0.6749824234374999 0.46843394375 0.6765136218750001 0.46800946874999994 0.6783977343750001 0.46910193125 0.6799289328125 0.46867745625 0.6818143562500001 0.46976955625 0.6833455546875 0.46934508125 0.6852309765625 0.4704371796875 0.6867608656249999 0.47001306718749997 0.690531709375 0.4721972671875 0.6920615984375 0.471773153125 0.6939470234375 0.47286525468749996 0.6954782203125001 0.472440778125 0.6973636421875 0.473532878125 0.6988948421875001 0.4731084 0.7045498 0.47638506718749996 0.704904021875 0.4779016453125 0.7067894421875 0.47899374375 0.7071436671875 0.4805103234375 0.7086735546875 0.480086209375 0.7124444000000001 0.48227041093749995 0.7170366875 0.48099734375000003 0.7189221109374999 0.48208944374999996 0.7204533093750001 0.48166496875 0.722337421875 0.4827574296875 0.7238686203125 0.4823329546875 0.7314089984375001 0.48670172031250003 0.7317632234375 0.48821829687499996 0.7355340671875 0.4904024984375 0.7358882906249999 0.4919190765625 0.7396578234375 0.494103640625 0.740012046875 0.49562021874999995 0.7513232703125 0.5021731859375 0.7528531593750001 0.5017490718750001 0.75473858125 0.5028411734375 0.7562697796875 0.502416696875 0.760039315625 0.5046012609375 0.7615705140625 0.504176784375 0.7653400484375 0.5063613484375 0.769933646875 0.5050879171875 0.7755886015625 0.508364584375 0.777119803125 0.50794010625 0.7846601796875 0.5123088734375 0.7861913796875 0.5118843953125001 0.7899609140625 0.5140689609375 0.7914921125000001 0.5136444859375 0.7952616484374999 0.5158290484375 0.7956158703125 0.517345625 0.8088125156249999 0.5249906921874999 0.8091667375 0.526507271875 0.8110508515625 0.5275997359375 0.811405075 0.5291163125 0.8251832468750001 0.5252967484375 0.8287128640624999 0.519473946875 0.82800441875 0.5164407921875 0.8291813937500001 0.5144997390625 0.8274102781250001 0.5069168515625
5 0.5109829265625 0.178024503125 0.5035442421874999 0.146176375 0.3917902859375 0.177156646875 0.39922896875 0.209004775 0.5109829265625 0.178024503125
1 0.3381049984375 0.4148781203125 0.337750775 0.41336154062499997 0.33892644375000003 0.4114208515625 0.3357384359375 0.397771653125 0.33385432187499997 0.396679190625 0.32889519843750004 0.3754471046875 0.330070865625 0.3735064125 0.3297166421875 0.371989834375 0.32783252812499997 0.370897371875 0.322164959375 0.3466321296875 0.32334062812500003 0.344691440625 0.321923734375 0.338625128125 0.320039621875 0.33753266718749997 0.31933117499999997 0.3344995109375 0.31744575468749997 0.333407409375 0.31709153125 0.3318908328125 0.315206109375 0.33079873125 0.3144976640625 0.3277655765625 0.31261355 0.32667311250000003 0.312259328125 0.3251565359375 0.310728128125 0.3255810125 0.3088427078125 0.3244889109375 0.308488484375 0.3229723328125 0.3047189484375 0.32078776875 0.30318775 0.32121224531250003 0.3013023265625 0.3201201453125 0.2982412390625 0.3209687359375 0.2963558171875 0.319876634375 0.28870113124999996 0.3219986546875 0.3028700546875 0.3826617578125 0.304755475 0.38375385781250004 0.3097145984375 0.40498594218750006 0.31159871093749997 0.4060784078125 0.31230715781249996 0.40911156249999997 0.31419258125 0.4102036625 0.31490102656249996 0.4132368171875 0.3167864484375 0.41432891875 0.318203340625 0.420395228125 0.3200887625 0.4214873296875 0.3207972078125 0.42452048593749997 0.32268263125 0.42561258437499994 0.32516219375 0.436228628125 0.323985215625 0.4381696828125 0.32433943906249996 0.439686259375 0.3396475 0.4354425796875 0.336813715625 0.42330996093750006 0.3379906921875 0.42136890625 0.33692802187500004 0.4168191734375 0.3381049984375 0.4148781203125
1 0.5769301718750001 0.5650511640625 0.5708053734375 0.566749071875 0.5689212625 0.5656566078124999 0.5566742890625 0.5690516953125 0.5554973140625 0.5709927515625 0.5493738265625 0.5726902953125 0.5578751796875 0.60908815625 0.687999596875 0.5730152515625 0.6802066890625 0.5396505453125 0.6745517328124999 0.5363738796875 0.5781058375 0.5631104734375 0.5769301718750001 0.5650511640625
5 0.728847184375 0.1337762328125 0.6002539687499999 0.1694246609375 0.6094637671875 0.20885567656249998 0.7334646953124999 0.174480315625 0.7358173375 0.170598571875 0.7351088921875 0.1675654171875 0.73628586875 0.1656243609375 0.728847184375 0.1337762328125
4 0.8599438765625 0.15072136249999998 0.856414259375 0.1565441625 0.8709374046875 0.218723840625 0.9428880421875 0.1987777875 0.926239559375 0.127498646875 0.8619436046875 0.145322678125 0.8595896546875 0.1492047859375 0.8599438765625 0.15072136249999998
1 0.55786598125 0.392710890625 0.5563360921875 0.393135003125 0.550679825 0.3898587 0.5503256015625 0.3883421234375 0.5484414906249999 0.3872496609375 0.5473788203125001 0.3826999265625 0.545847621875 0.38312440312499996 0.540192665625 0.3798477375 0.538661465625 0.380272215625 0.534890621875 0.3780880140625 0.5345364 0.3765714375 0.5307668640625 0.3743868734375 0.529235665625 0.3748113484375 0.525464821875 0.37262714531249996 0.52393493125 0.37305126093749996 0.5220495078125 0.37195916093750003 0.5216952859374999 0.37044258281250003 0.5198098640625 0.3693504828125 0.518279975 0.36977459687500003 0.5107395953125 0.3654058296875 0.509208396875 0.36583030625 0.4997825953125 0.360369440625 0.49825139687500003 0.360793915625 0.4888255953125 0.3553330484375 0.48729570625 0.3557571625 0.48352486250000004 0.35357296250000003 0.481994975 0.353997075 0.47445459375 0.349628309375 0.4729233953125 0.3500527875 0.4521863703125 0.3380389515625 0.4506564828125 0.338463065625 0.43557572499999997 0.32972553437499996 0.434044525 0.3301500109375 0.4114233890625 0.3170437140625 0.41106916718750003 0.3155271359375 0.40918374375 0.31443503437500003 0.396936771875 0.31783012187500004 0.3957611046875 0.3197708140625 0.39422990625 0.32019529062499996 0.39883480625 0.3399108 0.40072022656249995 0.3410028984375 0.403781315625 0.340154309375 0.4056667390625 0.341246409375 0.4071979375 0.3408219328125 0.4298190734375 0.35392823125 0.4313489625 0.3535041171875 0.444545609375 0.361149184375 0.4460754984375 0.360725071875 0.44984634218749997 0.3629092734375 0.45137754062499996 0.3624847953125 0.45326165312500005 0.3635772609375 0.453615875 0.3650938375 0.47058205624999994 0.3749234703125 0.47211325625 0.37449899375 0.4871940125 0.383236525 0.4887252109375 0.3828120484375 0.492494746875 0.38499661406249996 0.49284896875 0.3865131921875 0.49438016874999996 0.3860887140625 0.501920546875 0.3904574796875 0.5034517468749999 0.390033003125 0.5072212796875 0.39221756874999997 0.5087524812499999 0.391793090625 0.5125220140625 0.3939776546875 0.5140532140625 0.3935531796875 0.5159386359375 0.394645278125 0.5174698328125 0.39422080312499996 0.519353946875 0.395313265625 0.520885146875 0.3948887890625 0.524655990625 0.397072990625 0.5261858796875 0.396648878125 0.5280713015625 0.397740978125 0.5296025015625 0.3973165015625 0.5352574578125 0.40059316718750004 0.5367886578125 0.400168690625 0.5386740796875 0.40126079062500003 0.54020396875 0.40083667656250005 0.545860234375 0.404112978125 0.5473901234375 0.40368886562500006 0.5492755453125 0.4047809640625 0.5523379421875 0.4039320109375 0.5542220546875 0.4050244765625 0.558815653125 0.4037510453125 0.5599913203125 0.40181035468750004 0.56305371875 0.4009614 0.561636825 0.3948950890625 0.55786598125 0.392710890625
3 0.4373959796875 0.42126308593750006 0.41826793437500004 0.33936789843750004 0.358562959375 0.355919225 0.3776910046875 0.4378144125 0.4373959796875 0.42126308593750006
1 0.7749613484375 0.2404858625 0.776137015625 0.23854517031250003 0.7776682140625 0.2381206953125 0.7788451890625 0.2361796390625 0.7803763906250001 0.2357551625 0.7827290296875 0.2318734171875 0.78426023125 0.231448940625 0.78543720625 0.2295078859375 0.7869670953125001 0.22908377343750003 0.788144071875 0.22714271875 0.7896752703125001 0.22671824218749997 0.793204890625 0.22089544062500002 0.792850665625 0.21937886406249998 0.7952033078125 0.21549711718750003 0.7948490859375 0.213980540625 0.80190963125 0.20233457812500003 0.8034408296875 0.2019101 0.8046178062499999 0.199969046875 0.8061476953125 0.19954493281250002 0.8073246703124999 0.197603878125 0.8103870703125 0.196754925 0.8186232828125 0.1831682703125 0.8201531703124999 0.1827441578125 0.8260367421874999 0.17303924843750002 0.8275679406249999 0.17261477187500002 0.8322745359375 0.1648509171875 0.833805734375 0.1644264421875 0.838512328125 0.156662584375 0.8400435281249999 0.156238109375 0.8447488109375 0.14847461875 0.8462800109374999 0.148050140625 0.8509866046875001 0.1402862875 0.8525178046875 0.1398618109375 0.85369478125 0.13792075625 0.8552259781249999 0.1374962796875 0.8587555968749999 0.1316734796875 0.8602867953125 0.1312490015625 0.868523009375 0.11766234843750001 0.8700528984375 0.117238234375 0.8747608015624999 0.10947401718750001 0.8762906906250001 0.1090499046875 0.877467665625 0.10710884843749999 0.8789988671875 0.10668437187499999 0.883705459375 0.0989205171875 0.8867665484374999 0.098071928125 0.8879435234375 0.0961308734375 0.889474725 0.0957063953125 0.8906516999999999 0.09376534375 0.8921815890625 0.093341228125 0.8957112078125 0.0875184296875 0.89724240625 0.08709395156250001 0.905479928125 0.073506934375 0.9085410171875001 0.07265834374999999 0.90971799375 0.070717290625 0.9127790828125001 0.0698686984375 0.9014439421875 0.0213382171875 0.89685165625 0.022611284375 0.8956746796875 0.024552340625 0.894144790625 0.024976453125 0.8917908375 0.0288585609375 0.8902596390624999 0.0292830390625 0.8879069968750001 0.033164784375 0.88826121875 0.0346813625 0.8870842437500001 0.0366224171875 0.8874384671875 0.03813899375 0.8850845156249999 0.0420211015625 0.8835546265625001 0.042445215625 0.8788480328125001 0.050209071875 0.8773168328125 0.050633546875000005 0.87613985625 0.052574601562500003 0.8746099671875 0.052998714062499994 0.8710790390625001 0.058821878125000004 0.8695491499999999 0.0592459921875 0.8601346515625 0.0747740640625 0.8586047625000001 0.075198178125 0.8574277875 0.07713923125 0.8577820109375001 0.078655809375 0.8554293671875 0.0825375546875 0.8538981703124999 0.08296203125 0.8527211921875001 0.0849030859375 0.85118999375 0.0853275640625 0.8417768046875 0.10085527187500001 0.840246915625 0.10127938437499999 0.8225962062500001 0.1303941109375 0.821066315625 0.130818225 0.816359721875 0.1385820796875 0.8148285234375001 0.13900655625 0.8136515453125 0.140947609375 0.8140057687500001 0.1424641875 0.8057695578124999 0.1560508421875 0.804238359375 0.15647531875 0.8045925828125 0.1579918953125 0.80341560625 0.1599329515625 0.8018857171875 0.1603570640625 0.7960021453125 0.1700619734375 0.794470946875 0.1704864484375 0.7909413296875 0.17630925 0.7912955515625 0.17782582656249998 0.77599879375 0.2030584453125 0.776353015625 0.20457502343749998 0.774000375 0.20845676875 0.772469175 0.20888124375 0.7677625796875 0.2166450984375 0.7662313828125 0.21706957500000001 0.76505440625 0.21901063125000003 0.765408628125 0.22052720781250001 0.7583493921875 0.2321728078125 0.75681819375 0.232597284375 0.762131540625 0.255345946875 0.7636627390624999 0.2549214703125 0.769545 0.24521692499999997 0.7710761984375 0.2447924484375 0.77343015 0.2409103375 0.7749613484375 0.2404858625
4 0.7544369140625 0.38989056875 0.742189940625 0.393285659375 0.7410129640625 0.3952267109375 0.7348894765625 0.3969242546875 0.746224615625 0.4454547375 0.8334846265625 0.42126464218750004 0.8221494874999999 0.3727341609375 0.8183799515624999 0.370549596875 0.7556138890625 0.387949515625 0.7544369140625 0.38989056875