5 0.2058704140625 0.29466546562499996 0.13577385 0.40191577343749996 0.1751328640625 0.410712290625 0.23680945625 0.2958341109375 0.2058704140625 0.29466546562499996
0 0.158896109375 0.31612838125 0.1604586984375 0.3159180375 0.1622310078125 0.3172656359375 0.16691877500000002 0.3166346015625 0.1686912265625 0.3179832625 0.18275453125000002 0.31609016093750003 0.1845269828125 0.317438821875 0.190777340625 0.3165974421875 0.19213006562499998 0.314828090625 0.196817834375 0.3141970578125 0.19952343125 0.31065941874999997 0.19931356875 0.3091004125 0.200666296875 0.3073310640625 0.20045657656250002 0.30577311875 0.20180930312499998 0.30400376875 0.20138972187499998 0.3008868203125 0.20274245 0.2991174703125 0.2023228671875 0.2960005203125 0.20055041562499998 0.294651859375 0.20034069687499997 0.293093915625 0.195023484375 0.2890489953125 0.188773128125 0.28989037500000003 0.1870006765625 0.2885417140625 0.14637335468749998 0.2940106765625 0.14366775625 0.29754831406250004 0.1421051671875 0.2977586578125 0.14231503125 0.299317665625 0.139609434375 0.302855303125 0.1380468453125 0.30306565 0.1366941171875 0.3048349984375 0.138162725 0.3157448515625 0.1397253140625 0.3155345078125 0.141497765625 0.31688316875 0.15712365781249998 0.3147797203125 0.158896109375 0.31612838125
4 0.31346422500000004 0.495263846875 0.43065842343750005 0.479487990625 0.4235249625 0.42649560624999994 0.30633076406250004 0.44227146250000005 0.31346422500000004 0.495263846875
4 0.398282078125 0.16806345312499998 0.39807221406250004 0.1665044453125 0.39942508593750004 0.164736159375 0.39921522187499997 0.16317715156249998 0.4005680921875 0.1614088640625 0.395742403125 0.1255602296875 0.294174096875 0.1392326390625 0.3002585328125 0.18443211875 0.301821121875 0.18422177343749999 0.30359357343750004 0.1855704375 0.394223753125 0.173370440625 0.398282078125 0.16806345312499998
4 0.540515540625 0.302841878125 0.6420838468750001 0.2891694703125 0.6366287140625 0.24864488125 0.5350604078125001 0.26231728906249996 0.540515540625 0.302841878125
0 0.6306071484375 0.1775406203125 0.669672259375 0.153949465625 0.63818755625 0.14101156406249998 0.5985155078125 0.16330179843749998 0.6306071484375 0.1775406203125
0 0.7171839375 0.239332059375 0.774259890625 0.2401676796875 0.78586194375 0.21641137187499998 0.7353381640625 0.21474787968750003 0.73463413125 0.2157478 0.7171839375 0.239332059375
0 0.7401176703125001 0.1611598609375 0.7920570312499999 0.147524628125 0.7838209109375 0.1283129703125 0.729595275 0.140716346875 0.7401176703125001 0.1611598609375
0 0.7078205515625 0 0.8023598015625 0.1932487234375 0.43887584375 0.0406498609375 0.2792464625 0.031935776562500004 0.272416534375 0.050588921875000005 0.4181344125 0.057562660937499996 0.8071323765624999 0.2180662546875 0.8427805921875 0.2074847765625 0.753455284375 0 0.7078205515625 0
1 0.3186612765625 0.1033282984375 0.7276727984375 0.2810358953125 0.7653886453125 0.25604885624999996 0.34285674843749997 0.0901936890625 0.3186612765625 0.1033282984375
1 0.0205268640625 0.5346558640625 0.0806653640625 0.5010582343750001 0.0758478296875 0.492604375 0.218053425 0.41831153906249996 0.18652972968749998 0.417780275 0.05501836718749999 0.49216556562499997 0.04237428125 0.486114321875 0.0060413953125000005 0.51919624375 0.0061312109375 0.5269149921875 0.0205268640625 0.5346558640625
5 0.218754878125 0.6506375703125 0.3863049328125 0.3480915765625 0.33079794375 0.34375005937499997 0.1552925125 0.6496157453125 0.218754878125 0.6506375703125