3 0.1162079640625 0.2717115109375 0.205259140625 0.2758540828125 0.2071310453125 0.21159926406250001 0.11807986875000001 0.207456690625 0.1162079640625 0.2717115109375
4 0.277882125 0.1637463703125 0.348794265625 0.1670451328125 0.3510501328125 0.089610440625 0.2801379921875 0.086311678125 0.277882125 0.1637463703125
0 0.1237103109375 0.6944068484375 0.11833458906250001 0.8789332968749999 0.1974917453125 0.882615609375 0.20291547968749998 0.6964410890625 0.1254073265625 0.6928354875 0.1237103109375 0.6944068484375
0 0.40869621250000004 0.491541203125 0.41039319374999994 0.489971015625 0.4111131765625 0.4652569921875 0.363288746875 0.4630322484375 0.36247277499999997 0.491041240625 0.3640737984375 0.492764846875 0.4069512171875 0.49475946249999997 0.4086482 0.49318927500000004 0.40869621250000004 0.491541203125
0 0.4574293390625 0.292533353125 0.457381328125 0.2941814234375 0.45568431093750006 0.2957527859375 0.45021259999999996 0.483574203125 0.531018759375 0.487333225 0.5366824875 0.292920696875 0.4608233359375 0.28939180468750003 0.4574293390625 0.292533353125
0 0.464982028125 0.089960703125 0.46426204687499995 0.1146747265625 0.5054887953125 0.11659255312500001 0.507187478125 0.11502126875 0.5078594468750001 0.0919553171875 0.464982028125 0.089960703125
4 0.2629092546875 0.05416383125 0.2051908046875 0.0514788265625 0.20226293437499998 0.1519806453125 0.25338536718750004 0.15435881093749998 0.25508238437499997 0.15278745 0.2600293953125 0.15301757968750002 0.2629092546875 0.05416383125
4 0.2390821328125 0.645330234375 0.23932212812500003 0.6370922265625001 0.24101910937499998 0.635522040625 0.24125910312499999 0.62728403125 0.2396581125 0.6255592484375 0.24057004218750003 0.5942564640625 0.24226705937499998 0.5926851015625 0.2424110265625 0.5877432359375 0.2408100359375 0.5860184562499999 0.24100201718749997 0.57942851875 0.186581575 0.576896934375 0.18389373281250002 0.6691595703125001 0.2383141734375 0.67169115625 0.24001115624999997 0.6701209687499999 0.24068312500000003 0.647055015625 0.2390821328125 0.645330234375
0 0.2749713453125 0.3203417125 0.2755953015625 0.29892383125 0.229419878125 0.296775796875 0.22865191718750003 0.32313671875 0.24184560937500002 0.3237504765625 0.24354262499999998 0.32217911250000003 0.27157735 0.323483259375 0.2749713453125 0.3203417125
5 0.5011039375 0.21042655156249998 0.575314084375 0.213878734375 0.5788179 0.0936071046875 0.5046077515625 0.090154921875 0.5011039375 0.21042655156249998
1 0.2921692 0.410229978125 0.297116209375 0.41046010781250003 0.298813190625 0.4088899203125 0.29886120312500003 0.40724185 0.3056491984375 0.400958753125 0.3072982 0.40103546406249996 0.308995215625 0.3994641 0.31064422187499996 0.3995408109375 0.319130896875 0.3916864296875 0.31917887500000003 0.390039534375 0.33105788281250004 0.37904352812500003 0.3311058953125 0.37739545625000004 0.3395908703125 0.369542175 0.339638884375 0.3678941015625 0.3447315640625 0.3631812671875 0.3447795421875 0.3615343734375 0.3481735390625 0.358392825 0.3482215515625 0.3567447515625 0.360100559375 0.3457487453125 0.36014853750000003 0.34410184843749997 0.3669365671875 0.3378175765625 0.3669845453125 0.33617068125 0.3737742046875 0.3298876625 0.37382221875 0.3282395890625 0.385701225 0.3172435828125 0.3857492390625 0.3155955109375 0.3891432359375 0.31245396406250003 0.3891912140625 0.3108070671875 0.3908882296875 0.3092357046875 0.39253723281249997 0.3093124140625 0.39423421406250003 0.307742228125 0.3942822265625 0.30609415625 0.4010718875 0.2998111375 0.40111990156250005 0.2981630671875 0.40790789375000003 0.29187996875 0.4079559078125 0.29023189843749997 0.41474390312500004 0.28394880312500004 0.41479188125000005 0.2823019046875 0.4232785578125 0.2744475234375 0.42332657031250004 0.272799453125 0.42502355156249993 0.271229265625 0.4251195421875 0.2679342984375 0.426816559375 0.2663629359375 0.42691254843750004 0.2630679671875 0.42531155624999994 0.2613431859375 0.4253595359375 0.2596962890625 0.4237585453125 0.2579715078125 0.4039688390625 0.2570509109375 0.40227182343749995 0.25862227187500003 0.40222384531250005 0.26026916875 0.3988298484375 0.26341071562499996 0.398781834375 0.2650587875 0.39708481875 0.26663015 0.397036840625 0.2682770484375 0.3834591515625 0.2808443375 0.3834111734375 0.282491234375 0.38171415625 0.2840625953125 0.3800651546875 0.2839858859375 0.3783681734375 0.2855560734375 0.3783201609375 0.28720414375000003 0.371532165625 0.29348723906249996 0.371484153125 0.29513531249999997 0.36299747656250003 0.30298969375 0.3629494984375 0.3046365890625 0.34767649375 0.31877414375 0.34762848125 0.320422215625 0.3459315 0.32199240156250003 0.3442824953125 0.3219156921875 0.34258548125 0.3234870546875 0.34253750312500003 0.32513395156249997 0.334050825 0.33298833125 0.3340028140625 0.3346364046875 0.3323058296875 0.3362065890625 0.330656828125 0.336129878125 0.330608815625 0.3377779515625 0.32382082031250004 0.3440610484375 0.32377280937499997 0.3457091203125 0.322075825 0.3472793046875 0.32202781406250003 0.348927378125 0.31523982031250003 0.3552104734375 0.3151918078125 0.35685854687499996 0.3134931578125 0.3584286546875 0.313445146875 0.360076728125 0.31005114843750003 0.36321827500000003 0.3100031703125 0.3648651703125 0.3083061546875 0.3664365328125 0.30825814218750003 0.36808460625 0.30656116093749997 0.3696547921875 0.3065131484375 0.37130286562500003 0.3014221703125 0.37601459843749996 0.3013741578125 0.3776626703125 0.2945861625 0.383945765625 0.29453815 0.3855938390625 0.29284116875 0.387164025 0.29279315625 0.388812096875 0.28770047656250003 0.393524928125 0.28755650781250003 0.39846679375 0.2858594921875 0.40003815625000005 0.2858115140625 0.4016850515625 0.2874125046875 0.403409834375 0.28726850000000004 0.408352871875 0.290472184375 0.411801340625 0.2921692 0.410229978125
2 0.1240519234375 0.2291814140625 0.12361994843749999 0.2440093578125 0.125220940625 0.2457341390625 0.125028959375 0.252324075 0.12333194218750002 0.2538954375 0.12493296875 0.2556190453125 0.12488495468750001 0.2572671171875 0.12648598125 0.2589907234375 0.1264379671875 0.26063879375 0.12803899218749998 0.2623624015625 0.1296879953125 0.2624391109375 0.13449266875000002 0.267612359375 0.13614167500000002 0.26768906718749996 0.1377426640625 0.26941385 0.141040671875 0.2695672703125 0.14264169531249998 0.27129087812499997 0.14758870625 0.2715210078125 0.14918969531249998 0.2732457890625 0.1508387 0.2733224984375 0.1572427296875 0.280219275 0.15719471875 0.2818673484375 0.1587957421875 0.2835909515625 0.1586997515625 0.286885921875 0.160302409375 0.28861078125 0.16025443125 0.29025767812500003 0.1714614703125 0.302327625 0.1714134578125 0.3039756953125 0.1794184796875 0.3125972546875 0.17932248906249998 0.3158922234375 0.1841271625 0.3210654703125 0.18407918437499998 0.322712365625 0.185680175 0.3244371484375 0.18563219687500002 0.32608404375 0.18728119999999998 0.3261607546875 0.1888821921875 0.32788553593750003 0.18883421250000001 0.32953243125 0.195238209375 0.336430384375 0.19519023124999998 0.3380772796875 0.1983922484375 0.34152566875 0.19834423437499998 0.343173740625 0.20314724218750002 0.3483469125 0.2030992640625 0.3499938078125 0.2095049625 0.3568906609375 0.20945695 0.358538734375 0.21425995625 0.363711903125 0.21421197812499998 0.3653588 0.21581296718749998 0.3670835828125 0.21576498906250002 0.3687304765625 0.2221689875 0.3756284296875 0.22212100937499998 0.377275325 0.22852504062499998 0.38417210156250003 0.228477028125 0.3858201734375 0.23488272812500002 0.392717028125 0.2347867359375 0.3960119953125 0.23638772812500003 0.39773677812499997 0.23633975000000002 0.399383675 0.23794074062499998 0.4011084578125 0.237892728125 0.402756528125 0.2410947421875 0.40620491562499994 0.24104676406249997 0.4078518125 0.2458497703125 0.4130249828125 0.247498775 0.41310169375 0.2490997984375 0.41482530000000006 0.250748803125 0.414902009375 0.253950784375 0.41835157343749996 0.25390280625 0.41999846874999996 0.2587058125 0.425171640625 0.258657834375 0.426818534375 0.26026049218749997 0.42854339531249996 0.2600685109375 0.43513333281250005 0.2616695015625 0.4368581140625 0.2616215234375 0.43850500937500003 0.2632705265625 0.4385817203125 0.26487151875000003 0.44030650312499997 0.2698185265625 0.4405366328125 0.2714195515625 0.4422602390625 0.27306855625000004 0.4423369484375 0.2746695453125 0.44406172968749996 0.27631855 0.4441384390625 0.277919540625 0.44586322031250003 0.2778715625 0.44751011875 0.279472553125 0.4492349 0.2793285828125 0.4541767640625 0.2809295734375 0.455901546875 0.2805935890625 0.4674345234375 0.2837956046875 0.4708829109375 0.28544460781250003 0.47095962187499996 0.29505232187499997 0.48130486406250006 0.2967013265625 0.4813815734375 0.322319084375 0.5089699328124999 0.3222710734375 0.5106180046875 0.3238720640625 0.5123427875 0.3238240859375 0.51398968125 0.3254250765625 0.5157144640625 0.3253770984375 0.5173613609375 0.3270261 0.517438071875 0.3302281171875 0.520886459375 0.330180103125 0.5225345296875 0.3317811296875 0.5242581375 0.3334301328125 0.524334846875 0.33503112343749997 0.526059628125 0.3349831109375 0.5277077015625 0.342989834375 0.5363281625 0.342941821875 0.5379762312499999 0.3445908265625 0.5380529421875 0.34939383125 0.5432261125 0.34929784218750004 0.5465210796875 0.350898865625 0.5482446875 0.350850853125 0.549892759375 0.3524998578125 0.54996946875 0.35410088281249996 0.5516930765625 0.3540528703125 0.5533411484374999 0.3556538609375 0.5550659296875 0.3556058828125 0.556712825 0.357206871875 0.5584376078125 0.35715889375 0.560084503125 0.3619619 0.5652576734375 0.3619138875 0.5669057468750001 0.3635165796875 0.5686294296875001 0.3634685671875 0.5702775015625 0.3682716078125 0.5754494953125 0.368223596875 0.57709756875 0.369824621875 0.5788211734375001 0.37147362500000003 0.578897884375 0.3746756078125 0.5823474484375 0.374627628125 0.5839943437499999 0.381031659375 0.5908911203125 0.38098364687499997 0.5925391921875 0.3825846375 0.5942639734374999 0.38253665937500003 0.5959108703125 0.3873413328125 0.60108411875 0.38729335468750004 0.6027310140625 0.3936973515625 0.609628965625 0.3936013625 0.6129239359375 0.4048084 0.6249938796875 0.404760421875 0.626640778125 0.4063614109375 0.6283655609375 0.406265421875 0.6316605281250001 0.411068428125 0.636833696875 0.41102045 0.63848059375 0.41262310781249995 0.6402054515625 0.4125271171875 0.643500421875 0.4141281421875 0.645224028125 0.414080128125 0.6468721015625001 0.41728214531249996 0.6503204874999999 0.41723413281250005 0.651968559375 0.4188351578125 0.6536921671875 0.41878714375000003 0.6553402375 0.4203881703125 0.65706384375 0.42034015937499997 0.6587119171875 0.4283451796875 0.6673334734374999 0.4316431875 0.66748689375 0.4332442109375 0.6692105015625 0.434893215625 0.6692872109375 0.43649420625 0.6710119921875 0.436446228125 0.6726588890625 0.4380488859375 0.6743837484374999 0.43800087187500003 0.6760318203125 0.439601896875 0.6777554265625 0.43950590624999997 0.6810503953125 0.44110689843750006 0.682775175 0.44105892031250005 0.6844220734375 0.44906394218749995 0.69304363125 0.45071294531249995 0.6931203421875 0.45231393437499995 0.6948451234374999 0.45396293906249996 0.6949218328125 0.45556396406250005 0.6966454390625 0.4555159515625 0.6982935109375 0.46191998281249996 0.7051902875 0.46187197031249994 0.7068383593750001 0.465075653125 0.7102868250000001 0.465027675 0.711933721875 0.48103772031250003 0.7291768390625 0.4809897078125 0.7308249109375 0.4825907328125 0.732548515625 0.48254271875 0.7341965874999999 0.4889484171875 0.741093440625 0.48890043906249997 0.7427403390625 0.5033094593749999 0.7582598484374999 0.5049584625 0.758336559375 0.5065594875 0.760060165625 0.5065114765625001 0.7617082374999999 0.51932120625 0.7755018671875 0.5192731937499999 0.7771499390625001 0.5208742171875 0.7788735453125 0.52082620625 0.78052161875 0.52242723125 0.7822452234374999 0.52237921875 0.7838932953125 0.5240282203125 0.7839700046875 0.5256292109375 0.7856947875 0.5255812328125 0.7873416843750001 0.5271822265624999 0.7890664671875001 0.527134246875 0.7907133609375 0.531937253125 0.7958865328125 0.5318892749999999 0.797533428125 0.533490265625 0.799258209375 0.533394275 0.802553178125 0.534995265625 0.8042779609374999 0.53664426875 0.8043546718749999 0.5398479515625 0.8078031375 0.5397999734375001 0.8094500312499999 0.5462039703125 0.8163479859375 0.5461559921875 0.8179948796875 0.5509589984375001 0.8231680515625 0.5509110203125 0.824814946875 0.5525120109375 0.8265397296874999 0.552464 0.8281878015625 0.5604690546875 0.8368081828125 0.562118059375 0.83688489375 0.5717257375 0.8472313125 0.571677759375 0.8488782078125 0.5780817578125 0.855776159375 0.5780337796875 0.85742305625 0.5828367875 0.8625962265625 0.5827407953125 0.8658911953124999 0.5843417859375 0.867615975 0.5841978171875 0.872557840625 0.5857988078125 0.8742826234375001 0.5857508296875 0.8759295187499999 0.5905555046875001 0.8811027671874999 0.5905074906250001 0.8827508390625001 0.5985125484375 0.891371221875 0.5984645343749999 0.8930192937499999 0.604868565625 0.89991606875 0.60651756875 0.8999927796874999 0.6129216015625001 0.9068895546875 0.614217528125 0.862405721875 0.6110155125000001 0.8589573328125001 0.611063490625 0.8573104359375 0.6094625 0.8555856546875 0.609558490625 0.8522906875 0.6079574984375 0.8505659046874999 0.6080534906249999 0.8472709359374999 0.6064524640625 0.84554733125 0.60654845625 0.8422523609375 0.604947465625 0.8405275796874999 0.60504345625 0.8372326140625 0.6034424640625 0.8355078312499999 0.6035384546875 0.8322128624999999 0.60193743125 0.8304892578124999 0.6019854421875 0.828841184375 0.5955814125 0.8219444093750001 0.5939324078125 0.8218676984375 0.5907287250000001 0.8184192328125001 0.5907767390625 0.8167711593750001 0.5891757125 0.8150475546875 0.587526709375 0.81497084375 0.5811227125 0.808072890625 0.579473709375 0.8079961812500001 0.57627169375 0.80454779375 0.576319671875 0.8029008984375 0.57467066875 0.8028241875000001 0.5714686859375 0.7993746234375 0.571516665625 0.7977277265625 0.5587069687499999 0.783932921875 0.5587549468749999 0.782286025 0.547547909375 0.770216078125 0.547595921875 0.7685680078125 0.545994896875 0.7668444 0.546042909375 0.7651963281249999 0.5332331796875 0.7514026984375 0.5333291703125 0.7481077296875001 0.5285261640625001 0.742934559375 0.5285741765624999 0.7412864890625 0.5237711359375 0.7361144937499999 0.5238191484375 0.7344664203125 0.5190161421874999 0.7292932515625 0.5190641203124999 0.7276463546875 0.517415115625 0.7275696453125 0.5158124578125001 0.7258447859375 0.5125144515625 0.7256913671875 0.5029084046875 0.7153462 0.5029564171875001 0.7136981296875 0.49975440156250006 0.7102497421875 0.49980237968749996 0.70860284375 0.49660036406249997 0.7051544578125 0.49664837500000003 0.703506384375 0.49504738593750003 0.7017816031249999 0.49509536406250004 0.70013470625 0.48388665781249995 0.68806468125 0.483934671875 0.6864166093749999 0.47753063906250004 0.679519834375 0.47757861718749994 0.6778729375 0.4727756125 0.6726997671875 0.4728236234375 0.6710516953125001 0.46962160781250006 0.6676033078125 0.4697656125 0.6626602671875 0.4681645859375 0.6609366624999999 0.4682125984375 0.6592885890625 0.4554028671875 0.645494959375 0.45545088125 0.6438468875 0.4458448328125 0.6335017234375 0.4458928453125 0.6318536499999999 0.444291821875 0.63013004375 0.4443398328125 0.628481971875 0.44273880937500004 0.626758365625 0.44278682187499996 0.6251102953125 0.43798214843750005 0.6199370453124999 0.43803012656250007 0.6182901515625 0.43642913437499997 0.61656536875 0.43478013125 0.6164886593750001 0.43317910781249996 0.614765053125 0.43322711875 0.6131169796875 0.43162609375 0.6113933734375 0.43167410781250004 0.609745303125 0.42687109999999995 0.6045721312500001 0.42691907812499996 0.6029252375 0.4237170625 0.5994768484375 0.42376507500000005 0.597828775 0.41255636874999996 0.58575875 0.41260434687499997 0.5841118562500001 0.4013973109375 0.572041909375 0.4014453234375 0.5703938359375 0.388637259375 0.556600284375 0.388685271875 0.5549522109375 0.3806785828125 0.546330575 0.3807265609375 0.5446836796875 0.3791255703125 0.5429588984375 0.3791735484375 0.541312003125 0.3775725578125 0.5395872203125001 0.3776205703125 0.5379391484375 0.37601954531250004 0.536215540625 0.3760675578125 0.5345674703125 0.366461509375 0.5242223046875 0.3665575015625 0.5209273359375 0.3682545171875 0.5193559750000001 0.3684945109375 0.5111179671875 0.37019149218749997 0.50954778125 0.3702395046875 0.507899709375 0.3719364875 0.506329521875 0.3720324765625 0.503034553125 0.370383471875 0.50295784375 0.36878248281250003 0.5012330609375 0.3588867953125 0.5007727234375 0.3572858046875 0.49904794375000006 0.3523387953125 0.49881781406250003 0.3491367796875 0.495369425 0.3474877765625 0.49529271562500005 0.341083746875 0.4883959390625 0.341131725 0.4867490421875 0.33948271874999997 0.48667233125 0.33788172968749997 0.48494754999999995 0.33792974062500003 0.4832994796875 0.334726059375 0.4798510125 0.33307705468750004 0.47977430312499997 0.329875040625 0.4763259140625 0.32992301875 0.47467901875 0.3283220265625 0.47295423750000004 0.32667302343750004 0.4728775265625 0.3234710078125 0.46942913593749996 0.3235190203125 0.467781065625 0.32187001875 0.46770435624999995 0.32026899375 0.46598075000000005 0.3186199890625 0.4659040390625 0.317019 0.4641792578125 0.3153699953125 0.4641025484375 0.3105652875 0.4589304765625 0.31061329843749996 0.4572824046875 0.30420926875 0.450385628125 0.30425728125 0.44873755624999995 0.3026562546875 0.44701394843750003 0.30270426875 0.44536587812499995 0.29790126093749997 0.44019270781250003 0.296252259375 0.4401159984375 0.29465123437499996 0.43839239062499996 0.2930022296875 0.4383156796875 0.2914012390625 0.43659089843750004 0.2897522375 0.4365141890625 0.28654855156250003 0.43306572499999996 0.28659653125 0.43141882656249997 0.284995540625 0.4296940453125 0.28533152500000003 0.41816106875000003 0.28373053593750003 0.41643628593750004 0.2837785140625 0.4147893921875 0.282177521875 0.413064609375 0.2822255 0.41141771250000003 0.27742249375 0.4062445421875 0.27747047187499996 0.40459764531250003 0.27582146875 0.4045209359375 0.27422047968749996 0.40279615468749996 0.274268490625 0.40114808125 0.2710664765625 0.39769969375 0.2711144546875 0.3960527984375 0.26946545 0.3959760875 0.26786445937500003 0.39425130468749997 0.2679124375 0.39260440937499996 0.26631144687499997 0.390879628125 0.266359459375 0.38923155625 0.264758434375 0.38750795 0.264806446875 0.3858598765625 0.26160443125 0.3824114890625 0.261652409375 0.38076459375 0.256847734375 0.3755913453125 0.2551987328125 0.375514634375 0.24239070312500002 0.36171990625 0.24243868124999998 0.3600730109375 0.2408376921875 0.358348228125 0.24088567031250002 0.3567013328125 0.2360826625 0.3515281609375 0.23613064062500003 0.3498812671875 0.23452798281249998 0.3481564078125 0.2345759953125 0.346508334375 0.232974971875 0.344784728125 0.23302298281249997 0.34313665625 0.21861392968749999 0.327618321875 0.216964925 0.3275416109375 0.21536390156250002 0.3258180046875 0.21541191249999997 0.324169934375 0.20100119218749998 0.3086515203125 0.20104920312500002 0.30700345 0.1946451734375 0.300106671875 0.1946931515625 0.298459778125 0.18828915625 0.291561825 0.188337134375 0.289914928125 0.1851351171875 0.286466540625 0.18518312812499998 0.2848184671875 0.1835804375 0.283094784375 0.18362844843749998 0.2814467109375 0.182027459375 0.27972193125 0.1820754375 0.278075034375 0.1756714046875 0.2711782578125 0.17571941875 0.2695301859375 0.1709164109375 0.2643570171875 0.1709643890625 0.2627101203125 0.1693634 0.2609853390625 0.169411378125 0.259338440625 0.1662093609375 0.255890053125 0.1662573734375 0.25424198124999997 0.159851675 0.247345128125 0.15820267187499998 0.2472684171875 0.148596659375 0.23692207812500002 0.14869265 0.23362710937500003 0.147091625 0.231903503125 0.1471396375 0.2302554328125 0.14883661875 0.22868524531249998 0.14888463125 0.2270371734375 0.150581646875 0.2254658109375 0.15223065156249999 0.22554252031250002 0.15392763125 0.2239723328125 0.155576634375 0.22404904375 0.1572736515625 0.2224776828125 0.154071634375 0.2190292953125 0.1541196125 0.217382396875 0.1194888765625 0.21577141093750002 0.1193449078125 0.220713275 0.12094590000000001 0.22243805625 0.120897921875 0.22408495312499999 0.1224989125 0.22580973593749998 0.1224509 0.22745780624999998 0.1240519234375 0.2291814140625
1 0.26825168593750004 0.55100006875 0.2698527125 0.552723671875 0.2698047 0.5543717453125 0.27140572500000004 0.5560953515625 0.2713577109375 0.5577434234374999 0.27616071875000003 0.56291659375 0.2760647265625 0.5662115625 0.2776657515625 0.5679351671874999 0.27931475625 0.5680118765625 0.280915746875 0.569736659375 0.28086776874999997 0.57138355625 0.28407145 0.5748320234375 0.2840234390625 0.5764800921875 0.2856724421875 0.576556803125 0.2872734328125 0.5782815859375 0.2872254546875 0.57992848125 0.28882644375 0.5816532640625 0.288778465625 0.5833001609374999 0.29037945781249996 0.5850249421875 0.2903314796875 0.5866718375 0.2919804828125 0.586748546875 0.2935814734375 0.5884733296875 0.2935334609375 0.5901214015625 0.3015385171875 0.598741784375 0.30149050625 0.6003898578125 0.30309152968749997 0.6021134625 0.3030435171875 0.603761534375 0.307848190625 0.6089347828125 0.3078002125 0.610581678125 0.3126032203125 0.61575485 0.3125552078125 0.6174029203125 0.31415623125000003 0.6191265265625 0.31410822031249996 0.6207745984375 0.32051225156249996 0.627671375 0.3204642734375 0.629318271875 0.3220652640625 0.6310430546875 0.323714265625 0.6311197640625 0.3253152578125 0.6328445453125 0.3252672796875 0.634491440625 0.3284692953125 0.6379398296875001 0.3301183 0.638016540625 0.3317192890625 0.6397413234375 0.3316713109375 0.64138821875 0.336475984375 0.6465614656249999 0.3363799953125 0.649856434375 0.337980984375 0.651581215625 0.3378849953125 0.6548761843750001 0.3410870109375 0.6583245734375 0.3427360140625 0.6584012828125 0.3443370046875 0.6601260640625 0.344289025 0.6617729609375 0.3459380296875 0.6618496703125001 0.35394305 0.6704712296875 0.3538950375 0.6721193000000001 0.36030073749999997 0.679016153125 0.3602527578125 0.6806630515625 0.36185375 0.6823878328124999 0.36180577187499996 0.6840347296875 0.36340676250000004 0.6857595125 0.36335875 0.68740758125 0.36495977343749997 0.6891311890625 0.3647677921875 0.695721125 0.366368784375 0.69744590625 0.366320771875 0.6990939796875 0.36792179687500004 0.7008175875 0.367873784375 0.7024656578124999 0.372676825 0.707637653125 0.3726288125 0.7092857234375 0.37743181875 0.71445889375 0.37738384062499997 0.716105790625 0.3805858578125 0.719554178125 0.382234859375 0.7196308890625 0.38383751875 0.721355746875 0.3837895390625 0.72300264375 0.3885925453125 0.7281758140625 0.388544534375 0.7298238859375 0.39014555781250004 0.73154749375 0.3899535765625 0.738137428125 0.3915545671875 0.739862209375 0.391458578125 0.7431571781249999 0.3931075796875 0.7432338890625 0.40271359375 0.7535802296874999 0.402665615625 0.755227125 0.40907131406249997 0.76212398125 0.4090233 0.76377205 0.41062432656250003 0.7654956578125 0.4122733296875 0.76557236875 0.4186773265625 0.77247031875 0.4203263296875 0.7725470296875 0.4219273546875 0.7742706359375 0.423576359375 0.7743473453124999 0.43318237187499997 0.7846936875 0.43313439374999996 0.78634058125 0.44274207343749994 0.796687 0.4443910765625 0.796763709375 0.44599209999999995 0.798487315625 0.44929010781249995 0.7986407359375 0.4540931140625 0.80381390625 0.4540451359375 0.8054608015625 0.4556461265625 0.8071855843750001 0.45559811406249995 0.8088336578125 0.4604028234375 0.8140057281249999 0.46205182499999997 0.8140824375 0.4732588640625 0.8261523859375 0.4732108515625 0.8278004578125 0.47481187656249996 0.8295240625 0.47476386406250004 0.8311721359375 0.4795668703125 0.8363453046875 0.4795188921875 0.8379922015625001 0.48111988125 0.839716984375 0.481071903125 0.8413638796875 0.48587657812499996 0.846537128125 0.48582859999999994 0.8481840234375 0.49063160625 0.85335719375 0.49058359375 0.8550052671874999 0.49218461874999997 0.8567288718749999 0.49213660625 0.8583769437500001 0.4985406375 0.8652737203124999 0.4984926265625 0.8669217921874999 0.5032956671875 0.8720937859375001 0.5032476531250001 0.873741859375 0.5048486796875 0.875465465625 0.5047046749999999 0.8804085046875001 0.506305665625 0.8821332859375 0.5062576875 0.8837801828125 0.51106069375 0.888953353125 0.51101268125 0.8906014250000001 0.522221421875 0.9026702734375001 0.5221734078125 0.904318346875 0.5237744 0.9060431265625001 0.523726421875 0.9076900234374999 0.5285294296874999 0.91286319375 0.52848145 0.9145100906250001 0.530082440625 0.916234871875 0.530034428125 0.9178829437499999 0.53323644375 0.9213313328125 0.5365361171874999 0.9214848296874999 0.5381371421875001 0.9232084359374999 0.582661896875 0.925279684375 0.584358878125 0.923709496875 0.5860078828125 0.92378620625 0.5876089078125 0.9255098140625 0.592557584375 0.925740021875 0.5931335625 0.9059690359375001 0.591484559375 0.9058923265625 0.589883534375 0.9041687203125001 0.5882328640625001 0.9040919328125 0.5866318749999999 0.9023671500000001 0.5849828687499999 0.902290440625 0.5846948624999999 0.9121765203125 0.5829978828125 0.9137467078125001 0.58294986875 0.915394778125 0.579555871875 0.918536328125 0.57131085625 0.9181527781250001 0.5697098640625 0.9164279953125 0.5664118593749999 0.9162745749999999 0.5600061609375 0.9093777218750001 0.5600541390625 0.907730825 0.5504481265625001 0.897384484375 0.5504961046875 0.8957375875 0.5472940875 0.8922891999999999 0.5473421 0.890641128125 0.544140084375 0.887192740625 0.5442360749999999 0.883897771875 0.5426350859375 0.8821729906250001 0.5426830640625 0.8805260921875 0.5394810796875 0.8770765296875 0.5395290578124999 0.8754296343749999 0.53792806875 0.8737048515625 0.538024059375 0.8704098828125 0.5364213671875 0.8686862 0.5364693796875 0.867038128125 0.53006535 0.860141353125 0.52841634375 0.8600646421875 0.5268153546875001 0.8583398593749999 0.5251663515625 0.85826315 0.5219643359374999 0.8548147609375001 0.52031533125 0.8547380515624999 0.5171133171875 0.8512896640625 0.517161328125 0.849641590625 0.5139593125 0.8461932015625001 0.5140072906250001 0.8445463078125 0.5108036078125 0.8410978421875 0.510851621875 0.83944976875 0.5076496046875 0.8360013796875 0.5076976156249999 0.8343533078125001 0.504495603125 0.8309049203125 0.50454358125 0.829258025 0.49974057343749995 0.8240848546875 0.4997885875 0.8224367812500001 0.4965865703125 0.81898839375 0.4966345484375 0.8173414984375 0.49343253281250005 0.8138931093749999 0.49348054531249996 0.8122450375 0.4918795203125 0.8105214328124999 0.4902305171875 0.8104447234375 0.48542584218749996 0.8052714734374999 0.48377684062500004 0.8051947640625 0.474170828125 0.7948484234375 0.47421880625 0.793201528125 0.459808084375 0.7776831140625 0.459856096875 0.7760350421875 0.45825507187500003 0.7743114375 0.4583030859375 0.7726633656249999 0.4518990515625 0.7657665890625001 0.4519470640625 0.7641185171875 0.4471440234375 0.7589465234375 0.4471920359375 0.75729845 0.4455910125 0.7555748437500001 0.443942009375 0.755498134375 0.4407400265625 0.7520485703124999 0.4407880046875 0.750401675 0.43438230625 0.7435048203125 0.43443031875000004 0.741856746875 0.4264252953125 0.7332351906250001 0.42647327500000004 0.73158829375 0.424872284375 0.7298635109375 0.42322328281250005 0.7297868015625 0.41681925 0.722890025 0.4168672625 0.7212419531250001 0.4152662359375 0.7195183468749999 0.41531425000000005 0.717870275 0.41371322499999996 0.71614666875 0.4137612375 0.7144985968750001 0.41216024687499997 0.7127738156250001 0.412208225 0.7111269171875 0.410607234375 0.7094021359375 0.41065521250000003 0.707755240625 0.4090525546875 0.7060303828125 0.4091485453125 0.7027354140625001 0.40434553749999996 0.69756224375 0.404393515625 0.695915346875 0.3979894859375 0.6890185703125 0.39634048125 0.6889418593750001 0.39153747499999997 0.683768690625 0.3915854875 0.68212061875 0.3899844625 0.6803970109375 0.390080453125 0.6771020421875 0.3884794625 0.6753772625 0.388527440625 0.673730365625 0.38692645 0.672005584375 0.3869744625 0.6703575109375 0.3853734375 0.6686339046875001 0.38542145156249996 0.6669858328125 0.38381875781249997 0.66526215 0.3838667703125 0.663614078125 0.3822657453125 0.6618904718749999 0.382313759375 0.6602424 0.380712765625 0.6585176171875 0.38076074531250004 0.6568707234375 0.37275572343749996 0.6482491640625 0.37110672031249997 0.6481724546875001 0.36790470468750003 0.644724065625 0.3662557015625 0.6446473546875 0.3646547109375 0.642922571875 0.3647026890625 0.641275678125 0.3631016984375 0.6395508953125 0.36145269375 0.6394741859375 0.359850003125 0.6377505 0.3598980140625 0.6361024296875 0.3566959984375 0.6326540406250001 0.3550469953125 0.63257733125 0.3518449796875 0.62912894375 0.35189299375 0.6274808703125 0.3502919671875 0.6257572640625 0.3486429640625 0.6256805546875001 0.347041975 0.6239557734375001 0.347089953125 0.6223088765625 0.3390849296875 0.61368731875 0.3391329421875 0.6120392453125 0.33753191875 0.610315640625 0.3375799296875 0.6086675671874999 0.3327752546875 0.6034943203124999 0.3328232328125 0.6018474234375 0.3200152046875 0.5880526953125 0.3200631828125 0.5864058 0.3184621921875 0.5846810171875 0.316813190625 0.5846043062499999 0.3136111734375 0.5811559187500001 0.3136591515625 0.5795090234375 0.308856146875 0.574335853125 0.30890415781249997 0.57268778125 0.307301465625 0.5709640984375 0.30739745625000003 0.5676691296875 0.2945894265625 0.5538744 0.2946374046875 0.5522275046875 0.281827709375 0.5384326984375 0.2818756875 0.536785803125 0.2802266859375 0.5367090921875 0.2738226875 0.529811140625 0.27052468125 0.529657721875 0.26892365625000003 0.5279341140625 0.2656256515625 0.52778069375 0.2655776734375 0.529427590625 0.26388065625 0.5309989515625 0.26359268281250003 0.54088385625 0.265193675 0.5426086375 0.26509768437500003 0.54590360625 0.2682997 0.5493519953125 0.26825168593750004 0.55100006875
1 0.100557525 0.6388862078125 0.1022545078125 0.6373160203125 0.10390351093750001 0.6373927312500001 0.110691540625 0.6311084578124999 0.1123405421875 0.63118516875 0.1174315203125 0.626473434375 0.11908052499999999 0.6265501437500001 0.12247618906249999 0.623408671875 0.12252420156249999 0.6217606015625 0.1259182 0.6186190546875 0.1259662109375 0.6169709812499999 0.13275420468750002 0.610687884375 0.132802184375 0.6090409890624999 0.1344991984375 0.6074696265624999 0.1345472109375 0.6058215546875 0.1396381890625 0.601109821875 0.139686203125 0.5994617484375 0.1430802 0.5963202 0.1431282140625 0.594672128125 0.1465222109375 0.5915305796875 0.1465701890625 0.5898836843749999 0.14826720468750001 0.5883123218749999 0.1483151828125 0.5866654265625 0.155104878125 0.58038123125 0.15515285625 0.578734334375 0.15854685468750002 0.5755927859375001 0.16019585625 0.575669496875 0.161892871875 0.574098134375 0.16194085 0.5724512390625 0.16703186406249998 0.567738328125 0.16707987500000002 0.5660902546875 0.173867871875 0.559807159375 0.17391585 0.5581602640625001 0.1824025265625 0.5503058828125 0.1824505390625 0.5486578093750001 0.18754155156250002 0.5439449015625 0.18919055468749998 0.5440216125 0.19088753593750002 0.542451425 0.19093555 0.540803353125 0.1926325296875 0.539233165625 0.1942815328125 0.5393098765625 0.19597855 0.5377385125 0.19602652812500002 0.53609161875 0.20281455625000003 0.529807346875 0.202862534375 0.5281604484375 0.213046228125 0.51873470625 0.2146952296875 0.5188114171875 0.2147432078125 0.5171645203125 0.21813720625 0.514022971875 0.21818521875000002 0.5123749015625 0.2249732125 0.5060918046875 0.226622215625 0.5061685140625001 0.22831923281250002 0.504597153125 0.22996823437499997 0.5046738625 0.231666884375 0.503103753125 0.23331588593750002 0.5031804625 0.23501290312499998 0.5016091015625 0.241608915625 0.5019159421875 0.2466998953125 0.49720420781249997 0.24674790624999998 0.495556134375 0.248444921875 0.4939847734375 0.24863690312500003 0.4873948375 0.2470358796875 0.4856712296875 0.2470838921875 0.48402315937499996 0.24388187499999997 0.4805747703125 0.2439298875 0.47892669843749996 0.24232886250000002 0.4772030921875 0.2423768765625 0.47555502031249997 0.239174859375 0.4721066328125 0.2392228375 0.47045973593749996 0.237621846875 0.4687349546875 0.229375165625 0.4683513265625 0.22767814843749998 0.4699226875 0.2227311375 0.46969255781249997 0.2210341578125 0.4712627453125 0.20784213125 0.470649065625 0.20614511562499999 0.47222042656249996 0.2044944453125 0.47214363906249995 0.201100446875 0.4752851859375 0.19945144374999998 0.4752084765625 0.19605744687499999 0.478350025 0.19440844375 0.4782733140625 0.19436043125 0.4799213875 0.1926634515625 0.481491575 0.19261543750000001 0.48313964531250003 0.19091845624999998 0.48470983125 0.19087044375 0.48635790312499994 0.187476446875 0.4894994515625 0.18742846875000002 0.4911463484375 0.185731453125 0.49271770937500003 0.1855874484375 0.49766075 0.1838904671875 0.49923093749999997 0.1837944765625 0.5025259046875 0.1820974625 0.504097265625 0.182001471875 0.5073922343749999 0.1803044546875 0.5089635968749999 0.1802564765625 0.51061049375 0.1785594609375 0.51218185625 0.1785114828125 0.5138287515625 0.1768128 0.5154000359375 0.176764821875 0.5170469328125 0.1733707890625 0.52018965625 0.1733228109375 0.5218365515625 0.171625796875 0.5234079140625 0.1715778171875 0.5250548109375 0.16648680625 0.52976771875 0.1664387921875 0.5314157921875 0.1630447953125 0.5345573406249999 0.1629968171875 0.5362042359375 0.1596028203125 0.5393457859375 0.1595548078125 0.54099385625 0.1561608109375 0.5441354046875 0.1561127984375 0.5457834781249999 0.1527188 0.5489250265625001 0.151069796875 0.548848315625 0.14937115 0.5504184234375 0.1477221453125 0.5503417140625 0.1443281484375 0.5534832640625 0.1426791453125 0.553406553125 0.1392851125 0.5565492765625 0.1376361109375 0.5564725671875 0.135939128125 0.5580427515624999 0.135891115625 0.5596908234375 0.1308001375 0.5644025593750001 0.130752125 0.56605063125 0.127358128125 0.569192178125 0.125709125 0.56911546875 0.12566111093750001 0.570763540625 0.12396413125000001 0.5723337265625 0.1239161171875 0.5739818 0.1222174703125 0.5755519062500001 0.12216945625 0.5771999796875 0.1204724765625 0.578770165625 0.12042446250000001 0.5804182375 0.118727446875 0.5819896 0.11867946874999999 0.583636496875 0.11698245468749999 0.5852078578125 0.116838484375 0.590149721875 0.11005045625000001 0.5964339937500001 0.110002478125 0.598080890625 0.1049114640625 0.6027938015625 0.10486348593749999 0.604440696875 0.10146945624999999 0.6075834203125 0.0998204515625 0.6075067109375001 0.093030790625 0.6137897296875 0.0913817875 0.6137130203125001 0.0896848046875 0.61528320625 0.08963679375 0.616931278125 0.0845457796875 0.6216441890625 0.082896778125 0.621567478125 0.08119979375 0.6231376640625 0.08091178906249999 0.63302374375 0.0841138046875 0.6364721328125 0.0857628078125 0.6365488421875 0.0873638328125 0.63827245 0.100557525 0.6388862078125
5 0.029794984375 0.176953121875 0.10235612812499999 0.1803285953125 0.10595593437499999 0.056761996875 0.033394790625 0.0533865234375 0.029794984375 0.176953121875
5 0.1994596421875 0.8150658234374999 0.23573937968749997 0.8167535203125 0.23919521718749998 0.6981287875 0.20291547968749998 0.6964410890625 0.1994596421875 0.8150658234374999
5 0.533082646875 0.41648847031249997 0.56771338125 0.4180994578125 0.5711692187499999 0.29947472343750003 0.5365384843750001 0.2978637359375 0.533082646875 0.41648847031249997
1 0.3418606 0.1782711921875 0.3434615921875 0.179995975 0.356655284375 0.18060973281249998 0.3583523 0.17903836875 0.363299309375 0.1792685 0.36499629218749996 0.1776983140625 0.3880840046875 0.17877233125 0.389685028125 0.18049593749999998 0.3913820109375 0.17892575156249999 0.416118725 0.1800764796875 0.4177197515625 0.181800084375 0.429264440625 0.18233713125 0.4309614234375 0.180766946875 0.43425942968750003 0.180920365625 0.43595644531250005 0.17934900468749998 0.4392544515625 0.1795024234375 0.4409514328125 0.1779322375 0.4426004359375 0.178008946875 0.4459944328125 0.17486739843750002 0.4476434359375 0.174944109375 0.45273611718750006 0.170231278125 0.4528321078125 0.16693630937499998 0.4545291234375 0.165364946875 0.45457710156250003 0.16371804843749999 0.45627411718750005 0.1621466875 0.4564660984375 0.15555675156249998 0.3855539578125 0.152257990625 0.3838569765625 0.1538281765625 0.3607692640625 0.15275415781249999 0.359072246875 0.1543255203125 0.3541252375 0.154095390625 0.35242825624999996 0.1556655765625 0.3458305765625 0.15535865937499999 0.34413356093749997 0.156930021875 0.3358885453125 0.15654647187499998 0.3341915296875 0.1581178328125 0.316050825 0.1572739453125 0.31547488125 0.177043753125 0.3171718625 0.1754735703125 0.33696156875 0.1763941671875 0.3385625953125 0.178117771875 0.3418606 0.1782711921875
4 0.4510041828125 0.853164071875 0.45105219375 0.8515159984375 0.4527491765625 0.8499458109375 0.454813096875 0.7790998828125 0.453212071875 0.7773762750000001 0.453260084375 0.775728203125 0.4500580671875 0.7722798140625 0.4501060453125 0.77063291875 0.44850505625 0.7689081359375 0.37924191875 0.765686084375 0.376650065625 0.8546537531249999 0.4442642 0.8577990953124999 0.44596118125000006 0.8562289109375 0.4476101859375 0.8563056203125001 0.4510041828125 0.853164071875
1 0.11666029687499999 0.4829057203125 0.120692078125 0.3445111796875 0.079465328125 0.342593353125 0.0753375578125 0.4842828609375 0.1099682921875 0.48589384999999996 0.11166530781249999 0.48432248749999995 0.1149633140625 0.48447590781249994 0.11666029687499999 0.4829057203125
5 0.11091203281249999 0 0.106710103125 0.1442350109375 0.11000810781249999 0.14438843125 0.11340377343750001 0.1412469609375 0.1166057890625 0.14469535 0.14464051093750002 0.145999496875 0.1463374921875 0.1444293109375 0.14798649531250002 0.14450602031249998 0.15219632031250002 0 0.11091203281249999 0
0 0.0242943765625 0.323528509375 0.0196619828125 0.4825396140625 0.02562169375 0.6288014000000001 0.0397313875 0.62945776875 0.046521046875 0.6231747484375 0.055208603125 0.32496660781250003 0.0242943765625 0.323528509375
3 0.3208417078125 0.27628112968749996 0.338980740625 0.277124940625 0.34067772500000004 0.2755547546875 0.34397739843749997 0.2757082515625 0.34567441250000003 0.2741368890625 0.34732341718750004 0.2742135984375 0.34902043125 0.27264223906249996 0.35561644375 0.272949078125 0.3572174359375 0.274673859375 0.3588664390625 0.27475056875 0.36206845468750004 0.27819895781250004 0.398349859375 0.27988673125 0.400221765625 0.215631915625 0.30292390468749997 0.21110571562499997 0.3010520015625 0.2753605328125 0.3158930296875 0.276050921875 0.31928869375 0.272909453125 0.3208896859375 0.27463423593749997 0.3208417078125 0.27628112968749996