0 0.2817111234375 0.77503620625 0.2832962984375 0.7734956515625 0.2864870234375 0.7736071531250001 0.28584663125 0.6634548031249999 0.1087804734375 0.6572671171875 0.10943014375 0.769015740625 0.2817111234375 0.77503620625
0 0.338229234375 0.8951190796875 0.3398338765625 0.896771103125 0.3414292390625 0.8968268531250001 0.3430144125 0.8952863000000001 0.3478005 0.8954535515625001 0.3493865828125 0.8939130296875 0.349033909375 0.8332508515624999 0.2469416125 0.8296831734375001 0.24731284531250003 0.8935378984375 0.32388206875000003 0.8962136562499999 0.32546814999999996 0.8946731359375001 0.338229234375 0.8951190796875
4 0.3991807703125 0.9547089281250001 0.4550121 0.9566599874999999 0.4565981703125 0.9551175640625 0.4560320421875 0.8577392015624999 0.3986053515625 0.855732390625 0.3991807703125 0.9547089281250001
4 0.64095345 0.8434521593750001 0.6403501890625 0.739686803125 0.595685490625 0.7381259671875 0.59628875 0.8418913234375 0.64095345 0.8434521593750001
0 0.8872318765625 0.13542428281250002 0.8868884734375 0.0763564734375 0.8629607625 0.0755203046875 0.8633041640625001 0.13458811406249999 0.8872318765625 0.13542428281250002
0 0.5342151875 0.8636632578125001 0.5338903578124999 0.807789896875 0.5099626453125 0.8069537296875 0.5102874765625 0.8628270890625 0.5342151875 0.8636632578125001
5 0.9147884296875001 0.7604488578125 0.9142501421875 0.6678593140625 0.79142085625 0.66356696875 0.79195914375 0.7561565125 0.9147884296875001 0.7604488578125
4 0.9143327031249999 0.4077016390625 0.913580946875 0.2783940125 0.8721060656249999 0.2769446453125 0.87285781875 0.40625227343750003 0.9143327031249999 0.4077016390625
1 0.5329168156249999 0.91469205 0.5345028968750001 0.9131515265625 0.59352495 0.9152140875000001 0.5951295937500001 0.9168661124999999 0.6206526671875 0.91775803125 0.62223875 0.9162175093749999 0.62222946875 0.9146212374999999 0.6238146421875 0.9130806828125 0.6237682312499999 0.905097415625 0.6253543125000001 0.9035568921875001 0.62514085625 0.8668407109375 0.6235362140625 0.8651886875000001 0.511873559375 0.86128656875 0.5121705484375 0.9123711078125 0.5185510890625 0.9125940796875 0.5201557328125 0.9142461046875001 0.52174090625 0.9127055500000001 0.5281223546875 0.9129285546875 0.5297269984375 0.9145805796875001 0.5329168156249999 0.91469205
3 0.5571322375000001 0.965016484375 0.55691876875 0.9282984015625001 0.553728953125 0.92818693125 0.552124309375 0.92653490625 0.5489335859375 0.9264234046875 0.54732894375 0.92477138125 0.5457344875000001 0.9247156625 0.5409205609375001 0.9197595906249999 0.53773074375 0.91964811875 0.5361261015625 0.9179960968750001 0.4978410359375 0.9166582015625 0.49811018437500004 0.9629539234375001 0.5571322375000001 0.965016484375
4 0.43143609843749997 0.7419618640625 0.430972053125 0.66214250625 0.3926869859375 0.660804609375 0.39315103281249997 0.74062396875 0.43143609843749997 0.7419618640625
0 0 0.9423552578125 0.0243198390625 0.9432051296875 0.02407853125 0.9016982265625 0 0.9008567875000001 0 0.9423552578125
5 0.3457782140625 0.8219635375 0.34895037812499996 0.8188824921875 0.35054573906250003 0.8189382437500001 0.35028588125 0.7742406953125001 0.11260140156250001 0.765934665625 0.11287982031249999 0.8138247578125 0.3457782140625 0.8219635375