0 0.20624965468749998 0.4078130671875 0.2078124140625 0.40937568124999996 0.20937517187500002 0.40937568124999996 0.21093793125000002 0.41093829375 0.225 0.41093829375 0.226562759375 0.40937568124999996 0.22968689687500002 0.40937568124999996 0.23124965468749997 0.4078130671875 0.2328124140625 0.4078130671875 0.23593793125 0.404687840625 0.23593793125 0.3875009078125 0.234375171875 0.38593829375 0.234375171875 0.38281306718749997 0.2328124140625 0.381250453125 0.2328124140625 0.379687840625 0.23124965468749997 0.3781252265625 0.23124965468749997 0.370312159375 0.22968689687500002 0.368749546875 0.22968689687500002 0.36406170625 0.215624828125 0.36406170625 0.2125006890625 0.36718693281250003 0.20937517187500002 0.36718693281250003 0.2078124140625 0.368749546875 0.20624965468749998 0.368749546875 0.20468689687500002 0.370312159375 0.20468689687500002 0.404687840625 0.20624965468749998 0.406250453125 0.20624965468749998 0.4078130671875
0 0.11875034531249999 0.45 0.12031310312500001 0.45 0.12343724062500001 0.44687477343750004 0.12343724062500001 0.42968784062500004 0.12187448281249999 0.42812522656249996 0.12187448281249999 0.420312159375 0.12031310312500001 0.418749546875 0.12031310312500001 0.4171869328125 0.11875034531249999 0.41562431875000005 0.11875034531249999 0.40937568124999996 0.1171875859375 0.4078130671875 0.1171875859375 0.406250453125 0.115624828125 0.404687840625 0.09375034531250001 0.404687840625 0.09375034531250001 0.45 0.09531310312499999 0.4515626140625 0.0968744828125 0.4515626140625 0.098437240625 0.4531252265625 0.11406206875 0.4531252265625 0.115624828125 0.4515626140625 0.1171875859375 0.4515626140625 0.11875034531249999 0.45
0 0.5242055171875 0.538421053125 0.7056482765625 0.4567241375 0.688753103125 0.3787586203125 0.5107282765625001 0.463602540625 0.50714206875 0.45767150624999997 0.5242055171875 0.538421053125
0 0.9888124140624999 0.33319963750000003 0.8230758625 0.416740471875 0.841602759375 0.49793829375 0.9986206890625 0.4179945546875 0.9888124140624999 0.33319963750000003
0 0.9786717234375001 0.7473266781250001 0.9525558625 0.75760435625 0.9606372406249999 0.799381125 0.9873958625 0.7900036296875 0.9786717234375001 0.7473266781250001
2 0.1002234484375 0.4696225046875 0.027350345312500003 0.1896951 0.0049544828125 0.19650453750000002 0.0827158625 0.5000490015625 0.9726041375 0.696098003125 0.9986206890625 0.6725081671875001 0.9986206890625 0.601716878125 0.967455171875 0.666306715625 0.1002234484375 0.4696225046875
1 0.1890717234375 0.5299346640625 0.1706675859375 0.559078040625 0.30083172343750003 0.5853865703125 0.3183282765625 0.559021778125 0.1890717234375 0.5299346640625
1 0.319531034375 0.5587368421875001 0.303202759375 0.584154265625 0.47694206875 0.6251869328125 0.49044413750000004 0.599678765625 0.319531034375 0.5587368421875001
1 0.47517793125 0.6233920140625 0.649153103125 0.66273865625 0.6658151718750001 0.6415063515625 0.49187724062499993 0.6003865703125 0.47517793125 0.6233920140625
1 0.8222344828124999 0.7030635203125 0.8353034484374999 0.677321234375 0.6659503453125 0.6396134296875 0.6491724140625 0.665388384375 0.8222344828124999 0.7030635203125
1 0.9603406890624999 0.7067059890625 0.8360496546875 0.6796515421875 0.82232 0.7043684203125 0.9392524140624999 0.73244283125 0.9402124140625 0.7307059890625001 0.9603406890624999 0.7067059890625
1 0.9218537937500001 0.76645190625 0.94014620625 0.738288565625 0.0549696546875 0.533754990625 0.038860689062499995 0.5496715062499999 0.0404593109375 0.5593266781249999 0.9218537937500001 0.76645190625
1 0.00035999999999999997 0.33170054375 0.05493379375 0.531635209375 0.0562924140625 0.5282014515625 0.07293241406249999 0.5071996375000001 0.002606896875 0.203245009375 0.00035999999999999997 0.33170054375
5 0.531148965625 0.5329491828124999 0.535886896875 0.564009075 0.65257793125 0.5121324859375 0.6439406890625 0.4791143375 0.531148965625 0.5329491828124999
5 0.2692234484375 0.40885299531249997 0.21317517187499999 0.4359183296875 0.22604827656249998 0.4664464609375 0.2744096546875 0.4388965515625 0.2692234484375 0.40885299531249997
5 0.391073103125 0.4324083484375 0.33934758593750003 0.46097640625 0.3482124140625 0.4925753171875 0.39978206875 0.4643157890625 0.391073103125 0.4324083484375
5 0.0645986203125 0.23313793125 0.0745406890625 0.26258802187499997 0.18782206875000002 0.20760435625 0.1806344828125 0.1793920140625 0.0645986203125 0.23313793125
0 0.047064828125 0.18456624375 0.060593103125000006 0.23172958281249997 0.249735171875 0.1449274046875 0.2337655171875 0.09542286718750001 0.047064828125 0.18456624375
3 0.1556413796875 0.395136115625 0.0563034484375 0.395136115625 0.0563034484375 0.5182577125 0.1556413796875 0.5182577125 0.1556413796875 0.395136115625