0 0.514107884375 0.21355514375 0.4721985875 0.22218563750000003 0.47773638281249997 0.2505991421875 0.5196456796875 0.24196864843750002 0.514107884375 0.21355514375
5 0.8903367671875 0.7393173171874999 0.8165746515625001 0.7545073453125 0.847846484375 0.9149579046874999 0.9216086000000001 0.8997678734375001 0.8903367671875 0.7393173171874999
4 0.5644230640625 0.0154421671875 0.5790817500000001 0.0906534421875 0.6645776828125001 0.0730470359375 0.660017115625 0.0496475359375 0.6580157062499999 0.0483221296875 0.654432371875 0.029936632812500003 0.655782375 0.027919778125 0.6533044234375 0.0152058296875 0.5744797625 0.013371165625 0.5644230640625 0.0154421671875
5 0.5551038046875 0.0660373671875 0.5534279765625 0.0663824765625 0.5514250546875 0.0650573828125 0.484369271875 0.0788663609375 0.5162925109375001 0.242659175 0.5867014625 0.2281596703125 0.5863756375 0.2264879265625 0.5843742265625 0.22516252187500002 0.5827453499999999 0.21680502812500002 0.584095596875 0.21478940781250003 0.5551038046875 0.0660373671875
0 0.3302497296875 0.23322064843749998 0.30586728124999996 0.20622269375000002 0.2684859984375 0.23199699062499998 0.291504071875 0.2558816421875 0.3302497296875 0.23322064843749998
0 0.5020295578125 0.706596440625 0.46025202343749994 0.49224288749999995 0.38307931875 0.50813526875 0.4248568515625 0.7224888218750001 0.5020295578125 0.706596440625
0 0.17881905 0.2442589765625 0.1471961453125 0.0820071296875 0.0924635171875 0.0932783671875 0.124086421875 0.25553021249999996 0.17881905 0.2442589765625
0 0 0.20525469843750002 0.0400338453125 0.197010421875 0.0206010640625 0.097304065625 0 0.10154649843750001 0 0.20525469843750002
2 0.22912744062499998 0.10782050937500001 0.20241480156249997 0.11688261562499999 0.7258754828125 0.6347399859375 0.762597659375 0.6261805828125 0.22912744062499998 0.10782050937500001
1 0.539010334375 0.36028503125 0.50391568125 0.364928928125 0.7713487578125 0.6288635046875 0.8111213828125001 0.6201006796875 0.539010334375 0.36028503125
1 0.3062795453125 0.08409666875 0.272574740625 0.09082327968750001 0.8174029875000001 0.6203791078124999 0.8562375015624999 0.61146426875 0.3062795453125 0.08409666875
1 0.7155711046875 0.6079343171875 0.6672599796875 0.5600085515625 0.6340192953125 0.57779385 0.6839253640625 0.623693384375 0.7155711046875 0.6079343171875
5 0.5345145765625 0.695248409375 0.47620781718750005 0.39608615625 0.4409685875 0.403343065625 0.4992753484375 0.7025053171875 0.5345145765625 0.695248409375
5 0.8118701640625 0.9532795140625 0.7641965500000001 0.708674153125 0.5807923765624999 0.7464430671875 0.6284659921875 0.9910484281249999 0.8118701640625 0.9532795140625
3 0.6591255984375 0.5279578265625 0.648518903125 0.47353664999999995 0.586487584375 0.486310925 0.5970942781249999 0.5407321031250001 0.6591255984375 0.5279578265625
3 0.15370773437500002 0.0698930515625 0.16399581875 0.1226794953125 0.2366049515625 0.107726903125 0.2263168671875 0.05494045937499999 0.15370773437500002 0.0698930515625