2 0.422246496875 0.39131619375 0.44451256250000004 0.393995309375 0.39483390625000003 0.28585966875 0.3789590921875 0.311333715625 0.422246496875 0.39131619375
3 0.38597873125 0.214627534375 0.33624497343750004 0.21665897968749998 0.343568709375 0.3135455296875 0.3933024671875 0.311514084375 0.38597873125 0.214627534375
1 0.169551703125 0.39886130937500003 0.17424825156249998 0.44199391875 0.23029109062500003 0.4331848734375 0.22608145624999998 0.395236409375 0.169551703125 0.39886130937500003
2 0.7658555046875 0.39017225 0.7499592328125 0.37295156875 0.157029809375 0.374687046875 0.160770540625 0.4057299796875 0.747200646875 0.39989646093750003 0.7556571890625 0.406266521875 0.7622053328125 0.5129057984375 0.7772007203125 0.49952211875 0.7658555046875 0.39017225
1 0.6174518203125 0.2509357546875 0.54802493125 0.24768124062500002 0.5514708453125 0.2932676515625 0.6210026875 0.29068747968749997 0.6174518203125 0.2509357546875
1 0.09609386875 0.597986028125 0.10139148437500001 0.6590247296875 0.7843331359375 0.64155194375 0.7786339156250001 0.5843484953125 0.09609386875 0.597986028125
1 0.1618253375 0.5801185765625 0.192361884375 0.5718351765625 0.187802534375 0.5326594078125 0.16333933437499998 0.53298895 0.1633898390625 0.5170083734375 0.161489865625 0.500006996875 0.12192480937500001 0.5023138234375 0.12367985781249999 0.525531546875 0.15582984375 0.565126446875 0.1618253375 0.5801185765625
1 0.2057384859375 0.2702149 0.24430676562500003 0.22884674062500002 0.24177755312500002 0.1953874984375 0.38194961875 0.018149207812500002 0.3551757125 0.019242826562500003 0.14427845156250002 0.27462174687499996 0.14731410312499998 0.3147807359375 0.20330880625 0.23807240625 0.2057384859375 0.2702149
1 0.27016486875 0.0694623875 0.2166575390625 0.0719524875 0.22456868437500002 0.1270800328125 0.27499949687499997 0.11410080468749999 0.27323755312500003 0.0871152640625 0.27016486875 0.0694623875
1 0.4032269015625 0.19793088125 0.406068025 0.236080075 0.45490435937499996 0.235131290625 0.45104728749999995 0.192204540625 0.4032269015625 0.19793088125
1 0.466473615625 0.0328798765625 0.4364954390625 0.0561980015625 0.46614655312500003 0.33671026406250004 0.4828264578125 0.3333415203125 0.4850641734375 0.21393861093750002 0.466473615625 0.0328798765625
1 0.4833534140625 0.24308249843750002 0.4858008765625 0.283134296875 0.527200053125 0.27914702812500003 0.523206871875 0.2381309296875 0.4833534140625 0.24308249843750002
1 0.42149343124999994 0.016533985937500002 0.7562619953125 0.3249108453125 0.755677784375 0.274173096875 0.4742976234375 0.0143771234375 0.42149343124999994 0.016533985937500002
3 0.07958853906249999 0.3834244015625 0.08520041874999999 0.45766460000000003 0.1270366296875 0.45595574218749996 0.12142475 0.38171554375 0.07958853906249999 0.3834244015625
4 0.75113403125 0.5340738890625001 0.720560609375 0.5353227031250001 0.7190738421875 0.537002575 0.7235877671875001 0.5967178109375 0.7557699703125 0.595403284375 0.75113403125 0.5340738890625001
4 0.5419370796874999 0.3289229421875 0.5436678781250001 0.3304713875 0.5469618328125 0.374047503125 0.5454749734375001 0.375726140625 0.5792659578125 0.3743459 0.5752400953125 0.32108729999999996 0.570047046875 0.3164419890625 0.542691846875 0.31755935156250004 0.54305789375 0.3224018265625 0.5415710328125 0.324080465625 0.5419370796874999 0.3289229421875
4 0.183784871875 0.28850874375 0.18205341875 0.286960325 0.15630765625 0.2880119484375 0.1548208875 0.28969181875 0.1532121046875 0.28975753125 0.1576040140625 0.34785861093750003 0.18978621874999999 0.346544084375 0.185394309375 0.2884430046875 0.183784871875 0.28850874375
4 0.7474968859375 0.46460922031249996 0.7428609453125 0.4032798234375 0.7074605218750001 0.40472580156250004 0.7089245234375 0.424093240625 0.7106559781249999 0.425641659375 0.711143946875 0.4320970609375 0.71287474375 0.4336455078125 0.7138506812500001 0.446556309375 0.712363915625 0.44823618125 0.7127299625 0.4530786578125 0.7112424468749999 0.454757321875 0.711974446875 0.46444104062499997 0.7137059015625 0.4659894609375 0.7474968859375 0.46460922031249996
0 0.5792365046875 0.2885449203125 0.582042490625 0.3256656375 0.627097575 0.3238253 0.6242915890625 0.2867045828125 0.5792365046875 0.2885449203125
4 0.0482073828125 0.3312819265625 0.05272130781249999 0.39099716562500003 0.08168529062499999 0.389814090625 0.077171365625 0.330098853125 0.0482073828125 0.3312819265625
0 0.8193830609375 0.2625468453125 0.7791556328125 0.264189990625 0.7776682125 0.265869890625 0.7805961203125 0.30460353125 0.8224329859375 0.302894646875 0.8193830609375 0.2625468453125
0 0.0501063859375 0.2923498859375 0.051814417187499996 0.314945640625 0.090433715625 0.3133681828125 0.0877497453125 0.277861625 0.049130446875 0.279439084375 0.047643678125 0.2811189578125 0.048375678125 0.290802675 0.0501063859375 0.2923498859375
1 0.6358988734375 0.31213303593749997 0.6326800015625 0.3122645140625 0.626731621875 0.3189840546875 0.626975559375 0.3222111390625 0.6225146046875001 0.32725078124999996 0.6239785125 0.346616984375 0.6274407609375 0.34971385 0.6275627765625 0.3513280078125 0.6292935765625 0.3528764546875 0.6294155 0.3544893796875 0.6310249359375 0.3544236390625 0.632755734375 0.3559720859375 0.6375833937500001 0.3557748921875 0.6393148453124999 0.35732331093749997 0.6473600687500001 0.3569946921875 0.64909086875 0.3585431390625 0.6523090890625001 0.35841168749999996 0.6540405406249999 0.3599601046875 0.655649978125 0.359894365625 0.6573806859375 0.361441578125 0.660598903125 0.36131012500000004 0.662329703125 0.3628585703125 0.6655479234375 0.36272711874999997 0.6672793765625 0.3642755359375 0.6674013921874999 0.36588969531250004 0.674325803125 0.3720821921875 0.674569834375 0.375310509375 0.67630063125 0.37685895468749997 0.6764225546875 0.3784718796875 0.67815400625 0.38002029843749996 0.679762790625 0.3799545859375 0.6814942421875 0.38150300625 0.6831036796875 0.381437265625 0.684834478125 0.3829857109375 0.7073620218750001 0.3820655421875 0.7032140499999999 0.327191546875 0.6999958296875 0.327323 0.6940473578125 0.33404130625 0.6924385734375 0.33410701875000004 0.690707215625 0.3325598359375 0.6874889953125 0.3326912875 0.6857575406249999 0.33114286718749997 0.682539321875 0.33127432031250004 0.680808521875 0.329725875 0.6791997390625 0.3297915890625 0.6774682875 0.32824316875 0.67585885 0.328308909375 0.67412805 0.32676046406250003 0.6725186140625 0.326826203125 0.669057109375 0.3237305453125 0.667447671875 0.323796284375 0.6657162203125 0.32224786562499996 0.6641074359375 0.32231357968749996 0.6606451843750001 0.319216715625 0.6525999609375 0.3195453328125 0.6508686015625 0.317998146875 0.6428227234375 0.31832679218750004 0.641091925 0.316778346875 0.6394824875 0.3168440859375 0.6360208890625 0.3137471953125 0.6358988734375 0.31213303593749997
0 0.5778675546875001 0.6334287187500001 0.5360306890625 0.6351376046875 0.5345432671875 0.6368175015624999 0.5377152078125 0.6787794609375 0.582770946875 0.6769390953125 0.5795990078125 0.6349771375000001 0.5778675546875001 0.6334287187500001
1 0.2979454921875 0.47487730156249996 0.29621469375 0.4733288546875 0.2881688171875 0.4736575 0.28643736406250003 0.47210908125 0.2832191421875 0.4722405328125 0.281732375 0.47392040468749996 0.27207771406250003 0.47431476406249995 0.27034626093749997 0.47276634531250006 0.25908281718750004 0.473226415625 0.257595396875 0.4749063140625 0.25115895625 0.47516921874999996 0.24942815624999998 0.47362077343750003 0.225291178125 0.47460668281249996 0.223804409375 0.47628655468750003 0.19805864687500002 0.47733817500000003 0.1963271953125 0.47578975625000003 0.1866725328125 0.476184115625 0.1849418265625 0.47463690312500006 0.1672419421875 0.4753598796875 0.16575442812500002 0.4770385453125 0.1641449921875 0.477104284375 0.159684034375 0.4821439265625 0.16102601875 0.4998972046875 0.1595385984375 0.501577103125 0.1596605203125 0.503190028125 0.1613919734375 0.5047384453125 0.1616360046875 0.5079667640625 0.1650981625 0.5110623953125 0.165220178125 0.5126765546875001 0.1716566171875 0.5124136484374999 0.1733874171875 0.51396209375 0.17499685468749998 0.5138963546875 0.176727653125 0.5154448015625 0.178337090625 0.5153790609375 0.1852615 0.52157155625 0.185383515625 0.523185715625 0.18711496875 0.5247341343749999 0.18872375156250001 0.524668421875 0.192185909375 0.5277640515625001 0.19379469375 0.5276983390625001 0.195526146875 0.529246759375 0.1971349296875 0.5291810453125 0.1988663828125 0.5307294640625 0.261621353125 0.52816615 0.2631087734375 0.5264862531250001 0.26793643125 0.526289059375 0.269423196875 0.5246091875000001 0.2758596390625 0.5243462812499999 0.2773465 0.5226676453125 0.2821741578125 0.5224704515624999 0.2839055171875 0.5240176359375 0.290341303125 0.52375475625 0.29207275625 0.5253031765625 0.2985091984375 0.525040271875 0.3002406484375 0.526588690625 0.34690451875 0.5246826390625 0.34987870625 0.52132286875 0.34939073593750003 0.5148674671875 0.350878159375 0.5131875703125 0.350634221875 0.5099604859375 0.355095178125 0.50492084375 0.3567039625 0.50485513125 0.35819138125 0.50317523125 0.364627821875 0.5029123265625 0.36982087343750003 0.5075576374999999 0.36725891875 0.4736652390625 0.365650134375 0.4737309515625 0.36416336718750003 0.475410821875 0.354508053125 0.4758052078125 0.352777253125 0.47425676250000004 0.349559034375 0.474388215625 0.3478282359375 0.4728397703125 0.341391140625 0.473102703125 0.3396603421875 0.47155425624999997 0.33483268437499997 0.47175144687500004 0.333345915625 0.47343132031249996 0.3172548140625 0.474088584375 0.3155233625 0.4725401640625 0.309086921875 0.4728030703125 0.307600153125 0.47448294375 0.2979454921875 0.47487730156249996
0 0.21223392031250002 0.6435073453125 0.1687876171875 0.6452819703125 0.167300196875 0.64696186875 0.170350121875 0.68730966875 0.21540585937499998 0.6854693046875 0.21223392031250002 0.6435073453125
1 0.1148494671875 0.508258684375 0.11311866875000001 0.5067102375 0.09541812968749999 0.507433240625 0.0939313609375 0.5091131125 0.095273346875 0.5268663921875001 0.097004146875 0.5284148359375 0.0971261625 0.5300289968749999 0.0988575203125 0.5315761796875 0.1004663046875 0.5315104671875 0.10219775625000001 0.5330588875 0.10380654062500001 0.532993175 0.11419320156249999 0.542282534375 0.1144372328125 0.5455108515625 0.11963084375 0.5501549015625 0.11975285937499999 0.5517690609375 0.12148365937500001 0.5533175078125 0.12172759687500001 0.5565445921875 0.1286520984375 0.56273831875 0.129018053125 0.5675795640625 0.1307495046875 0.5691279812500001 0.13099353593750002 0.5723563 0.13445569375 0.5754519296875 0.134577709375 0.577066090625 0.136308509375 0.578614534375 0.1365524484375 0.58184161875 0.1382839 0.5833900375 0.13852793125 0.5866183546875 0.1402587296875 0.5881668015625 0.140624684375 0.59300804375 0.14235613593750002 0.5945564640625001 0.14272209062500002 0.5993977046875 0.16685841562499998 0.5984118234375 0.1644184765625 0.5661335828125 0.16280969218750002 0.566199296875 0.16132227187499998 0.56787919375 0.1597134875 0.5679449062499999 0.1582267203125 0.5696247796875 0.1566172828125 0.56969051875 0.15488583281249999 0.5681420984375001 0.1532770484375 0.5682078125000001 0.1515455953125 0.56665939375 0.1499368109375 0.56672510625 0.13955014999999998 0.557435746875 0.13906218125 0.5509803453125001 0.137330728125 0.5494319265625001 0.1372087125 0.5478177671875 0.1320157546875 0.543173690625 0.13177172343750002 0.5399453734375 0.130040271875 0.5383969546875 0.1299183484375 0.5367840296875 0.1264560984375 0.5336871640624999 0.1263340828125 0.5320730046875 0.1246032828125 0.530524559375 0.123505328125 0.5159995984375 0.1217745296875 0.514451153125 0.1215305921875 0.51122406875 0.1180676875 0.5081272296875 0.1148494671875 0.508258684375
0 0.792512378125 0.611710584375 0.7955623015625 0.65205838125 0.8373991671875001 0.6503494984375 0.83434924375 0.6100016984375001 0.792512378125 0.611710584375
4 0.42611719687500005 0.5263032765625 0.424629775 0.5279831765624999 0.41175689374999996 0.5285089859375 0.41002609375 0.526960540625 0.4019802171875 0.5272891859375 0.40661615781249993 0.58861858125 0.43879835937499995 0.5873040546875 0.43416241875 0.525974659375 0.42611719687500005 0.5263032765625
0 0.066233628125 0.4843418953125 0.0276149828125 0.48591932812499994 0.026127564062500004 0.48759922656250004 0.029177487499999998 0.527947025 0.06940556875000001 0.5263038546875001 0.066233628125 0.4843418953125
1 0.319181528125 0.0725206734375 0.3176946671875 0.0741993109375 0.31781668281250003 0.07581347031249999 0.3133550734375 0.0808531390625 0.3134769953125 0.082466065625 0.3119895734375 0.0841459625 0.3122336046875 0.08737428124999999 0.3107468375 0.08905415156249999 0.3108687609375 0.0906670765625 0.3078945703125 0.094026846875 0.30801658593750003 0.09564100625000001 0.30652916406249997 0.0973209046875 0.3066511796875 0.0989350625 0.3036768984375 0.10229359843750001 0.30709286874999997 0.1474838765625 0.3183569671875 0.147023778125 0.3178689984375 0.1405683765625 0.31935641875 0.1388884796875 0.319234403125 0.13727431875 0.32220859218750003 0.1339145484375 0.3220866703125 0.132301625 0.3324961 0.120543675 0.33410488125 0.12047796250000001 0.341540775 0.11207975625 0.341418759375 0.11046559843749999 0.3458804625 0.1054271640625 0.345758446875 0.10381300468750002 0.347245215625 0.1021331328125 0.3488539984375 0.1020674203125 0.35034141875 0.100387521875 0.3519508578125 0.10032178124999999 0.3608735171875 0.09024370468750001 0.3607515015625 0.0886295453125 0.36223836249999997 0.0869509078125 0.362116346875 0.08533674999999999 0.36509053593749996 0.08197697968749999 0.36496852031250004 0.0803628203125 0.36645603437499996 0.07868415625 0.3660899890625 0.07384168125 0.37055103906250003 0.068803271875 0.3704290234375 0.06718911250000001 0.3734032125 0.0638293421875 0.373281196875 0.062215184374999996 0.38071643593750004 0.0538170046875 0.3805945125 0.05220408125 0.3880304046875 0.0438058765625 0.387908390625 0.042191715625 0.39534362968750003 0.0337935390625 0.396953065625 0.0337277984375 0.3984398328125 0.032047925 0.40004927031250004 0.031982187499999995 0.4015360390625 0.030302315625 0.4031454765625 0.030236574999999998 0.406119665625 0.0268768046875 0.4077284484375 0.026811092187500003 0.4069963546875 0.0171261390625 0.36033494843749997 0.019032090625 0.3603326734375 0.0190346578125 0.3604545953125 0.020647584375 0.3589671734375 0.02232748125 0.3590891890625 0.023941640625 0.357602421875 0.0256215125 0.3577244375 0.027235671875 0.329468940625 0.059148565625 0.32959095625 0.060762725 0.3236424859375 0.0674810296875 0.32376450156250003 0.069095190625 0.3207903125 0.07245496093750001 0.319181528125 0.0725206734375
1 0.699833565625 0.47465056875 0.703859521875 0.52791040625 0.7730515859375 0.5250841578125 0.76902563125 0.47182432343749997 0.699833565625 0.47465056875
1 0.1998296921875 0.3299448921875 0.1983422703125 0.331624790625 0.199562240625 0.34776391093750003 0.20129369375 0.34931233125 0.20153772499999997 0.3525406484375 0.20326843125 0.354087859375 0.204366478125 0.368614053125 0.20609793125000003 0.37016247343750003 0.206219853125 0.371775396875 0.2142650765625 0.3714467796875 0.2202135484375 0.364728471875 0.2200915328125 0.36311431562499996 0.221579046875 0.3614356515625 0.223188484375 0.36136991093750004 0.22616201875000003 0.3580101671875 0.23259846093749997 0.3577472625 0.23432991250000001 0.35929568125 0.2391575703125 0.3590984875 0.24088836875 0.360646934375 0.2441065890625 0.3605154828125 0.24756874843749999 0.3636111125 0.24917753125000003 0.3635453984375 0.25610259375 0.3697378671875 0.2673660375 0.369277796875 0.2641940984375 0.3273158375 0.260975878125 0.327447290625 0.25578226718749997 0.322803240625 0.254173484375 0.322868953125 0.2524426859375 0.321320509375 0.24761502812499997 0.32151770156250004 0.245883575 0.31996928125 0.24266535625 0.32010073437500003 0.24093455625 0.3185522890625 0.23932511875 0.318618028125 0.23759441250000002 0.317070815625 0.23598563125 0.317136528125 0.234254178125 0.3155881109375 0.23264474218750003 0.31565385 0.2309139421875 0.314105403125 0.22930450468750002 0.31417114375 0.2275737046875 0.3126226984375 0.2211372640625 0.31288560312499997 0.2181630765625 0.31624537343750003 0.21655363906249997 0.3163111140625 0.2120925890625 0.321349521875 0.2104831515625 0.3214152609375 0.208996384375 0.32309513437500004 0.20738694687499998 0.3231608734375 0.2014384765625 0.32987917968749997 0.1998296921875 0.3299448921875
0 0.24529041718750003 0.1840053296875 0.2479743875 0.21951188593749998 0.289811253125 0.21780300156250001 0.286761328125 0.17745519999999998 0.248142684375 0.17903263281249998 0.246655821875 0.180711271875 0.24677783749999999 0.18232543125 0.24529041718750003 0.1840053296875
1 0.324713475 0.44464306875000004 0.3245915515625 0.44303014531249996 0.32112930156249997 0.4399332796875 0.3210072859375 0.43831912031250003 0.3192758328125 0.436770703125 0.3191539109375 0.43515777812499995 0.3174231109375 0.43360933125 0.3171790796875 0.4303810125 0.31198546875 0.4257369640625 0.3117414375 0.422508646875 0.3100106375 0.4209602 0.3097667 0.41773311875 0.308035903125 0.41618467187499997 0.3079138875 0.4145705125 0.30618243437500003 0.41302209218749997 0.30606041875 0.4114079359375 0.304329059375 0.4098607484375 0.304085028125 0.40663243125 0.302354228125 0.40508398593750006 0.301988275 0.40024274374999996 0.3002568234375 0.398694325 0.3001348078125 0.397080165625 0.2985260234375 0.3971458796875 0.2916016125 0.39095338281249997 0.281946953125 0.3913477421875 0.2745117140625 0.3997459203125 0.27634166875 0.42395459999999996 0.278072465625 0.42550304531250005 0.2783164046875 0.42873012812500005 0.280047203125 0.430278575 0.28029123437500003 0.4335068921875 0.2837534859375 0.4366037578125 0.283875409375 0.43821668125 0.2856068609375 0.43976509999999996 0.285728878125 0.441379259375 0.28745967499999997 0.4429277046875 0.2877036140625 0.4461547875 0.2894350671875 0.4477032078125 0.2895570828125 0.4493173671875 0.293019334375 0.45241423125 0.29314125625 0.4540271578125 0.2948727078125 0.45557557656250003 0.2949947234375 0.45718973281249997 0.30191847968749996 0.46338225624999996 0.3020404953125 0.4649964171875 0.3037719484375 0.46654483437499994 0.3053807328125 0.46647912187499996 0.307112184375 0.4680275421875 0.30872096875 0.467961828125 0.31564537812500004 0.47415432500000004 0.3172548140625 0.474088584375 0.320717065625 0.4771854484375 0.32108301875 0.482026690625 0.32281381875 0.4835751359375 0.32317977343750004 0.48841637968749996 0.324911225 0.4899647984375 0.32515525625 0.49319311718750003 0.3286174140625 0.496288746875 0.32873942968750003 0.4979029046875 0.33220168125 0.5009997703125 0.33232369687499996 0.5026139296875 0.3357858546875 0.5057095609375 0.3360298859375 0.508937878125 0.3377606859375 0.5104863234375 0.3378827015625 0.5121004828125 0.3396140609375 0.5136476671875 0.3397360765625 0.5152618265625 0.341466875 0.5168102718750001 0.353363725 0.5033724234375 0.35324180156249996 0.5017595 0.3547292234375 0.5000796015625 0.35448519218749996 0.49685128437500004 0.3559719609375 0.49517141249999996 0.35548399218750004 0.48871601093750006 0.3569714125 0.48703611406249997 0.3564834421875 0.4805807125 0.3532652234375 0.48071216406249995 0.3515337703125 0.47916374375000004 0.3499249859375 0.47922945781250004 0.341269125 0.47148854218749997 0.3411471109375 0.46987438593749997 0.339416403125 0.46832717187500006 0.33929438749999996 0.4667130140625 0.337562934375 0.46516459374999997 0.33744091875 0.4635504359375 0.3339787609375 0.4604548046875 0.3338567453125 0.45884064531249996 0.3321259453125 0.4572922015625 0.331881915625 0.4540638828125 0.3301504625 0.4525154640625 0.3300285390625 0.45090253750000003 0.32656694218750004 0.447805646875 0.32644492812500003 0.44619148906249995 0.324713475 0.44464306875000004
5 0.08216063125 0.1825741171875 0.001081453125 0.185885909375 0.0016464328125 0.28299777812500004 0.08948054375 0.279410071875 0.08216063125 0.1825741171875
1 0.8612788328125 0.4324399234375 0.8597920640625001 0.43411979375 0.856573846875 0.43425124843749996 0.8513802359374999 0.42960719843749995 0.838507353125 0.430133009375 0.8370204921875001 0.43181164687500007 0.8321928359375 0.432008840625 0.8292192984375 0.4353685828125 0.8293413140625001 0.4369827421875 0.826366471875 0.44034253906250004 0.82648839375 0.4419554625 0.8235142046874999 0.44531523437500004 0.8237582359375001 0.44854355156250003 0.817809765625 0.455261859375 0.8179317812500001 0.45687601562499996 0.811983309375 0.46359432343750007 0.812227340625 0.46682264062499995 0.8107404812500001 0.4685012796875 0.8113504656250001 0.476570840625 0.8098630421875 0.47825073749999997 0.8141330296874999 0.534738890625 0.8221789078124999 0.534410246875 0.8236656765625 0.532730375 0.8235436609375 0.531116215625 0.8280053640625 0.5260777812499999 0.8278833484374999 0.5244636218750001 0.829370115625 0.5227837484375 0.8292481 0.5211695921875 0.83222238125 0.5178110546875 0.8321003656249999 0.5161968953125 0.8335877875 0.5145169968750001 0.833465771875 0.5129028390625 0.8438751999999999 0.501144890625 0.8437532781250001 0.499531965625 0.8452407015625001 0.49785206718749997 0.8451186859375 0.4962379078125 0.8525539234374999 0.4878397296875 0.8541633609374999 0.48777399062500004 0.8556501296875 0.48609411874999997 0.8555281140625001 0.48447995937500005 0.8570155343750001 0.48280006093749994 0.8568936125000001 0.4811871375 0.8613552234374999 0.4761474671875 0.866182225 0.47595030156250007 0.867669646875 0.47427040312499996 0.8643756921874999 0.4306942875 0.8628882703125 0.43237418437499997 0.8612788328125 0.4324399234375
1 0.6140630859375 0.471678653125 0.6123316328125 0.470130234375 0.50934858125 0.474336721875 0.513984521875 0.5356661171875 0.7006413015625 0.5280418578125 0.6963714078125001 0.4715549390625 0.6834985265625 0.47208075000000005 0.681767728125 0.47053230468749996 0.6463673046875 0.471978284375 0.6446358531249999 0.4704298640625 0.6140630859375 0.471678653125
1 0.518759865625 0.47071401875 0.5172724453125 0.472393915625 0.510836003125 0.4726568203125 0.50910455 0.471108403125 0.4769223484375 0.47242292968750005 0.47519164218750004 0.4708757171875 0.4655369796875 0.47127007499999995 0.4638055296875 0.4697216578125 0.3688683546875 0.4735994984375 0.3728943109375 0.526859334375 0.532195890625 0.5203524390625 0.5284138734375 0.47031968749999997 0.518759865625 0.47071401875
4 0.27265165156250004 0.289736284375 0.27438300937500004 0.29128346875 0.27499299375 0.2993530296875 0.27672379375 0.300901475 0.30246955625 0.299849853125 0.2985656171875 0.248204175 0.274429290625 0.249190059375 0.2714551015625 0.252549828125 0.2715771171875 0.2541639875 0.270089696875 0.25584388593749996 0.27265165156250004 0.289736284375
3 0.5709767968749999 0.3714474359375 0.57366076875 0.4069539953125 0.6122794125000001 0.4053765625 0.6095954406249999 0.369870003125 0.5709767968749999 0.3714474359375
3 0.792505690625 0.5048622921875 0.7571052671875 0.5063082734375 0.7556184984375001 0.50798814375 0.754009715625 0.50805385625 0.75252229375 0.5097337578125 0.7507908421875 0.5081853375 0.75774470625 0.6001788140625 0.7995815703125 0.598469928125 0.792505690625 0.5048622921875
1 0.8323148515625001 0.43362299843749996 0.831460928125 0.42232635468749996 0.83294835 0.4206464546875 0.8328263343750001 0.4190322984375 0.8343131015624999 0.41735242499999997 0.83382513125 0.41089702499999997 0.8353125531250001 0.4092171265625 0.8351905374999999 0.4076029671875 0.8366773046875 0.4059230953125 0.8360673203125 0.3978535359375 0.8375548359374999 0.396174871875 0.8329188953125 0.334845475 0.8311874421875001 0.33329705625 0.829578659375 0.33336276875 0.82611640625 0.3302659046875 0.8245069703125001 0.33033164375 0.8227761703124999 0.328783196875 0.8195579499999999 0.32891465000000003 0.8178265921874999 0.32736746562499996 0.8162178093750001 0.327433178125 0.8147302921874999 0.3291118421875 0.8115120734374999 0.3292432953125 0.8100253046875 0.33092316718750003 0.80841586875 0.3309889078125 0.8069291015625 0.33266877968749997 0.8070511171874999 0.3342829375 0.8025894109375 0.3393213734375 0.8029554578125 0.3441638484375 0.8014686921875 0.3458437203125 0.80171263125 0.3490708046875 0.8002252078125001 0.350750703125 0.8003472234375 0.3523648625 0.79886045625 0.354044734375 0.7994704406250001 0.3621142921875 0.8012012390625 0.3636627390625 0.801933146875 0.373345225 0.8036646015625 0.37489364375 0.8058606015625 0.40394479843750003 0.8043731781250001 0.405624696875 0.8058370859374999 0.42499090156249997 0.8043503187500001 0.42667077343750004 0.8048382890625 0.43312617500000006 0.80335086875 0.4348060734375 0.8051808234375001 0.45901475312500006 0.806912275 0.46056317187499995 0.8070342890625 0.4621773296875 0.8087650875 0.46372577656249997 0.8088871031249999 0.4653399359375 0.8106185578125 0.46688835468749995 0.81196045 0.48464039843749995 0.829660334375 0.48391742187500003 0.8311478484375 0.48223875937500005 0.8309038171875001 0.47901044062500003 0.83387800625 0.47565067031249997 0.8337560843749999 0.47403774531250004 0.835242853125 0.47235787343749996 0.8351208375000001 0.470743715625 0.8366082578125 0.4690638171875 0.8382170406249999 0.468998103125 0.8364862421874999 0.4674496578125 0.8348768062499999 0.4675153984375 0.8331460984374999 0.46596818593749995 0.8315373140625001 0.46603389687499996 0.8298058640624999 0.46448547968750004 0.8281964265624999 0.46455121874999994 0.8247341734375 0.461454353125 0.8306832984374999 0.4547360203125 0.8303172515625 0.44989354375 0.8332908828125 0.4465350359375 0.8349003203124999 0.44646929531249996 0.8363870875 0.4447894234375 0.8379965234375 0.44472368281249997 0.839483290625 0.4430438109375 0.8393612750000001 0.441429653125 0.83416831875 0.43678557656250006 0.8340463031249999 0.43517141718749996 0.8323148515625001 0.43362299843749996
1 0.2910606765625 0.319743103125 0.287598425 0.3166462390625 0.281161984375 0.31690914375 0.2796752171875 0.3185890140625 0.27979723125 0.320203175 0.2783098109375 0.321883071875 0.27855374843749997 0.32511015625 0.275579559375 0.3284699265625 0.2707525546875 0.328667090625 0.2690217578125 0.3271186453125 0.2658028828125 0.327250125 0.26702285312499996 0.34338924375 0.27828695 0.342929146875 0.28001775 0.34447759218749996 0.2816271859375 0.344411853125 0.2885515953125 0.3506043484375 0.29016037968749997 0.3505386359375 0.29362263125 0.3536355015625 0.293744646875 0.35524965937499997 0.2954760984375 0.35679807812500003 0.29572003750000003 0.3600251625 0.2974508359375 0.3615736078125 0.29906027343749997 0.3615078671875 0.300791071875 0.3630563140625 0.302400509375 0.362990575 0.30586275937499996 0.3660874390625 0.30598468125 0.3677003640625 0.30771548125 0.3692488109375 0.3079595125 0.372477128125 0.309690965625 0.374025546875 0.3098128875 0.375638471875 0.3114216703125 0.375572759375 0.3131531234375 0.3771211765625 0.3147619078125 0.3770554640625 0.31649336093749997 0.3786038828125 0.3277568046875 0.3781438125 0.3294882578125 0.3796922328125 0.3391429171875 0.3792978734375 0.34087437187499997 0.3808462921875 0.355356034375 0.3802547671875 0.35708748749999997 0.3818031875 0.3651327125 0.38147456874999996 0.3666201328125 0.3797946703125 0.3698377 0.37966324375 0.37281254218750004 0.376303446875 0.3693496375 0.37320661093749996 0.3692277140625 0.37159368593750003 0.36403466562500003 0.366948375 0.3637907265625 0.36372129062499997 0.360328475 0.3606244265625 0.360206459375 0.359010265625 0.3567443015625 0.3559146375 0.3566222859375 0.3543004765625 0.34623562343750003 0.34501111562500003 0.34462618749999996 0.3450768546875 0.3411639359375 0.341979990625 0.3395551515625 0.342045703125 0.33609299375 0.3389500734375 0.3328747734375 0.3390815265625 0.3333627421875 0.3455369265625 0.33038846093749996 0.3488954625 0.3271702390625 0.3490269171875 0.32370808125 0.3459312859375 0.32209864375 0.3459970234375 0.3169055953125 0.341351715625 0.316783671875 0.339738790625 0.294278896875 0.31961165 0.2910606765625 0.319743103125
1 0.7736783984375 0.4052593265625 0.772190975 0.406939225 0.764145753125 0.40726784374999997 0.762658890625 0.40894647968750003 0.7610494531249999 0.40901222031250006 0.7673934265625 0.492937371875 0.7915297531250001 0.491951490625 0.7914077374999999 0.49033733125 0.792895159375 0.48865743281249996 0.7927731437500001 0.4870432734375 0.7942599109375 0.4853634015625 0.7935280031249999 0.47568091875 0.7950154265625 0.47400101875 0.789647484375 0.402987903125 0.776774603125 0.40351371562500005 0.77528718125 0.4051936125 0.7736783984375 0.4052593265625
1 0.5245267578125 0.290779615625 0.5156040984375 0.30085769375 0.5157261140625 0.3024718515625 0.5112650640624999 0.3075102609375 0.5096556265625 0.30757599999999996 0.5066820921875 0.3109357453125 0.50346321875 0.3110672234375 0.5004890296875 0.3144269921875 0.4988802453125 0.31449270625 0.49739273125 0.316171371875 0.49578394687499994 0.31623708281249996 0.4942965265625 0.31791698125 0.49107895937499996 0.3180484078125 0.48959153750000006 0.31972830625 0.48637331718750004 0.3198597609375 0.484641865625 0.318311340625 0.48303308125 0.3183770515625 0.4813016296875 0.3168286359375 0.48117970625 0.3152157078125 0.47944890781250005 0.3136672640625 0.47783947031249996 0.31373300312499997 0.47610867343749996 0.312184559375 0.4728904515625 0.3123160109375 0.45653189843749997 0.3307922921875 0.4549231140625 0.33085800625 0.4531916625 0.32930958593750004 0.4499734421875 0.3294410390625 0.4482426421875 0.32789259375 0.4418062015625 0.3281555 0.43834404375 0.32505986875000004 0.43810001249999997 0.32183155 0.43636855937499996 0.32028313124999996 0.436124621875 0.317056046875 0.43093157031249996 0.3124107359375 0.43080955468750004 0.31079657968749996 0.4273473984375 0.3077009484375 0.4257386140625 0.30776665937500003 0.41881355156250005 0.301574190625 0.41869153593749997 0.2999600328125 0.4169607359375 0.2984115875 0.4162287359375 0.28872786875 0.4144972828125 0.28717945 0.41288850000000005 0.2872451609375 0.413010515625 0.2888593203125 0.41152309374999996 0.2905392203125 0.41164510937500004 0.292153378125 0.40718406093750004 0.297191784375 0.40779404531249996 0.305261346875 0.411256296875 0.3083582109375 0.4113783125 0.30997236875 0.4131090171875 0.31151958125 0.41471845468749996 0.3114538421875 0.416449253125 0.3130022875 0.41805868906250004 0.3129365484375 0.42498310000000006 0.31912904375 0.425105115625 0.32074320156249997 0.42683656875000003 0.322291621875 0.426958584375 0.3239057796875 0.428689384375 0.3254542265625 0.4288114 0.327068384375 0.43054210312499996 0.328615596875 0.43215154062499994 0.3285498578125 0.43388234062500003 0.330098303125 0.4419282171875 0.3297696578125 0.44539047031249995 0.332866521875 0.44551248593750004 0.33448068124999997 0.44724319062499995 0.3360278921875 0.447731253125 0.342484528125 0.4494626109375 0.3440317125 0.4499506734375 0.3504883484375 0.448463253125 0.352168246875 0.4487071921875 0.3553953296875 0.44573365625 0.3587550734375 0.44585567187499997 0.3603692328125 0.44436815625000003 0.362047896875 0.44461218750000003 0.365276215625 0.4431247671875 0.3669561140625 0.44336870624999997 0.3701831984375 0.4418819375 0.37186306875 0.44212596875 0.37509138750000004 0.44385676875 0.3766398328125 0.44397878437499994 0.378253990625 0.4455882203125 0.3781882515625 0.4490503796875 0.3812838828125 0.4491723953125 0.382898040625 0.45090319218749997 0.3844464875 0.4589490703125 0.3841178421875 0.4604358390625 0.3824379703125 0.46204527500000003 0.3823722296875 0.4650194640625 0.379012459375 0.46662824687500004 0.37894674687499996 0.47108995 0.3739083109375 0.474308171875 0.373776859375 0.4757949390625 0.37209698593749996 0.47740437656249995 0.372031246875 0.48037856718749994 0.368671478125 0.48025664375000005 0.367058553125 0.48174340937500004 0.36537868125 0.48162139374999996 0.36376452187499997 0.4860831 0.3587260875 0.48596108437499996 0.35711192812500003 0.4993447 0.3419942078125 0.5009541375000001 0.3419284703125 0.51285108125 0.32849185625 0.5144598640625 0.32842614375 0.51892156875 0.323387709375 0.5205303515625 0.3233219953125 0.522017771875 0.321642096875 0.5236272093750001 0.3215763578125 0.5310624484375001 0.313178178125 0.5291104796874999 0.287355340625 0.5261361953125 0.29071387656250003 0.5245267578125 0.290779615625
1 0.8848815640625001 0.467092025 0.8864903468750001 0.4670263125 0.8909520515624999 0.461987878125 0.876068290625 0.26508888750000004 0.8743368374999999 0.2635404671875 0.8582457343750001 0.26419773125 0.85675896875 0.265877603125 0.8568808890625 0.267490528125 0.8553934703125 0.2691704265625 0.8557595171875001 0.2740129015625 0.8542726546875 0.275691540625 0.8552486859374999 0.2886035765625 0.8537619171875 0.2902834484375 0.8543719015625 0.298353009375 0.8528844828125001 0.30003290625 0.8659382875 0.47272321875 0.8723747296875001 0.4724603125 0.8738614968749999 0.47078044218750004 0.877079715625 0.4706489875 0.8785671374999999 0.46896909062500003 0.8833947953125 0.468771896875 0.8848815640625001 0.467092025
3 0.7790640921875001 0.3502979578125 0.6775382249999999 0.3544449234375 0.6905802765625 0.5269797421875 0.7921061421875 0.522832775 0.7790640921875001 0.3502979578125