0 0.3022172953125 0.0944446234375 0.3053125203125 0.06796326875 0.2588987859375 0.06253828125000001 0.255223278125 0.09398425 0.26351020625 0.094952853125 0.26536129062499997 0.09349272187499999 0.298514784375 0.097367809375 0.3022172953125 0.0944446234375
0 0.2991173984375 0.22158755624999998 0.2993108828125 0.2199321984375 0.3011621375 0.21847060312500002 0.303870396875 0.19529996562500002 0.2557988875 0.1896812125 0.2523168640625 0.219471825 0.26889457499999997 0.2214094796875 0.2707439046875 0.2199476625 0.2972663140625 0.22304768749999998 0.2991173984375 0.22158755624999998
3 0.41648104999999996 0.1950399578125 0.423112134375 0.1958150203125 0.4271746078125 0.16105833281249998 0.425710321875 0.159209209375 0.4259038046875 0.15755385 0.424439346875 0.1557061875 0.4252132796875 0.1490847546875 0.42891561874999995 0.14616302812499998 0.4294960703125 0.141196953125 0.379766790625 0.1353844328125 0.37241560625000003 0.1982778328125 0.40888271875 0.20254022656249998 0.41073397343750007 0.2010786328125 0.41092728593750005 0.19942473593750001 0.41648104999999996 0.1950399578125
0 0.9167629359375 0.946403575 0.9598630546875 0.9514412578125 0.9611724796875001 0.950407446875 0.9647113015625 0.9201308812500001 0.9204386124999999 0.914956146875 0.9167629359375 0.946403575
0 0.5173563671875 0.7094406953125 0.54093815 0.50768565 0.4608414328125 0.4983236875 0.43725965 0.7000787328125 0.5173563671875 0.7094406953125
0 0.52755235 0.8367766546875 0.50979785625 0.9886760609374999 0.5924628109375 0.9867520125 0.608881325 0.84628265 0.52755235 0.8367766546875
5 0.5583510328125 0.64624695625 0.5739390203125 0.5128832046875 0.5393202968749999 0.5088368562500001 0.5237323093749999 0.6422006078125 0.5583510328125 0.64624695625
5 0.3509266734375 0.26375590625 0.35899219375 0.1947509765625 0.31973324999999997 0.1901622640625 0.31166773124999997 0.2591671953125 0.3509266734375 0.26375590625
5 0.42446497031249997 0.3875879515625 0.43202500625000007 0.32290770156250004 0.396790153125 0.3187893375 0.389230115625 0.3834695890625 0.42446497031249997 0.3875879515625
5 0.081708065625 0.2064008765625 0.09748219218750001 0.071444590625 0.06305600781250001 0.067420746875 0.0472818796875 0.20237703125 0.081708065625 0.2064008765625
1 0.3680445796875 0 0.36403638437499997 0.0083938640625 0.8964837796875 0.9087410406249999 0.9178394843750001 0.887299753125 0.39562805624999997 0 0.3680445796875 0
1 0.49200160468750004 0.28518137656250003 0.5149429953125 0.2590736734375 0.430083784375 0.12860457187500002 0.4124342125 0.15178380625000001 0.49200160468750004 0.28518137656250003
1 0.511354503125 0.258934146875 0.49059000781249995 0.2827312015625 0.5892995515624999 0.45992896562499996 0.615818728125 0.4329169125 0.511354503125 0.258934146875
1 0.6169402578125001 0.43440903906250006 0.5902502703125 0.45733874375 0.6943896671875 0.6329985421875 0.717532646875 0.6127302875 0.6169402578125001 0.43440903906250006
1 0.7191429890625 0.6118270124999999 0.6954918625000001 0.630631884375 0.79670523125 0.8101024015625 0.821399003125 0.7872696359375 0.7191429890625 0.6118270124999999
1 0.896217984375 0.9051540906250001 0.8223352671875 0.7825154624999999 0.7951189171874999 0.8105997296874999 0.8697167078125 0.9381411140625 0.8944679109375 0.9082714203125001 0.9007231734375001 0.9040130640624999 0.896217984375 0.9051540906250001
2 0.84390736875 0.9808995749999999 0.8597695156249999 0.9620636390625 0.8607025890625 0.9335923515625 0.3432160203125 0.0457266578125 0.30801548125 0.036388814062500004 0.0634918890625 0.01443269375 0.06029235468750001 0.0418064640625 0.3102634125 0.063309571875 0.8330365625 0.9429649359375001 0.793239071875 0.98207889375 0.84390736875 0.9808995749999999