0 0.5117731875 0.5671666546874999 0.513540315625 0.5771792687499999 0.5174793984375 0.5799074828124999 0.6012418484375 0.5646490390625 0.5856312265625 0.47619863906250004 0.5001938359375 0.49176219843749996 0.513153646875 0.5651930000000001 0.5117731875 0.5671666546874999
0 0.2208818671875 0.907820315625 0.224823278125 0.910546709375 0.30356090468749997 0.8962036015624999 0.288539246875 0.8110902890625 0.2030992890625 0.8266543140625 0.21281932656250002 0.8817284328125 0.2147887484375 0.8830918625 0.218617725 0.9047869859375 0.2205873875 0.9061517718750001 0.2208818671875 0.907820315625
4 0.3148489875 0.029434731250000002 0.1959076421875 0.05110147968749999 0.20798377031249998 0.1195252984375 0.32692511562500004 0.09785855 0.3148489875 0.029434731250000002
1 0.401791371875 0 0.33015710625 0.013049134374999998 0.4322156 0.730005015625 0.5404778375 0.71036755 0.4354946359375 0 0.401791371875 0
1 0.068927290625 0.060635621875000004 0.0958550109375 0.1917929203125 0.192776584375 0.1772165953125 0.1707792984375 0.0420819234375 0.068927290625 0.060635621875000004
1 0.196690871875 0.1772842078125 0.096101359375 0.19009860781250001 0.161110334375 0.63764193125 0.2575834515625 0.622928034375 0.196690871875 0.1772842078125
1 0.2820255671875 0.627507615625 0.2554516671875 0.6359452703125 0.251856021875 0.6215874421875001 0.2150811421875 0.628643225 0.2314059828125 0.70739985625 0.27800315625 0.6952601328125 0.267302090625 0.6653637125 0.32825038906250004 0.62365353125 0.3517540828125 0.6172007500000001 0.3385424703125 0.5523036375 0.27322469531250004 0.5644259828125 0.2820255671875 0.627507615625
1 0.24031829531249999 0.7671077515625 0.29080764062500003 0.7579104453125 0.28657128906249996 0.7297519359375 0.385755146875 0.65788098125 0.4184984515625 0.65547824375 0.4104787671875 0.5979329046874999 0.352763021875 0.6091768828124999 0.3592380234375 0.6458644953125 0.2778252125 0.697717040625 0.2337645296875 0.7041428078124999 0.24334883125 0.7629630296875 0.24031829531249999 0.7671077515625
1 0.0071083953125 0.4072396734375 0.026088198437499998 0.4031759046875 0.186439 0.25621223125000003 0.1472834953125 0.23230359687500002 0.0058737265625 0.3365055765625 0.0071083953125 0.4072396734375
1 0.009414404687499999 0.539350853125 0.0215621265625 0.6081803265625 0.0748729671875 0.5957989421875001 0.0494090859375 0.5095869343749999 0.0090741828125 0.5198596234374999 0.009414404687499999 0.539350853125
3 0.057864773437499996 0.8138725593749999 0.1417529078125 0.79859121875 0.1242443046875 0.69938678125 0.0403561703125 0.7146681218750001 0.057864773437499996 0.8138725593749999