4 0.46282324375000006 0.4341092765625 0.4647869359375 0.4353934 0.46517101250000004 0.4369873765625 0.469097321875 0.43955746875 0.46948177500000005 0.4411530015625 0.4710599359375 0.4408434359375 0.4749862453125 0.4434135265625 0.5555087984375 0.4276185296875 0.556703959375 0.4257131453125 0.5582835734375 0.42540329374999997 0.55947765625 0.4234997515625 0.5610572703125001 0.4231899015625 0.5426136390625 0.34664635312500003 0.5308332640625 0.33893636250000003 0.5304491859375 0.3373423859375 0.522598025 0.332201915625 0.522213946875 0.330607940625 0.5202498796875 0.3293222578125 0.5198658015625 0.3277282828125 0.5139754265625001 0.3238725078125 0.4397684234375 0.338428671875 0.4385747140625 0.340333771875 0.4389587921875 0.341927746875 0.43776363281249997 0.34383313125 0.4381477109375 0.34542710625 0.4369525484375 0.3473324921875 0.4373366265625 0.3489264671875 0.43614254375000006 0.3508300109375 0.4399852015625 0.36677755625 0.441947440625 0.36806196562500004 0.4431004265625 0.3728470078125 0.44506411874999996 0.3741311328125 0.45313313749999995 0.40761864374999995 0.4550972046875 0.40890432656250003 0.4604765484375 0.43122933124999996 0.462438790625 0.43251374218749994 0.46282324375000006 0.4341092765625
5 0.4255598265625 1 0.35313979375 0.699447134375 0.203144721875 0.728869596875 0.2007554765625 0.7326785250000001 0.20113993125000001 0.7342740562500001 0.1987506859375 0.738082984375 0.261861178125 1 0.4255598265625 1
4 0.5311475031249999 0.4774865984375 0.414311253125 0.500404753125 0.43890276093749997 0.6024628187500001 0.440865378125 0.6037487859375 0.4420179875 0.6085322703125 0.44398205468749996 0.609817953125 0.4443661328125 0.611411928125 0.55804460625 0.5891131921875 0.5311475031249999 0.4774865984375
0 0.2453277203125 0.1628057375 0.23764315468750002 0.1309137609375 0.198170234375 0.13865661875 0.2054707203125 0.16895461875 0.2074344125 0.17023874375 0.2453277203125 0.1628057375
4 0.47951415468749997 0.098499628125 0.47831861875000004 0.1004034546875 0.496378171875 0.175353028125 0.5847958921874999 0.15800934375 0.564046665625 0.0718972671875 0.483522659375 0.08769255000000001 0.478745625 0.09531011874999999 0.47951415468749997 0.098499628125
4 0.8664875203125 0.1879247453125 0.845354215625 0.10021869218749999 0.7695675984375 0.11508470625 0.78954829375 0.1980072734375 0.7954368390625 0.20186177500000002 0.8664875203125 0.1879247453125
5 0.20525394062500002 0.14060573437499999 0.1405202640625 0.153303646875 0.1777919796875 0.3079862765625 0.2425256578125 0.295288365625 0.20525394062500002 0.14060573437499999
0 0.340731690625 0.0372098171875 0.33718563125 0.022493199999999998 0.2961345484375 0.030545623437500002 0.2981439171875 0.038884779687499996 0.3001076109375 0.0401689046875 0.3004916890625 0.04176288125 0.3044179953125 0.0443329734375 0.340731690625 0.0372098171875
0 0.6569915515625 0.0870665359375 0.6573756296875 0.0886605109375 0.663265628125 0.092514728125 0.699579325 0.085391571875 0.690357696875 0.0471205765625 0.6477284484375 0.0554825671875 0.6550289359375 0.08578056875 0.6569915515625 0.0870665359375
0 0.3232948109375 0.17757273125 0.28224227343749997 0.185625440625 0.2903112921875 0.21911295156250002 0.292275359375 0.220398634375 0.2926594375 0.22199260937499998 0.2958172125 0.2213731921875 0.2977812796875 0.22265887499999998 0.3040953796875 0.22142032500000003 0.30529054218749996 0.21951494062500002 0.30686870312500003 0.21920537499999998 0.3088327703125 0.22049105624999998 0.3325168140625 0.215845284375 0.3232948109375 0.17757273125
1 0.2418764 0.5876698375 0.23991270937500003 0.5863857125 0.23837564531250002 0.5800066937499999 0.23641340624999999 0.5787222859375001 0.23483379218749997 0.5790321359374999 0.2309089359375 0.576461759375 0.2293293234375 0.5767716109375 0.22540301718750003 0.57420151875 0.2238248546875 0.574511084375 0.21204593124999999 0.566800809375 0.211661853125 0.565206834375 0.2096981625 0.5639227078125 0.209313709375 0.5623271734374999 0.20735001562500002 0.56104305 0.20696556406250002 0.559447515625 0.2050033234375 0.55816310625 0.20423479218749999 0.554973596875 0.1963821765625 0.5498334140625001 0.1959980984375 0.5482394375 0.19403403125000002 0.5469537546875001 0.19245586875 0.547263321875 0.186565871875 0.5434091046875 0.18618179375 0.5418151296875 0.1842191765625 0.5405291625 0.1834506453125 0.537339653125 0.18148840625 0.53605524375 0.1807198734375 0.532865734375 0.17875618124999998 0.5315816109375 0.178371728125 0.5299860765625 0.1764080375 0.5287019500000001 0.17563950625 0.525512440625 0.1736768890625 0.5242264734375001 0.17329281093749999 0.5226324984375 0.1713287453125 0.5213468156250001 0.1709446671875 0.519752840625 0.168982425 0.51846843125 0.168597971875 0.516872896875 0.1666357328125 0.5155884875 0.1658672 0.5123989796874999 0.1639031328125 0.511113296875 0.1635190546875 0.5095193203124999 0.15763050781250001 0.5056648203125 0.1572460546875 0.5040692859375 0.1552823640625 0.5027851609375 0.1548979109375 0.501189628125 0.15293421875 0.49990550312500004 0.1525497640625 0.4983099703125 0.14862383125 0.4957414359375 0.1482393796875 0.494145903125 0.1443145234375 0.49157552656250003 0.14393044531250002 0.48998154843749997 0.1419663765625 0.488695865625 0.1415823 0.487101890625 0.1396186078125 0.48581776562499995 0.139234153125 0.4842222328125 0.1353092984375 0.48165185624999995 0.1349252203125 0.4800578796875 0.132961153125 0.47877219687499994 0.132577075 0.47717822187500003 0.1266870765625 0.47332400625000004 0.12630262187500002 0.471728471875 0.1243403828125 0.47044406250000004 0.12357185156249999 0.46725455312499997 0.12160923593749999 0.4659685859375 0.12122515781250001 0.4643746109375 0.1172973984375 0.461804803125 0.11691332031249999 0.46021082812499997 0.112988465625 0.45764045 0.11260401093750001 0.45604491718749995 0.10671401250000001 0.45219069999999995 0.106329934375 0.45059672500000003 0.1043658671875 0.44931104218750006 0.1039817890625 0.447717065625 0.1020191734375 0.44643109843750006 0.10163509531249999 0.44483712343750004 0.0977087875 0.44226703125 0.097324709375 0.44067305625 0.0914357859375 0.43681699687500003 0.09105170781250001 0.435223021875 0.08908764062499999 0.4339373390625 0.0887035625 0.4323433625 0.086739496875 0.4310576796875 0.08635541875 0.42946370468749995 0.08242911093750001 0.42689361249999996 0.0816605796875 0.42370410312500006 0.079698340625 0.42241969375000005 0.0793138859375 0.4208241609375 0.0773516453125 0.41953975000000004 0.0769675671875 0.417945775 0.073039809375 0.41537596718750003 0.07265535468749999 0.413780434375 0.070693115625 0.412496025 0.069924584375 0.409306515625 0.0679619671875 0.4080205484375 0.0675778890625 0.406426571875 0.06365013124999999 0.40385676562499995 0.062497521874999996 0.39907328125 0.06053490625 0.3977873125 0.05976675 0.3945993625 0.05780268281249999 0.3933136796875 0.0574186046875 0.3917197046875 0.0554559890625 0.39043373593749997 0.020720457812500002 0.3972473265625 0.021104909375 0.3988428609375 0.0230686015625 0.40012698437500005 0.0242212109375 0.40491046875 0.026183825 0.40619643749999995 0.027336434375000003 0.410979921875 0.0292990515625 0.4122658890625 0.029683129687499997 0.4138598640625 0.031646820312500004 0.41514398906250005 0.0320312734375 0.41673952343750004 0.037921275 0.4205937390625 0.038305726562499996 0.42218927187500005 0.0422305828125 0.42475965000000004 0.0426146609375 0.42635362499999996 0.044578353125 0.42763775 0.04496280625 0.42923328437499997 0.0488891140625 0.43180337656249995 0.049273192187499995 0.4333973515625 0.0512358078125 0.43468331875 0.0520039640625 0.4378712703125 0.055930270312499995 0.4404413625 0.056314723437500006 0.4420368953125 0.060242484375 0.444606703125 0.061011015625 0.4477962125 0.06493549531250001 0.45036503124999994 0.0653199484375 0.45196056406249996 0.0692477078125 0.45453037187499995 0.0700162390625 0.4577198796875 0.07394071875 0.4602886984375 0.074325171875 0.4618842328125 0.0782514796875 0.464454325 0.0786355578125 0.4660483015625 0.08452593281250001 0.4699040765625 0.0849100109375 0.4714980515625 0.08687225 0.47278246093750004 0.08725670468749999 0.4743779953125 0.089220396875 0.47566211875000003 0.08960485 0.477257653125 0.0935311578125 0.47982774531250005 0.0939152359375 0.48142172031249997 0.0958774765625 0.4827061296875 0.096261928125 0.48430166249999995 0.1041159953125 0.4894415625 0.10450007343750001 0.4910355375 0.11038861874999999 0.4948900390625 0.11077307343750001 0.496485571875 0.1127367671875 0.4977696984375 0.11312121875 0.49936523125 0.1150834578125 0.5006496406250001 0.11546791249999999 0.502245175 0.1193938453125 0.504813709375 0.120162375 0.5080032171875 0.12212499218749999 0.5092891859375 0.1228935234375 0.51247869375 0.12485721406250001 0.51376281875 0.125625746875 0.516952328125 0.1275894390625 0.518236453125 0.129895034375 0.5278049796875 0.12869949687499999 0.52970880625 0.1310050921875 0.5392773359375 0.132969159375 0.54056301875 0.133737315625 0.5437509687500001 0.1376621703125 0.5463213453125 0.138046625 0.5479168796875 0.1400103171875 0.5492010046875 0.1403947703125 0.5507965375 0.1462833171875 0.5546510390625 0.14782038125000002 0.5610300578125 0.1497840734375 0.56231418125 0.1501685265625 0.563909715625 0.152130765625 0.565194125 0.15528999375000002 0.564574421875 0.157252234375 0.56585883125 0.1588303953125 0.565549265625 0.1666830109375 0.5706894499999999 0.1678356203125 0.5754729359375 0.169415234375 0.575163084375 0.17137784843749998 0.5764490515625 0.1761152375 0.5755197843750001 0.1780774796875 0.5768041921875 0.18281486875 0.575874925 0.184777484375 0.5771608921875 0.186357096875 0.576851040625 0.2000997125 0.585845440625 0.20048379062500002 0.5874394171875 0.20637271250000003 0.5912954765625 0.206756790625 0.5928894515625001 0.21068309687500003 0.59545954375 0.211067175 0.59705351875 0.2169560984375 0.600909578125 0.2173401765625 0.602503553125 0.2232301765625 0.6063577718750001 0.22361462968749998 0.6079533046875001 0.2275409375 0.610523396875 0.22792501562499998 0.6121173718749999 0.241667628125 0.6211117734375 0.24205208281249999 0.6227073062499999 0.2499028703125 0.6278462171875 0.250287321875 0.62944175 0.2522510140625 0.630725875 0.2526354671875 0.632321409375 0.256561775 0.6348914999999999 0.256945853125 0.6364854765625 0.25890809375 0.6377698859375001 0.2592925484375 0.6393654203125 0.2612562390625 0.6406495453125001 0.26164069218749997 0.642245078125 0.2832359203125 0.6563796625 0.28361999843749996 0.6579736375 0.287544853125 0.660544015625 0.29544001875000003 0.6589953296875 0.2966337265625 0.6570902296875001 0.294328509375 0.647523259375 0.29236589375 0.6462372921874999 0.290060675 0.6366703234375 0.28417029843749997 0.6328145484375 0.2837862203125 0.6312205718749999 0.28182398124999997 0.6299361625000001 0.2814395265625 0.6283406281249999 0.27555098125 0.624486128125 0.27516652656249996 0.62289059375 0.27320283437500004 0.62160646875 0.272434303125 0.6184169609375 0.2704706109375 0.6171328359375 0.2697020796875 0.6139433265625 0.265777225 0.61137295 0.26500869374999997 0.608183440625 0.2630450015625 0.6068993171875 0.26227646875 0.6037098078125 0.2603124015625 0.602424125 0.2599283234375 0.60083015 0.2540397765625 0.596975646875 0.252461615625 0.5972852125 0.24657123906249998 0.5934294375 0.2461871609375 0.5918354625 0.24226085312499998 0.5892653703125 0.2418764 0.5876698375
2 0.39001984218749997 0.0358931109375 0.3907879984375 0.0390810609375 0.389594290625 0.0409861609375 0.38997836874999997 0.0425801375 0.38878320781250003 0.044485521875 0.38955173906249996 0.04767503125 0.38835765625 0.049578571875 0.3891261875 0.05276808125 0.38793065000000004 0.0546719078125 0.3883151046875 0.0562674421875 0.3859258609375 0.06007636875 0.3863099390625 0.06167034375 0.38511477968749996 0.063575728125 0.3854988578125 0.065169703125 0.38430477343749997 0.067073246875 0.384689228125 0.06866878125 0.383493690625 0.0705726078125 0.38387814531250003 0.072168140625 0.3826840609375 0.0740716828125 0.383068515625 0.07566721562499999 0.38187442968749996 0.0775707578125 0.38264296249999996 0.0807602671875 0.38144742656249997 0.08266409375 0.3818318796875 0.084259628125 0.3806377953125 0.08616316874999999 0.3810222484375 0.087758703125 0.3798267140625 0.0896625296875 0.38021116718750003 0.0912580625 0.3790170828125 0.0931616046875 0.3797856140625 0.09635111406249999 0.3785900796875 0.098254940625 0.3793586109375 0.10144444999999999 0.37816345 0.103349834375 0.37854752812500003 0.104943809375 0.3773534453125 0.1068473515625 0.378121978125 0.1100368625 0.37692681562499997 0.11194224687500001 0.3780794265625 0.11672573125 0.37688571875 0.11863083125 0.37765387499999997 0.1218187828125 0.376460165625 0.12372388281249999 0.37684424375000003 0.1253178578125 0.3756490828125 0.1272232421875 0.3760331609375 0.12881721875000002 0.3748394515625 0.1307223171875 0.3756076078125 0.13391026875 0.367244715625 0.1472424328125 0.36762879375 0.14883640781250002 0.3664347109375 0.15073995 0.3668191640625 0.152335484375 0.3656236265625 0.1542393125 0.366392159375 0.1574288203125 0.3651984515625 0.1593339203125 0.3655825296875 0.160927896875 0.3643869921875 0.16283172343750002 0.3647714453125 0.16442725625000001 0.3635773625 0.1663307984375 0.3639618171875 0.16792633125 0.3615711203125 0.17173554375 0.3619551984375 0.17332951875 0.3607614890625 0.17523461875 0.3611455671875 0.17682859374999998 0.3599500328125 0.1787324203125 0.3603344859375 0.18032795468750001 0.3591404015625 0.182231496875 0.3595248546875 0.1838270296875 0.358330771875 0.185730571875 0.35871522499999997 0.1873261046875 0.3575196890625 0.18922993125 0.3579037671875 0.19082390625 0.356710059375 0.1927290078125 0.35709413749999996 0.1943229828125 0.35470489375 0.1981319109375 0.3550893453125 0.1997274421875 0.35269865 0.2035366546875 0.353082728125 0.20513063125 0.35188864531249997 0.207034171875 0.3526571765625 0.21022368125000002 0.351462015625 0.21212906718750002 0.35184609375 0.2137230421875 0.3494583015625 0.217531684375 0.3498423796875 0.219125659375 0.3462579765625 0.2248399703125 0.3446798140625 0.22514953593749998 0.3434842765625 0.22705336250000002 0.34386873125 0.228648896875 0.3426731953125 0.2305527234375 0.3449787890625 0.24012125 0.34378470625 0.2420247921875 0.344937315625 0.246808278125 0.3437421546875 0.2487136640625 0.3448947640625 0.25349714843750004 0.34250697343750003 0.2573057890625 0.342891428125 0.2589013234375 0.341695890625 0.26080515000000004 0.34207996875 0.262399125 0.34088626093749996 0.264304225 0.3416547921875 0.267493734375 0.34045925625 0.2693975609375 0.34084370937499997 0.27099309374999997 0.338454090625 0.2748004625 0.3388385421875 0.276395996875 0.3376430078125 0.278299821875 0.33802746250000004 0.27989535625 0.336833378125 0.2817988984375 0.33721783125 0.28339443124999997 0.3360222953125 0.28529825781249996 0.33640675 0.2868937921875 0.3352126640625 0.2887973359375 0.3355967421875 0.2903913109375 0.334403034375 0.29229641093750003 0.3351715671875 0.2954859203125 0.3339760296875 0.297389746875 0.3347445609375 0.30057925625 0.329966075 0.3081971078125 0.328386459375 0.308506959375 0.3271923765625 0.3104105015625 0.3161408859375 0.31257831875000003 0.314177196875 0.3112941953125 0.31101941875 0.3119136125 0.30905535156249997 0.31062792968749997 0.3102083375 0.315412971875 0.3117879515625 0.315103121875 0.313750190625 0.3163875296875 0.3141346453125 0.3179830640625 0.3160983359375 0.31926718906249996 0.3164824140625 0.3208611640625 0.318062028125 0.3205513125 0.3219883359375 0.3231214046875 0.3223727890625 0.3247169390625 0.3243350296875 0.3260013484375 0.327024703125 0.3371638515625 0.32583099375 0.339068953125 0.326215071875 0.340662928125 0.3250199109375 0.34256831249999997 0.32578806718750003 0.3457562625 0.3233988234375 0.3495651890625 0.3241673546875 0.35275469843749996 0.3229721953125 0.35466008437499996 0.32450888125 0.36103754375 0.3233151734375 0.36294264374999996 0.32408370625 0.366132153125 0.32288816875 0.3680359796875 0.3236567 0.3712254890625 0.32246261718749997 0.37312903125 0.3232311484375 0.376318540625 0.322037440625 0.378223640625 0.32242151875 0.379817615625 0.3212263578125 0.3817230015625 0.3216104359375 0.3833169765625 0.3192211921875 0.387125903125 0.3199897234375 0.3903154125 0.3187956390625 0.392218953125 0.319948625 0.397003996875 0.318753090625 0.3989078234375 0.32221129375 0.4132598359375 0.3210157578125 0.41516366250000003 0.3214002125 0.4167591953125 0.32020612656249997 0.41866273906249996 0.32059058125 0.420258271875 0.31939504687500003 0.42216209843749997 0.3205476546875 0.42694558281250006 0.319353946875 0.42885068437499996 0.32050655625 0.43363416875 0.31931284843749996 0.43553926875000004 0.3196969265625 0.43713324374999996 0.31850138906250003 0.4390370703125 0.31888584375 0.44063260312499997 0.317691759375 0.4425361453125 0.31807621406250003 0.4441316796875 0.31568696875 0.44794060625 0.316071046875 0.44953458125 0.3148758859375 0.451439965625 0.3152599640625 0.453033940625 0.31406442968750004 0.4549377671875 0.3148329609375 0.458127278125 0.31363925312499996 0.4600323765625 0.31440778593749996 0.46322188750000004 0.3132137015625 0.4651254296875 0.313597778125 0.4667194046875 0.31240261875 0.46862478906250005 0.312786696875 0.47021876406249996 0.3115929875 0.47212386562499997 0.31236151875 0.4753133734375 0.311165984375 0.4772172 0.3127030484375 0.48359621875 0.3115089625 0.4854997609375 0.313430103125 0.4934727546875 0.31223494375 0.4953781390625 0.3141560859375 0.503351134375 0.3129623765625 0.505256234375 0.3137305328125 0.5084441859375 0.312535371875 0.5103495703125 0.31291945 0.5119435453125 0.31053020781249996 0.5157524718750001 0.30895204375 0.5160620375 0.30656280156250004 0.5198709640625 0.3069468796875 0.5214649390625 0.3057517171875 0.5233703249999999 0.3061357953125 0.5249642999999999 0.3049420875 0.5268694 0.30532616562500003 0.5284633750000001 0.3041310046875 0.5303687609375001 0.3045150828125 0.5319627359375 0.303321375 0.5338678359375 0.30408953125 0.5370557859375 0.30605214687500004 0.5383417546875 0.306436225 0.5399357296875 0.3084002921875 0.5412214125 0.309168825 0.5444109218750001 0.3079732890625 0.54631475 0.3083573671875 0.547908725 0.3071636578125 0.549813825 0.30793218906250003 0.553003334375 0.306736653125 0.5549071609375 0.3075051859375 0.5580966703125 0.30631002500000004 0.5600020546875 0.3070781796875 0.5631900046875 0.3046903890625 0.566998646875 0.3054589203125 0.57018815625 0.304263759375 0.572093540625 0.3058004484375 0.5784710015625001 0.3046052875 0.5803763859375 0.3065264296875 0.58834938125 0.3053323453125 0.5902529234375 0.306100875 0.59344243125 0.3037116328125 0.5972513578124999 0.3044801640625 0.6004408671875 0.3032860796875 0.602344409375 0.304439065625 0.6071294515625001 0.3032435296875 0.609033278125 0.30785434375 0.6281687765624999 0.3066591828125 0.6300741609375 0.3070432609375 0.6316681375 0.305849553125 0.6335732375 0.3038869375 0.6322872687500001 0.2991495484375 0.6332165375 0.29718585625 0.6319324140625 0.29680140312500003 0.6303368796875 0.29483916250000003 0.62905246875 0.294455084375 0.6274584937500001 0.290528778125 0.6248884015625 0.30167154687500003 0.6711323921875 0.32219781406250003 0.6671060375 0.320234121875 0.6658219109375 0.319465590625 0.6626324015625 0.3175033515625 0.66134799375 0.31673481875 0.658158484375 0.3179285265625 0.656253384375 0.3171599953125 0.653063875 0.3255218109375 0.639733553125 0.32513773281249997 0.638139578125 0.32633327031250003 0.6362357515625 0.3259488171875 0.63464021875 0.3271443546875 0.6327363921875 0.326375821875 0.6295468828125 0.32756952968749997 0.6276417828125 0.3268009984375 0.6244522734375 0.32799653281249996 0.6225484453125001 0.3276124546875 0.6209544703125001 0.3288061640625 0.6190493703125 0.3284220859375 0.61745539375 0.329617246875 0.6155500093749999 0.3288487140625 0.6123605000000001 0.3300427984375 0.610456959375 0.3288901890625 0.6056734734375 0.330085346875 0.6037680890625 0.32970126875 0.6021741140625 0.3308949796875 0.6002690140625 0.33051090156249996 0.5986750390625 0.331704609375 0.5967699390625001 0.33132053125 0.5951759625 0.3325160671875 0.5932721359375 0.327904878125 0.5741350796875 0.3259411859375 0.57285095625 0.323635590625 0.563282428125 0.3248311265625 0.5613786015625 0.32367851718749996 0.5565951171875 0.3248736765625 0.5546897328125 0.32448959843749997 0.5530957562500001 0.3304617984375 0.5435728046875 0.3300777203125 0.541978828125 0.331273253125 0.5400750000000001 0.329736190625 0.5336959828125 0.3309298984375 0.5317908828125 0.329777290625 0.527007396875 0.3309713734375 0.52510385625 0.3305869203125 0.523508321875 0.3341716984375 0.51779556875 0.33378724531250004 0.5162000359375 0.3349827828125 0.514296209375 0.33459870468749997 0.5127022343750001 0.33579241249999997 0.510797134375 0.335408334375 0.5092031578125 0.3366034953125 0.5072977734374999 0.3358349640625 0.5041082640625001 0.337029046875 0.5022047234375 0.33587643749999996 0.4974212359375 0.3370701453125 0.49551613593750005 0.3366860671875 0.4939221609375 0.337881228125 0.4920167765625 0.3371126953125 0.48882726718749997 0.33830678125 0.48692372500000003 0.337922703125 0.48532975 0.3391178625 0.483424365625 0.3375807984375 0.47704534687500005 0.3387763359375 0.4751415203125 0.3383922578125 0.4735475453125 0.339585965625 0.4716424453125 0.3392018875 0.4700484703125 0.340397046875 0.468143084375 0.34001296875000003 0.466549109375 0.341206678125 0.464644009375 0.339669990625 0.45826655 0.34086515 0.4563611640625 0.340481071875 0.4547671875 0.3428688640625 0.45095854687500003 0.34210033281249996 0.44776903749999997 0.34329586875 0.4458652109375 0.34175880625 0.4394861921875 0.3429525140625 0.43758109218749996 0.34218398125 0.43439158281249995 0.34337951875 0.43248775625 0.342995440625 0.43089378125 0.3441906 0.428988396875 0.3430379890625 0.42420491250000003 0.34423170000000003 0.4222998109375 0.34307909062499997 0.4175163265625 0.344274625 0.41561250000000005 0.343890171875 0.41401696718750003 0.34508425468750004 0.4121134234375 0.34469980312500004 0.410517890625 0.3458953375 0.40861406406249995 0.34551088281250003 0.40701852968749996 0.34670496875 0.4051149875 0.3443993734375 0.3955464609375 0.3455934578125 0.39364291875 0.3452093796875 0.39204894375 0.346404540625 0.3901435578125 0.34602046249999996 0.38854958281249996 0.3472141703125 0.3866444828125 0.3468300921875 0.3850505078125 0.3480252515625 0.38314512343749996 0.3476411734375 0.381551146875 0.3500304171875 0.377742221875 0.3496463390625 0.3761482453125 0.352035584375 0.37233931875000004 0.3512670515625 0.3691498109375 0.3524622140625 0.367244425 0.35169405625 0.3640564734375 0.352887765625 0.36215137343750003 0.3525036875 0.360557396875 0.3536973953125 0.358652296875 0.35331331875 0.357058321875 0.35450847812499997 0.3551529375 0.35373994531249997 0.35196342812500003 0.35493403125 0.35005988593750004 0.354549953125 0.3484659109375 0.3557451109375 0.34656052656249997 0.3553610328125 0.3449665515625 0.3565561953125 0.343061165625 0.3557876625 0.33987165625000004 0.356981746875 0.337968115625 0.3558291375 0.33318463125000003 0.35702429687500004 0.3312792453125 0.3558716875 0.3264957609375 0.357065396875 0.3245906609375 0.35668131718749996 0.322996684375 0.3578768546875 0.32109285781249997 0.35749240000000004 0.3194973234375 0.358686484375 0.3175937828125 0.3583020296875 0.3159982484375 0.35949611406250004 0.3140947078125 0.3591116609375 0.3124991734375 0.360307196875 0.310595346875 0.35992311875 0.309001371875 0.3611168265625 0.307096271875 0.3607327484375 0.30550229687499997 0.36192790937499997 0.30359691093749996 0.361159378125 0.3004074015625 0.362354915625 0.298503575 0.3615863828125 0.295314065625 0.362780465625 0.293410525 0.3623960125 0.291814990625 0.363591546875 0.2899111640625 0.36282301562499997 0.28672165625 0.36401672500000004 0.2848165546875 0.362864115625 0.28003306875 0.36405965 0.2781292421875 0.363675196875 0.276533709375 0.367258525 0.270821240625 0.366874071875 0.2692257078125 0.37045885156249997 0.2635129546875 0.36969032031250004 0.26032344531249996 0.3708844046875 0.25841990312499996 0.3697317953125 0.25363641875 0.3709269546875 0.251731034375 0.3701584234375 0.24854152499999999 0.3725476671875 0.2447325984375 0.372163590625 0.2431386234375 0.37335729687499997 0.24123352343749999 0.37297321875 0.23963954843750002 0.3741673046875 0.23773600468749997 0.37378285 0.2361404703125 0.374978384375 0.23423664375 0.37459393125 0.2326411109375 0.375788015625 0.23073756875 0.37540356406250003 0.229142034375 0.37659909687500004 0.227238209375 0.37621501875 0.22564423281249998 0.37741018125000003 0.22373884843749997 0.377026103125 0.2221448734375 0.379415346875 0.218335946875 0.37903089375 0.2167404125 0.3802249765625 0.214836871875 0.3794564453125 0.2116473625 0.38065198125 0.2097435359375 0.3802675265625 0.2081480015625 0.382655321875 0.20433935937499997 0.38227124375 0.202745384375 0.3834664015625 0.20084 0.38269824531249996 0.1976520484375 0.3862826515625 0.1919377375 0.3858985734375 0.1903437609375 0.38709228125 0.1884386609375 0.3863237484375 0.1852491515625 0.38871336875 0.1814417828125 0.388328915625 0.17984625 0.3895244515625 0.1779424234375 0.3891399984375 0.1763468890625 0.39033408125 0.1744433484375 0.3895655484375 0.1712538390625 0.390759634375 0.169350296875 0.3903751796875 0.1677547640625 0.39515511875 0.160136625 0.394771040625 0.15854265 0.4019373234375 0.14711615625000002 0.40351693749999995 0.1468063046875 0.40710171562499997 0.14109354999999998 0.4067176375 0.13949957500000001 0.4079113453125 0.137594475 0.40752726875 0.1360005 0.40872242812500004 0.13409511406250002 0.40603275625 0.1229326109375 0.40406906249999996 0.12164848749999999 0.40176346875 0.112079959375 0.40295900625 0.11017613281250001 0.402190475 0.10698662343750001 0.40338418125000003 0.10508152500000001 0.403000103125 0.10348754687499999 0.40419526406250006 0.1015821625 0.40381118593750004 0.0999881875 0.40500526875 0.0980846453125 0.403852284375 0.09329960312499999 0.40504637031249996 0.0913960609375 0.40466191562500003 0.08980052656250001 0.40705153593750004 0.08599315937499999 0.40666708281249997 0.084397625 0.40786261718750005 0.0824937984375 0.4074781625 0.080898265625 0.41225665312500004 0.0732804125 0.411872575 0.0716864359375 0.413068109375 0.069782609375 0.41268365625000003 0.0681870765625 0.41507144843750005 0.064378434375 0.4146873703125 0.062784459375 0.41588253125 0.060879075000000005 0.4147299203125 0.05609558906249999 0.41592400312500005 0.054192046875 0.4155395515625 0.052596512500000005 0.417930246875 0.0487873015625 0.40823631093749996 0.008556168749999999 0.395605209375 0.011033837500000001 0.3956930625 0.0113984421875 0.394497903125 0.013303826562500001 0.39488198125 0.014897801562499998 0.393688271875 0.0168029015625 0.39445680312500003 0.0199924109375 0.39326126875 0.0218962375 0.39364534687499997 0.0234902140625 0.3924501859375 0.0253956 0.3928342640625 0.026989575 0.3904450203125 0.030798501562500004 0.39121355156250004 0.0339880109375 0.39001984218749997 0.0358931109375
3 0.3973901296875 0.6840882671874999 0.386246984375 0.63784271875 0.2851981609375 0.657664071875 0.295956853125 0.7023140859375 0.297919465625 0.703600053125 0.3973901296875 0.6840882671874999
2 0.6714557640625001 0 0.67093530625 0.0008297390625 0.6720879171874999 0.0056132234375 0.670894209375 0.0075183234375 0.6755050234375 0.026653821875 0.6743109406250001 0.0285573640625 0.6758480015624999 0.0349363828125 0.67345730625 0.03874559375 0.67187914375 0.039055159374999995 0.6753373500000001 0.0534071734375 0.691126228125 0.0503100875 0.6923199359375001 0.0484049875 0.734950634375 0.0400427125 0.73691325 0.041328679687499995 0.7621754562499999 0.036373340625 0.7645661515625 0.032564128125 0.7661443125 0.0322545625 0.7673394734375 0.030349178124999997 0.7689176343749999 0.0300396109375 0.7701131718750001 0.028135784375 0.804848703125 0.0213221953125 0.8060427890625 0.019418653124999997 0.9050386625 0 0.7858386 0 0.758033821875 0.0054540796875 0.7568386609375 0.0073594640624999996 0.7552590484375 0.007669315625000001 0.7532964328125 0.0063833484375 0.75013865625 0.007002765625 0.7489434953125 0.00890815 0.7442075578125 0.0098371328125 0.7422449421875 0.008551165624999999 0.7359293921875001 0.00979 0.7339656984375 0.0085058765625 0.7118612671875 0.012841796875 0.7098990281249999 0.0115573875 0.7051616390625 0.01248665625 0.703199025 0.0112006890625 0.7028149453125 0.0096067125 0.7008508796874999 0.0083210296875 0.6996982703125 0.0035375437500000002 0.7008938046875001 0.0016337171875000001 0.70050935 0.000038184375000000005 0.7005332890625 0 0.6714557640625001 0