2 0.05100259687499999 0.23221206562500002 0.30647091406250004 0.4821721421875 0.3057440078125 0.464800271875 0.0540380625 0.2132837796875 0.05100259687499999 0.23221206562500002
2 0.37415624062499997 0.5263860671875 0.372081290625 0.544080884375 0.6417396203125 0.81710994375 0.6261940078125 0.918068540625 0.63836965 0.9261574593749999 0.65281058125 0.8132032390624999 0.37415624062499997 0.5263860671875
0 0.028764398437499998 0.370883121875 0.11533832031249999 0.3900999890625 0.1213076390625 0.352877025 0.0347337171875 0.33366015625 0.028764398437499998 0.370883121875
0 0.319382196875 0.5093011984375 0.24476390937499998 0.49273812968749997 0.241128821875 0.51540550625 0.3157471078125 0.531968571875 0.319382196875 0.5093011984375
0 0.25138704375 0.33092192656249997 0.2377054484375 0.3278850140625 0.2343066015625 0.349079246875 0.247988196875 0.352116159375 0.25138704375 0.33092192656249997
0 0.343905171875 0.5740552171875 0.270004065625 0.55765134375 0.26657473593750003 0.5790356578125 0.34047584375 0.5954395328125 0.343905171875 0.5740552171875
0 0.40309515156250003 0.45710345312499995 0.3819540921875 0.4524107578125 0.3787571953125 0.4723456921875 0.3998982546875 0.47703838593750003 0.40309515156250003 0.45710345312499995
0 0.4225458640625 0.616887453125 0.348991525 0.60056055 0.345480653125 0.6224533375 0.41903499218749996 0.6387802406249999 0.4225458640625 0.616887453125
0 0.4021421015625 0.651836509375 0.34759304375 0.63972821875 0.344018159375 0.6620201812500001 0.3985672171875 0.6741284703125 0.4021421015625 0.651836509375
0 0.258256471875 0.43085308906249997 0.2464151109375 0.41934626562500005 0.2361188421875 0.435471603125 0.2480398203125 0.447968040625 0.258256471875 0.43085308906249997
1 0.054709964062500005 0.2090939890625 0.18020518593749998 0.334388253125 0.181692734375 0.31702023281249997 0.05754693281249999 0.191403465625 0.054709964062500005 0.2090939890625
1 0.0577976359375 0.18984014375 0.3132768265625 0.4496363234375 0.31598590937500004 0.4317431921875 0.0605586078125 0.172623525 0.0577976359375 0.18984014375
1 0.08398164218750001 0.254593315625 0.060475496875 0.23265429375000002 0.0514744796875 0.2448353734375 0.075042125 0.2676276078125 0.08398164218750001 0.254593315625
1 0.315553715625 0.3483057703125 0.32217856718750004 0.315440884375 0.2451868625 0.297765853125 0.2402449984375 0.328899996875 0.315553715625 0.3483057703125
1 0.3148991375 0.436021125 0.3392249140625 0.45843981562499997 0.34595502499999997 0.430448165625 0.363939709375 0.434381675 0.3663966609375 0.414493121875 0.33602090156250003 0.40752421875 0.3148991375 0.436021125
1 0.39442463125 0.4354481734375 0.40085404531249996 0.412000965625 0.3730719453125 0.40357974218750003 0.35498595 0.4589762140625 0.3462209953125 0.45235597812500006 0.3411495234375 0.4637016375 0.36428449218750003 0.4846394765625 0.36862104218749997 0.469494390625 0.36201547968750003 0.4637353625 0.3725214140625 0.42811830625 0.39442463125 0.4354481734375
4 0.35093820625 0.2688983484375 0.31447627968749997 0.260804871875 0.30733184375 0.3053555296875 0.34379377031249997 0.31344900625 0.35093820625 0.2688983484375
4 0.3945969234375 0.23437945 0.3526970359375 0.22507890625 0.3454954453125 0.26998596875 0.3873953328125 0.27928651250000003 0.3945969234375 0.23437945
4 0.428461390625 0.3554315578125 0.38918196875 0.3467126796875 0.3826852953125 0.3872240765625 0.42196471718749995 0.3959429546875 0.428461390625 0.3554315578125
5 0.0343641125 0.335964909375 0.15868654843750002 0.3635608390625 0.161513078125 0.3459354109375 0.037190640625 0.31833948125 0.0343641125 0.335964909375
3 0.12517591875 0.26559647656249996 0.0963862484375 0.2592060140625 0.0920523375 0.2862310359375 0.120842009375 0.2926214984375 0.12517591875 0.26559647656249996
3 0.3395546828125 0.470806734375 0.3098389828125 0.46421072187499995 0.3043916828125 0.49817851874999997 0.334107384375 0.50477453125 0.3395546828125 0.470806734375
3 0.365421446875 0.497141275 0.33760115 0.490965984375 0.33219119375 0.5247009328125001 0.3600114890625 0.5308762203125 0.365421446875 0.497141275
3 0.3796786046875 0.515992359375 0.3637548359375 0.51245775 0.3593073765625 0.54019083125 0.375231146875 0.5437254390625 0.3796786046875 0.515992359375
1 0.45235607968749997 0.556238640625 0.370650225 0.47811454062500003 0.367107946875 0.49737094375 0.4481003828125 0.5762412078125 0.45235607968749997 0.556238640625
1 0.6546075609375 0.7873276796875001 0.658468434375 0.769922003125 0.45202452031250007 0.5555986109375 0.44841003749999997 0.5763409453125 0.6546075609375 0.7873276796875001
1 0.45054712812500003 0.7324270046875 0.45943866718750004 0.7390034921875 0.461807571875 0.7511188093750001 0.4833219890625 0.75606366875 0.48496580624999996 0.7389960828125 0.46574163906250005 0.7336511328124999 0.46170392031249996 0.70606263125 0.45603011875000005 0.702025671875 0.45054712812500003 0.7324270046875
1 0.4869048125 0.7383128109375 0.4915516125 0.722932953125 0.47399545 0.7180271484375 0.4659117078125 0.6885981328125 0.46912392187499996 0.6745705953125001 0.46341820624999996 0.6686205609375 0.45618384531249995 0.6956036343750001 0.46316738125 0.702965253125 0.4692460359375 0.720990115625 0.47095922031250004 0.7325553609375001 0.4869048125 0.7383128109375
1 0.5402875578125 0.7227706578124999 0.5208292453125 0.717285153125 0.47268156875 0.64950809375 0.47447789374999993 0.636006325 0.46777614375 0.628892784375 0.46170403125000004 0.658685009375 0.4687679375 0.6667618046875 0.470752340625 0.6568381765625 0.515449309375 0.72175480625 0.5148877125 0.7334150140625 0.536488503125 0.73970433125 0.5402875578125 0.7227706578124999
0 0.40954161093749997 0.7088058875 0.3889995140625 0.7042461453125 0.3858475796875 0.7239007078124999 0.40638967656249997 0.72846045 0.40954161093749997 0.7088058875
0 0.414090025 0.683344215625 0.39309870625 0.6786847593750001 0.3898096 0.6991946953125 0.41080091875 0.70385415 0.414090025 0.683344215625
0 0.577707840625 0.6479012171874999 0.5634824468749999 0.6447435968749999 0.5602131546875 0.6651299796875 0.5744385453125 0.6682875984375001 0.577707840625 0.6479012171874999
0 0.34060683125 0.7013340640625 0.28680647656249997 0.6893919671875001 0.2833573328125 0.7108998375 0.3371576890625 0.7228419359375 0.34060683125 0.7013340640625
0 0.47827730625 0.79293085625 0.3807722953125 0.7712876078125 0.375076559375 0.8068045828124999 0.47258157343749996 0.8284478312499999 0.47827730625 0.79293085625
1 0.622029365625 0.64280090625 0.5684812078125 0.6309147890625 0.565823859375 0.64748525625 0.619372015625 0.659371375 0.622029365625 0.64280090625
3 0.444320715625 0.675672253125 0.42431847500000003 0.6712323421875 0.4165445671875 0.7197082109374999 0.4365468078125 0.7241481203125 0.444320715625 0.675672253125
3 0.45004410625 0.6427819734375 0.42988424375 0.6383070765625 0.42359256875 0.6775401671875 0.4437524296875 0.6820150640625 0.45004410625 0.6427819734375
3 0.450648915625 0.6179532953125 0.43571816406249997 0.6146391062500001 0.4314010203125 0.6415595828125 0.446331771875 0.6448737718750001 0.450648915625 0.6179532953125
3 0.549561025 0.6877850421875 0.5253660359375 0.6824144671875 0.5210328890625 0.7094347375 0.5452278781250001 0.7148053140624999 0.549561025 0.6877850421875
3 0.6593951546875 0.7943002875 0.624359709375 0.7865234484375 0.614914575 0.8454206046875001 0.6499500203124999 0.8531974453125001 0.6593951546875 0.7943002875
0 0.684294784375 0.799170290625 0.66982901875 0.7959593171875 0.6666031625 0.8160748296874999 0.681068928125 0.8192858046874999 0.684294784375 0.799170290625
0 0.6013640171875 0.7680481046875001 0.5913179234375 0.757660246875 0.579059059375 0.7728804593749999 0.5901035343750001 0.7833713265625 0.6013640171875 0.7680481046875001
5 0.6173178984375001 0.80699763125 0.3867916796875 0.755827584375 0.383778440625 0.7746172687499999 0.6143046609375 0.8257873171875 0.6173178984375001 0.80699763125
5 0.537235996875 0.571511596875 0.48001524375000004 0.558810271875 0.4774409609375 0.5748627640625 0.5346617140625 0.5875640921875 0.537235996875 0.571511596875
5 0.3350404546875 0.7273670171875 0.07372276562499999 0.6693621671875001 0.059708240625 0.7567527375 0.3210259296875 0.8147575890625 0.3350404546875 0.7273670171875
4 0.507308003125 0.420696165625 0.463961934375 0.4110746140625 0.45742182343750004 0.4518568796875 0.5007678921875 0.4614784328125 0.507308003125 0.420696165625
4 0.6966846078125 0.5363906890625 0.6551827171875 0.527178490625 0.6484284625 0.5692960874999999 0.6899303546875 0.5785082859374999 0.6966846078125 0.5363906890625
0 0.603060578125 0.892759515625 0.52956140625 0.876444859375 0.5262174296875 0.8972969421875 0.5997166 0.9136115984375 0.603060578125 0.892759515625
0 0.592915609375 0.9585780578125 0.52155615625 0.9427383546874999 0.5178387625 0.965918953125 0.589198215625 0.9817586546875001 0.592915609375 0.9585780578125
0 0.5735563234375001 0.9182058015625 0.5549805625 0.9140825296875 0.5513538546875 0.93669763125 0.569929615625 0.9408209031249999 0.5735563234375001 0.9182058015625
0 0.6358981906250001 0.8942783609375 0.61813024375 0.8903343984375001 0.6150385125 0.909613546875 0.6328064609374999 0.9135575109375 0.6358981906250001 0.8942783609375
1 0.6477267906249999 0.9645477171874999 0.6602050265625 0.973902615625 0.682522478125 0.8450280671874999 0.6686002859375 0.8324220625000001 0.6477267906249999 0.9645477171874999
1 0.6868813953124999 1 0.689060771875 0.9878510015625 0.662060040625 0.9846445234375001 0.6537029890625 0.9865119203124999 0.656645109375 0.977606484375 0.6493591453125 0.9700975187499999 0.6439169859375 1 0.653516534375 1 0.6536074078125 0.99623571875 0.6642866796875 0.9951175453125 0.6636248203124999 1 0.6868813953124999 1
3 0.6289419890625 1 0.6311459312500001 0.986256853125 0.6152063984375 0.9827187453124999 0.6124350640625 1 0.6289419890625 1
3 0.6353733578125 0.9483175171875 0.6210967390625 0.9451485281249999 0.6150367343750001 0.982936990625 0.6293133531249999 0.9861059796875 0.6353733578125 0.9483175171875
3 0.641471296875 0.9277617734374999 0.6235339046874999 0.9237801984375 0.6199018640625 0.946428565625 0.63783925625 0.9504101390624999 0.641471296875 0.9277617734374999
4 0.8187719281250001 0.8654225875 0.7880632078125 0.8586061546874999 0.7808364671875 0.9036700375000001 0.8115451890625 0.9104864703125 0.8187719281250001 0.8654225875
4 0.8057665875 0.941494428125 0.7835891609375001 0.936571690625 0.7761818093749999 0.9827618109375 0.7983592359375 0.9876845484375 0.8057665875 0.941494428125
1 0.6563598703125 0.868129015625 0.6429068265625 0.8651428343750001 0.6371821328125 0.9008403843749999 0.650635178125 0.903826565625 0.6563598703125 0.868129015625