0 0.57924323125 0 0.5473816484375 0.00774535 0.5926767875000001 0.1394378734375 0.6365571625 0.12915871406249999 0.5910474031249999 0 0.57924323125 0
0 0.43287070937500005 0.3416944984375 0.4428578984375 0.30775734374999997 0.40172918125 0.29913908125 0.393369184375 0.33169036875 0.43287070937500005 0.3416944984375
0 0.47901738437499997 0.43651382187500004 0.464655375 0.3922005546875 0.419694021875 0.400512884375 0.43548764375 0.4471112609375 0.47901738437499997 0.43651382187500004
0 0.52233834375 0.5902522671875 0.47689239375000003 0.455994359375 0.4357627578125 0.465221946875 0.48150706249999997 0.5986763703125 0.52233834375 0.5902522671875
0 0.2117173515625 0.53717923125 0.1948243640625 0.4922286921875 0.1545536265625 0.5014973015625 0.169093784375 0.5479496171875 0.2117173515625 0.53717923125
2 0.46229622812500004 0 0.3740651609375 0.3559803875 0.388094084375 0.36272234375 0.48031589218750004 0 0.46229622812500004 0
0 0.36702158281249997 0.44958478125 0.3503132046875 0.4457628984375 0.33644146875000003 0.49249804687500004 0.2657026078125 0.5663030796874999 0.277885309375 0.57953551875 0.3537523734375 0.4995892125 0.36702158281249997 0.44958478125
3 0.3881720703125 0.441474890625 0.39284553906249997 0.368590865625 0.3503894140625 0.3656238546875 0.34571594375000003 0.4385078796875 0.3881720703125 0.441474890625
3 0.27334259843750003 0.61526358125 0.276117384375 0.57199005625 0.22668564687499998 0.568535559375 0.2239108609375 0.6118090859375 0.27334259843750003 0.61526358125
3 0.45014632343749994 0.2033806640625 0.45473862187499997 0.13176254375000002 0.41596054843749997 0.1290525703125 0.4113682515625 0.20067069062499998 0.45014632343749994 0.2033806640625
3 0.48847454375000005 0.0953882359375 0.4925872734375 0.03124913125 0.46195798593750004 0.0291086265625 0.45784525781249996 0.0932477328125 0.48847454375000005 0.0953882359375
1 0.40047149062500004 0.5445779109375 0.2884071328125 0.6497631875 0.31856125625 0.67391698125 0.42899703906250003 0.56348335625 0.40047149062500004 0.5445779109375
1 0.2584265859375 0.5544571140625 0.21600169375 0.3653116265625 0.1808191671875 0.37420356718750003 0.23421457499999998 0.5622317406249999 0.2584265859375 0.5544571140625
1 0.23742814375000001 0.49425891718750004 0.2625495625 0.521226790625 0.29695719062500003 0.519303596875 0.26627554999999997 0.49699399218750007 0.2797919390625 0.488135746875 0.26580215625000003 0.45182580625 0.232574759375 0.46385354687499997 0.23742814375000001 0.49425891718750004
1 0.3185840359375 0.36128625312499996 0.291219265625 0.3421096859375 0.2640075 0.43401817343750004 0.2913971 0.455440003125 0.3185840359375 0.36128625312499996
1 0.3743856296875 0 0.2956048609375 0.3330956640625 0.31886619843749997 0.3532599640625 0.4082652578125 0 0.3743856296875 0
5 0.23046090624999999 0.63795705 0.0470274890625 0.6784608421875 0.1272323328125 0.9563877890624999 0.22145135625 0.9629722078125 0.33542731875 0.9411137500000001 0.23046090624999999 0.63795705
5 0.47775618125 0.980883859375 0.3653734671875 0.650846328125 0.31813743906249997 0.6605095078125001 0.4224056421875 0.9770157328125 0.47775618125 0.980883859375
5 0.6000869546875001 0.21408568749999998 0.5415201828125 0.0590231015625 0.5009986765625001 0.0774426875 0.5544536156250001 0.2277121359375 0.6000869546875001 0.21408568749999998
1 0.46077219375 0.6414065609375 0.436254528125 0.574475928125 0.39916723906249996 0.58287374375 0.42080942187500003 0.6466422625 0.46077219375 0.6414065609375
4 0.646421625 0.403996959375 0.651681028125 0.3219751484375 0.5490126734375 0.3148002546875 0.5437532703125 0.3968220671875 0.646421625 0.403996959375
4 0.21692369375 0.30218164999999997 0.22256656718749998 0.2141795390625 0.11927991874999999 0.2069614375 0.1136370453125 0.2949635484375 0.21692369375 0.30218164999999997
4 0.10102716406250001 0.5436473890625 0.021926690625000002 0.5381195187500001 0.024994164062499998 0.6134007218749999 0.0962352015625 0.6183793421875 0.10102716406250001 0.5436473890625
5 0.1479923765625 0.46660829374999996 0.1530371875 0.387933125 0.10179813124999999 0.3843523265625 0.0967533203125 0.46302749531250004 0.1479923765625 0.46660829374999996