2 0.54560415625 0.01188174375 0.607852465625 0.0742310046875 0.5667076203125 0.1833425234375 0.5874854359375 0.1920635578125 0.6227904890625 0.0904830875 0.6786381015625 0.15622876875 0.6873150359375 0.13212575625 0.5765856828125 0.010064340625 0.5471724124999999 0.0095509296875 0.54560415625 0.01188174375
0 0.759294825 0.15075791249999998 0.8031728171875001 0.1406861171875 0.7937700624999999 0.09541032656250001 0.748266675 0.10585521718749999 0.7566621687499999 0.1462808828125 0.7586232203125001 0.147524028125 0.759294825 0.15075791249999998
3 0.9407258374999999 0.4259127171875 0.939100440625 0.4262858125 0.9528690624999999 0.4925839609375 0.9809021765624999 0.4861492140625 0.9821281046875001 0.45606278749999996 0.9739317171874999 0.4165958484375 0.9420152843749999 0.423921978125 0.9407258374999999 0.4259127171875
0 0.8478539109375 0.052500515625 0.807226709375 0.061826121874999994 0.81427899375 0.09578401875 0.8549061953124999 0.0864584125 0.8478539109375 0.052500515625
3 0.5932396718749999 0.2447808015625 0.58215746875 0.1914181921875 0.5382794765625001 0.20148998749999997 0.5344123796875 0.20746045 0.54448703125 0.2559715296875 0.5932396718749999 0.2447808015625
4 0.9212079953125001 0.1627225484375 0.906646603125 0.09260707968750001 0.9053917531250001 0.091811609375 0.8647645515625 0.10113721406250001 0.8701376796875 0.1270096984375 0.8720987328125 0.1282528421875 0.8724346796875 0.1298704890625 0.8743960218750001 0.1311150375 0.8760748890625001 0.1391990484375 0.8747854421874999 0.1411897875 0.8751213906249999 0.14280743125 0.8738316515625 0.1447967671875 0.8795407265625 0.17228689375 0.9212079953125001 0.1627225484375
4 0.781387196875 0.6772863140625 0.7942010500000001 0.7389870953125001 0.8779749671875001 0.7197575484375001 0.8651611156250001 0.6580567687500001 0.781387196875 0.6772863140625
4 0.7269450125 0.45915907031250003 0.7415640015625 0.529551884375 0.8176871921875 0.51207849375 0.803068203125 0.44168568124999996 0.7269450125 0.45915907031250003
4 0.278001346875 0.2229420609375 0.2969684140625 0.3142715734375 0.4048006375 0.28951966093750003 0.385833571875 0.1981901484375 0.278001346875 0.2229420609375
4 0.22812626875 0.06435556249999999 0.24494700156250002 0.145350125 0.348124265625 0.1216667171875 0.33130353281249997 0.0406721546875 0.22812626875 0.06435556249999999
0 0.7822633531250001 0.08269136875000001 0.767873790625 0.0134032875 0.7207692578125 0.012581073437500001 0.737465125 0.092974396875 0.7822633531250001 0.08269136875000001
0 0.5988758421875 0.24119061406250003 0.62823046875 0.3825379203125 0.6709086171875 0.3727415375 0.6415539890625 0.23139423125 0.5988758421875 0.24119061406250003
2 0.753063121875 0.2025073671875 0.7433930640625 0.22109205312500002 0.9419708124999999 0.42820291875 0.951890065625 0.4087798546875 0.753063121875 0.2025073671875
1 0.9459312390625 0.55051248125 0.977022278125 0.5813687375 0.9785477109375 0.5439319625000001 0.9533313968750001 0.5176653 0.9459312390625 0.55051248125
1 0.6899090593749999 0.238013225 0.67747210625 0.27238434218749996 0.944689125 0.5452057765625 0.9548387234375 0.51238361875 0.6899090593749999 0.238013225
1 0.5877222546875001 0.16822520624999998 0.5858032078125001 0.1687731015625 0.6732376312499999 0.26524738124999997 0.6861996265625 0.2354737046875 0.5973546765625 0.1422051703125 0.5877222546875001 0.16822520624999998
1 0.49367311875000003 0.0615383703125 0.561159221875 0.130725146875 0.4617790734375 0.2213243515625 0.47517258125 0.27588060468750003 0.5122653859375 0.2621922734375 0.50065405 0.20765357187500003 0.5698788046875001 0.14847670156249998 0.5831657390625 0.15506574374999998 0.5927347468749999 0.1351419734375 0.50059589375 0.0379557015625 0.49367311875000003 0.0615383703125
1 0.5586433078125 0.0097511546875 0.55430516875 0.009675432812499999 0.5109563609375 0.135769840625 0.4814917125 0.12259917499999999 0.4678525578125 0.0665810875 0.43555522968749993 0.0778004984375 0.44935251249999997 0.13587425625 0.504764409375 0.153098628125 0.498655071875 0.16491961718749998 0.51111506875 0.177981734375 0.5706729484374999 0.02180394375 0.5586433078125 0.0097511546875
3 0.68287448125 0.14569685000000002 0.697242675 0.2148820453125 0.74757155 0.2033295078125 0.7332033546875001 0.1341443109375 0.68287448125 0.14569685000000002
1 0.6759639734375 0.0355791 0.68823249375 0.0946540171875 0.727576890625 0.08562286718749999 0.715308371875 0.026547948437500003 0.6759639734375 0.0355791
5 0.541964846875 0.27758636875 0.6229656546875 0.6676184375 0.6590531171875 0.6593348859375 0.5780523093750001 0.2693028171875 0.541964846875 0.27758636875
5 0.365518709375 0.3157856421875 0.42619641093749994 0.6079586421875 0.5868616624999999 0.5710793875 0.5261839609375001 0.2789063875 0.365518709375 0.3157856421875
1 0.9640918828125 0.3821891625 0.962574640625 0.3816415046875 0.8016629546875 0.217667546875 0.7773440765624999 0.2377919890625 0.9405175796874999 0.40612360937499997 0.9640918828125 0.3821891625