5 0.26690725 0.2620178578125 0.3718475484375 0.18625446406249999 0.3579690828125 0.1487611609375 0.26165565 0.2317857140625 0.26690725 0.2620178578125
0 0.2546876328125 0.215625 0.2546876328125 0.221875 0.2593752671875 0.2265625 0.2609371 0.2265625 0.2625 0.228125 0.2656247328125 0.228125 0.2671876328125 0.2265625 0.27031236718749996 0.2265625 0.2718752671875 0.225 0.2734371 0.225 0.275 0.2234375 0.2765629 0.2234375 0.27968763281250003 0.2203125 0.27968763281250003 0.215625 0.2812505328125 0.2140625 0.2812505328125 0.2078125 0.27968763281250003 0.20625 0.27968763281250003 0.1921875 0.2781247328125 0.190625 0.2781247328125 0.1859375 0.2765629 0.184375 0.2765629 0.1828125 0.275 0.18125 0.275 0.165625 0.2734371 0.1640625 0.2734371 0.1625 0.2625 0.1625 0.2609371 0.1640625 0.2609371 0.165625 0.2578123671875 0.16875 0.2562494671875 0.16875 0.2562494671875 0.1703125 0.25312473281250003 0.1734375 0.25312473281250003 0.2140625 0.2546876328125 0.215625
4 0.4203123671875 0.3109375 0.4203123671875 0.428125 0.47343710000000006 0.428125 0.47343710000000006 0.3109375 0.4203123671875 0.3109375
4 0.1671876328125 0.3421875 0.1656247328125 0.340625 0.1656247328125 0.3390625 0.1203123671875 0.3390625 0.1203123671875 0.440625 0.1562505328125 0.440625 0.1578123671875 0.4390625 0.1593752671875 0.4390625 0.1609371 0.4375 0.1625 0.4375 0.1671876328125 0.4328125 0.1671876328125 0.3421875
4 0.2734371 0.559375 0.2734371 0.6609375 0.31406290000000003 0.6609375 0.31406290000000003 0.559375 0.2734371 0.559375
0 0.1843518125 0.6347879468750001 0.167662046875 0.6766986609375001 0.1845746265625 0.7059107140624999 0.2026258 0.6644241078124999 0.1843518125 0.6347879468750001
0 0.261478678125 0.8117678578125 0.28333262187499997 0.7972321421874999 0.2749445625 0.7412857140625 0.25403518125 0.7615424109375 0.25314392343750003 0.762366071875 0.261478678125 0.8117678578125
0 0.17948720625 0.7665133921875 0.1744616203125 0.8214107140625 0.19447015 0.826959821875 0.2010117265625 0.7741450890625 0.17948720625 0.7665133921875
0 0.0301449890625 0.329412946875 0.012683368749999998 0.33858705312500004 0.042422175 0.4942142859375 0.24085820937500002 0.8310334828125001 0.0136151390625 0.755625 0.0198891265625 0.8017991078125 0.260233475 0.868850446875 0.2659275046875 0.8324397328125 0.056326226562500005 0.4716071421875 0.0301449890625 0.329412946875
1 0.078478678125 0.393359375 0.29779424374999997 0.7864196421874999 0.3173987203125 0.7460736609375 0.088204690625 0.367859375 0.078478678125 0.393359375
1 0.4361300640625 0.057515625 0.380317696875 0.1965133921875 0.3850191890625 0.22740401718749997 0.439323028125 0.077915178125 0.44828571406249995 0.0815290171875 0.4733965890625 0.018022321875 0.46030063906249996 0 0.4284957359375 0.045897321875 0.4361300640625 0.057515625
5 0.6044552234375 0.1351830359375 0.3265458421875 0.347993303125 0.3381780390625 0.40193526718749994 0.613873134375 0.1973772328125 0.6044552234375 0.1351830359375