0 0.4118083828125 0.8705874703125 0.41924153124999997 0.9367007218750001 0.4211513796875 0.938066025 0.42362909687499994 0.9601037765625 0.422100434375 0.9621288953124999 0.42305340156250004 0.9706049531250001 0.46258700625 0.9630188625 0.45134198750000004 0.8630013796875 0.44943280156250004 0.8616359499999999 0.41505563749999996 0.868232571875 0.4135276390625 0.8702575625 0.4118083828125 0.8705874703125
0 0.3776608890625 0.7074251421875 0.3381272859375 0.71501123125 0.3495628984375 0.816723925 0.3890965015625 0.809137834375 0.3776608890625 0.7074251421875
0 0.359925275 0.5965306453125 0.3643089265625 0.6355205109375001 0.3662181109375 0.6368859421875 0.3667898921875 0.6419715765625 0.36526189375 0.64399656875 0.3704079203125 0.68976728125 0.411660115625 0.6818514109375 0.40041509687500004 0.581833928125 0.36260075 0.5890901109375 0.3610720859375 0.5911152296875 0.361453271875 0.5945056531249999 0.359925275 0.5965306453125
1 0.31936512499999997 0.9229620671875001 0.3174559421875 0.9215966343750001 0.317265346875 0.9199014234374999 0.3115371234375 0.91580525625 0.31115593750000003 0.9124148328125001 0.309246753125 0.9110494015624999 0.3075274953125 0.9113793093749999 0.3037084578125 0.908648575 0.3035178640625 0.9069533625 0.29778964375 0.9028571937500001 0.2975990484375 0.9011619828124999 0.2956898640625 0.8997965515624999 0.295308675 0.896406128125 0.2876706046875 0.8909446578125 0.28748001093750003 0.889249446875 0.2855708234375 0.8878840140625 0.2838522328125 0.88821379375 0.28003319531250004 0.885483059375 0.279652009375 0.8820926375000001 0.2739237875 0.877996471875 0.27373319218750003 0.876301259375 0.26991415625 0.8735705234375001 0.26972356406250003 0.8718753109374999 0.268004971875 0.8722050906250001 0.2641859359375 0.8694743562499999 0.263995340625 0.8677791453125 0.2582671171875 0.8636829781250001 0.24795423749999998 0.8656619140625 0.249669578125 0.8809188171875 0.2515787640625 0.88228425 0.25176935624999996 0.8839794609375 0.25367854375 0.8853448921875 0.2540597296875 0.8887353156250001 0.2616978015625 0.8941967859375 0.261888396875 0.8958919968749999 0.26379758125 0.8972574296875001 0.2655168390625 0.8969275218749999 0.269335209375 0.8996583843750001 0.26952580312499996 0.9013535953125 0.2771638765625 0.9068150656249999 0.27773565625 0.9119007015625 0.28537306562500003 0.9173622984375 0.2855636578125 0.9190575109375001 0.29511091875 0.9258844125 0.2953015109375 0.9275796250000001 0.3010297328125 0.931675790625 0.3014109203125 0.9350662156249999 0.30522995625 0.9377969515625001 0.30694854843749997 0.9374671703124999 0.3126774359375 0.941563209375 0.3143960265625 0.9412334296875 0.322033434375 0.946695028125 0.32222402968749997 0.948390240625 0.33425616874999997 0.9460813968749999 0.3333032 0.9376053390625 0.3275749796875 0.933509171875 0.32738438593749997 0.9318139609375 0.3197463125 0.926352490625 0.31936512499999997 0.9229620671875001
5 0.3600196828125 0.17568889375000002 0.2740774390625 0.192180321875 0.2874189859375 0.31084513281250004 0.37336123125 0.2943537046875 0.3600196828125 0.17568889375000002
0 0.43163549687499997 0.1723372671875 0.41444757968749996 0.17563545 0.41291891718749996 0.17766056875 0.42397334375 0.275982840625 0.4652255390625 0.2680669703125 0.45398052031249997 0.1680494890625 0.4471054859375 0.1693687359375 0.44557682343750005 0.17139385468749999 0.43354535 0.17370256875 0.43163549687499997 0.1723372671875
0 0.16068825312499999 0.8235266796875 0.1618318140625 0.8336979484375 0.1841768375 0.8294101703125 0.1826520890625 0.8158484781249999 0.1740577984375 0.8174976328125 0.1725298015625 0.8195226265625 0.1622162515625 0.8215016875 0.16068825312499999 0.8235266796875
0 0.3439401640625 0.3450257 0.319875884375 0.3496433859375 0.3267372515625 0.41067100312499993 0.35080153125 0.4060533171875 0.3439401640625 0.3450257
1 0.3586977234375 0.9604409437499999 0.35850712812499996 0.9587457328125 0.35659794375 0.957380303125 0.3548786859375 0.957710209375 0.35105965 0.954979471875 0.3506784625 0.9515890499999999 0.348769275 0.9502236203125 0.34857868125 0.9485284078125 0.3428504609375 0.9444322421875 0.34265986718749997 0.9427370296875001 0.33884082968749996 0.94000629375 0.3371222375 0.9403360734374999 0.3333032 0.9376053390625 0.331584609375 0.9379351187499999 0.329674759375 0.936569815625 0.32108046875 0.9382189703125 0.322605215625 0.9517806625 0.32451506874999997 0.953145965625 0.3247056609375 0.9548411781249999 0.326614846875 0.9562066093749999 0.32680543906250004 0.9579018218750001 0.3306244765625 0.96063255625 0.3308150703125 0.96232776875 0.33272425625 0.9636932 0.33291485 0.9653884125 0.33482470000000003 0.9667537156250001 0.336543290625 0.9664239359375 0.340362328125 0.9691546703125 0.34055292187499997 0.9708498828125001 0.3481903296875 0.97631148125 0.3483809234375 0.9780066921874999 0.356018996875 0.9834681625 0.3562095890625 0.985163375 0.35723750625 0.9858985296875 0.387779140625 0.98483199375 0.38772068593750003 0.9843120750000001 0.3800826109375 0.9788506031249999 0.37836401875000003 0.9791803828125 0.37645416875 0.9778150796875 0.3762635765625 0.9761198671875 0.3686261671875 0.9706582687499999 0.368435575 0.9689630578124999 0.3665257234375 0.967597753125 0.36633512968750004 0.9659025437500001 0.3586977234375 0.9604409437499999
0 0.5572283625 0.47727635 0.5331647484375 0.4818939078125 0.534498903125 0.49376038906249997 0.55856251875 0.48914283125 0.5572283625 0.47727635
4 0.373495828125 0.5454366296875001 0.3761641390625 0.5691695906249999 0.378073325 0.5705350234375001 0.41588833750000004 0.5632787125000001 0.41226705937499997 0.5310696921875 0.37617130468750004 0.5379960953125 0.3746426421875 0.5400212140625 0.375023828125 0.5434116375 0.373495828125 0.5454366296875001
1 0.24814807968750002 0.851770440625 0.2462388953125 0.8504050078125 0.2460483015625 0.8487097968749999 0.24031941406250001 0.8446137578125 0.24012881875 0.8429185468749999 0.2344005984375 0.8388223796875 0.23421000468750003 0.83712716875 0.23039163281250002 0.8343963046875 0.2302010390625 0.8327010921875001 0.21683474375 0.8231434546875 0.21645355624999998 0.81975303125 0.212634521875 0.817022296875 0.2006030453125 0.8193310125 0.1975463828125 0.8233811234375 0.1977369765625 0.8250763359375 0.1962083140625 0.8271014546875 0.19639890625 0.8287966671874999 0.1948709078125 0.830821659375 0.1962050625 0.8426881390625001 0.2000240984375 0.8454188734375 0.2017426921875 0.8450890937500001 0.2151089875 0.8546467312500001 0.2152995796875 0.8563419421875 0.21720876718749998 0.857707375 0.2189280234375 0.8573774671875001 0.2227463953125 0.8601083296875001 0.22293698750000002 0.8618035421875 0.22675602343749998 0.8645342781249999 0.22847461562500002 0.8642044984374999 0.23038446875 0.8655698 0.2305750609375 0.8672650125000001 0.232484246875 0.8686304437500001 0.2342035046875 0.8683005359375 0.238021875 0.8710313984375 0.23821246875000002 0.8727266109375 0.2477597265625 0.8795535125 0.261510459375 0.8769148890625 0.2603668984375 0.8667436203125 0.2565478625 0.8640128859375 0.256166675 0.8606224625 0.248529265625 0.8551608640625 0.24814807968750002 0.851770440625
0 0.9576219046875 0.874953921875 0.9480628624999999 0.876788203125 0.946534196875 0.8788133218749999 0.9478683515625 0.8906798031250001 0.9569708125 0.8889331359374999 0.9576219046875 0.874953921875
1 0.333775546875 0.5357406953125 0.33396614062499996 0.53743590625 0.3324374765625 0.5394610265625001 0.33262806875 0.5411562375 0.328043409375 0.547231340625 0.3284245953125 0.5506217640625 0.3253685984375 0.554671746875 0.323649340625 0.5550016546875 0.3221213421875 0.5570266453125 0.3223119375 0.5587218578125001 0.31772727500000003 0.5647969609375 0.3179178671875 0.566492171875 0.3163892046875 0.5685172921875 0.3165797984375 0.5702125031249999 0.3150518 0.5722374953125 0.3152423953125 0.57393270625 0.3091290703125 0.5820329265625 0.3093196625 0.5837281390625 0.30779166406249997 0.5857531296875 0.3060730734375 0.586082909375 0.30454440781250003 0.58810803125 0.3047350015625 0.589803240625 0.2986223421875 0.5979033375 0.298812934375 0.5995985484374999 0.2926996125 0.60769876875 0.29289020625 0.60939398125 0.2867775453125 0.617494075 0.286968140625 0.6191892859375 0.28391147656250004 0.6232393968750001 0.282192884375 0.623569178125 0.280664221875 0.625594296875 0.278945628125 0.625924078125 0.27741763124999996 0.62794906875 0.2756983734375 0.628278975 0.2758889671875 0.6299741875 0.27283230468749997 0.6340242984375 0.2730228984375 0.6357195109375 0.2669102375 0.64381960625 0.26710083125 0.6455148171875 0.2609875078125 0.6536150375 0.2611781015625 0.65531025 0.2581221046875 0.6593602328125 0.25831269843750004 0.66105544375 0.25678403437499997 0.6630805640624999 0.25735581406249997 0.6681662 0.25582781718750003 0.670191190625 0.256399596875 0.6752768265625 0.2753067703125 0.671648734375 0.2768347671875 0.6696237421875 0.276644175 0.6679285312500001 0.2781728390625 0.6659034109374999 0.2779822453125 0.6642082 0.28256690624999997 0.6581330984375 0.2823763125 0.6564378859375 0.2839043109375 0.65441289375 0.28371371875 0.6527176828125001 0.28524238125 0.6506925640625 0.286960975 0.6503627828125 0.288488971875 0.6483377906250001 0.2882983796875 0.6466425796874999 0.291355040625 0.64259246875 0.29307429687500003 0.6422625609375 0.294602296875 0.64023756875 0.294411703125 0.6385423578125 0.297468365625 0.6344922484375 0.29918695624999997 0.63416246875 0.2989963640625 0.63246725625 0.3066376875 0.622342040625 0.30644709375 0.6206468296875001 0.3171450796875 0.60647150625 0.31695448593750003 0.6047762953125 0.318482484375 0.602751303125 0.31829189062499996 0.6010560921875 0.3244045515625 0.592955996875 0.32421395625 0.591260784375 0.3303272796875 0.5831605640624999 0.33013668749999997 0.5814653515625 0.3347213484375 0.57539025 0.3345307546875 0.5736950375000001 0.336058753125 0.571670046875 0.33567756718749997 0.5682796234375 0.338734228125 0.5642295125000001 0.3404534859375 0.56389960625 0.34198148437500003 0.5618746140625 0.341790890625 0.560179403125 0.346375553125 0.5541042984375 0.346184959375 0.5524090859374999 0.3477129578125 0.5503840953125 0.3475223625 0.5486888828125001 0.3505790265625 0.544638771875 0.348482496875 0.525991446875 0.3381696140625 0.5279703828125 0.3351129515625 0.5320204921875 0.3353035453125 0.533715703125 0.333775546875 0.5357406953125
3 0.510636296875 0.45331297968750006 0.472821284375 0.4605692890625 0.466708625 0.46866938437499994 0.4695675296875 0.49409755781250003 0.5228511984375 0.483872971875 0.519611109375 0.455054375 0.516173925 0.455713934375 0.514264075 0.45434863124999997 0.5125454828125 0.45467841093750005 0.510636296875 0.45331297968750006
1 0.558379090625 0.4562741234375 0.5564692390625 0.45490881875 0.5562786453124999 0.45321360781250003 0.5543694609375 0.45184817656250004 0.5530353046875 0.43998169374999996 0.5473070828125 0.43588552812500003 0.5455878249999999 0.4362154359375 0.5322221953125 0.42665767031249996 0.5320316015625 0.424962459375 0.5301217515625 0.4235971546875 0.5299311578125 0.4219019421875 0.52229375 0.41644034375 0.52210315625 0.41474513281250003 0.5144650828125 0.40928366250000003 0.5140838953125 0.4058932390625 0.5121747125 0.40452780625000007 0.5114123375 0.39774696249999997 0.5075933 0.3950162265625 0.5074027078125 0.3933210140625 0.5054935203124999 0.3919555828125 0.5053029265625 0.390260371875 0.49766485625 0.3847989 0.49747426250000004 0.38310368906250003 0.49575566875000004 0.3834334703125 0.4919366328125 0.380702734375 0.49174603906250003 0.37900752187500003 0.4898368546875 0.377642090625 0.48964626093749997 0.375946878125 0.48391803749999995 0.3718507125 0.48219878125 0.3721806203125 0.4764705578125 0.368084453125 0.47627996406250006 0.366389240625 0.4743707796875 0.365023809375 0.4741801875 0.363328596875 0.472271 0.3619631671875 0.47208040625000003 0.3602679546875 0.47017055625 0.3589026515625 0.4699799609375 0.3572074390625 0.46616092656249997 0.354476703125 0.46597033281250005 0.35278149375 0.46215196093750005 0.3500506296875 0.4619613671875 0.34835541718749996 0.45814233125000003 0.3456246828125 0.4579517375 0.3439294703125 0.45413270156249996 0.341198734375 0.452414109375 0.3415285140625 0.44668588593749997 0.33743235 0.4432480359375 0.33809203593750004 0.441338853125 0.33672660468750004 0.43961959375 0.3370565125 0.4377104078125 0.33569108124999997 0.437519815625 0.33399586875 0.42797255625 0.3271689671875 0.4277819625 0.32547375624999997 0.425872778125 0.3241083265625 0.425682184375 0.3224131140625 0.419953296875 0.318317071875 0.4197627046875 0.3166218625 0.41785351718749997 0.31525643125 0.41766292343750006 0.3135612203125 0.411934703125 0.30946505156250004 0.39818397031249997 0.312103675 0.3966559703125 0.3141286671875 0.3949367125 0.314458575 0.3934087140625 0.316483565625 0.393599309375 0.318178778125 0.39207064375 0.320203896875 0.392642425 0.3252895328125 0.3983713109375 0.329385571875 0.40008990468750005 0.32905579218750003 0.40199909062500006 0.3304212234375 0.40371834843750004 0.330091315625 0.40944656874999996 0.3341874828125 0.40963716406249995 0.33588269375 0.41135575625 0.3355529140625 0.4151747921875 0.3382836484375 0.41536538749999996 0.33997886093749996 0.417083978125 0.33964908125000004 0.42472205 0.34511055156250003 0.4251032390625 0.348500975 0.4270124234375 0.34986640625 0.42720301875000005 0.3515616171875 0.4405693125 0.36111925624999996 0.44075990625 0.3628144671875 0.45030716406250004 0.3696413703125 0.45049775781249995 0.37133658125 0.454316128125 0.3740674421875 0.4545067234375 0.37576265468750003 0.4564165734375 0.377127959375 0.4567977609375 0.3805183828125 0.458706946875 0.38188381250000003 0.4588975390625 0.383579025 0.4665356125 0.3890404953125 0.468254203125 0.388710715625 0.47016339062499996 0.390076146875 0.470353984375 0.39177135937499996 0.47226383437499997 0.3931366625 0.47245442656250003 0.394831875 0.4743636140625 0.3961973046875 0.4745542078125 0.39789251718749996 0.48410146562499995 0.40471942031249997 0.484292059375 0.40641463125 0.4862012453125 0.4077800640625 0.4863918390625 0.40947527499999997 0.4883016890625 0.4108405796875 0.4884922828125 0.41253579062499995 0.49040146875 0.41390122187499995 0.49059206250000004 0.4155964328125 0.4923113203125 0.415266525 0.49803954062500005 0.41936269218750005 0.49823013437499997 0.421057903125 0.49994872656249995 0.42072812343750005 0.5018579140625 0.42209355625 0.50204850625 0.42378876718749997 0.50395835625 0.42515407187500004 0.5041489515625 0.42684928125 0.5060581359375 0.4282147140625 0.50777739375 0.42788480624999997 0.511595765625 0.4306156703125 0.5117863578125 0.43231088125 0.51942443125 0.437772353125 0.5196150265624999 0.43946756249999996 0.525343246875 0.4435637296875 0.525533840625 0.44525894062500004 0.5274430265625 0.44662437187500004 0.5276336203125 0.4483195828125 0.5429090999999999 0.45924265468750003 0.54348088125 0.4643282875 0.5419528828125 0.46635327968749996 0.5642979046875001 0.46206550156250004 0.5641073125 0.4603702890625 0.5621974609375 0.4590049859375 0.56047886875 0.4593347671875 0.558569684375 0.457969334375 0.558379090625 0.4562741234375
1 0.3310056625 0.9640229796875 0.329096478125 0.96265755 0.3289058828125 0.9609623375 0.3250868484375 0.9582316015625001 0.32489625625 0.9565363890624999 0.322986403125 0.9551710859375 0.322605215625 0.9517806625 0.3130586234375 0.9449536328124999 0.311339365625 0.945283540625 0.3075203296875 0.9425528046875 0.307329734375 0.94085759375 0.30542055156250003 0.9394921625 0.3037019578125 0.9398219421875 0.299882921875 0.9370912062500001 0.299692328125 0.9353959953125001 0.29205425625000003 0.9299345234375 0.29167306875 0.9265440999999999 0.28976388124999997 0.9251786703124999 0.2895732890625 0.9234834578125 0.2838450671875 0.919387290625 0.28365447499999996 0.9176920781250001 0.2817452875 0.91632665 0.2800260296875 0.9166565562500001 0.27620699375 0.9139258203124999 0.2754446203125 0.9071449734374999 0.2678072125 0.901683375 0.26761661875 0.8999881656250001 0.26570743281250003 0.8986227328125 0.2639881765625 0.898952640625 0.2601691390625 0.8962219046875 0.2599785453125 0.8945266937499999 0.2523411375 0.8890650953125 0.25195995 0.8856746734375 0.250050765625 0.8843092406249999 0.24986017187499998 0.8826140296875 0.244131284375 0.878517990625 0.24394069062499998 0.876822778125 0.24203150468749998 0.875457346875 0.2403129125 0.8757871265625001 0.23840306249999998 0.874421821875 0.23821246875000002 0.8727266109375 0.22866520937499998 0.8658997093749999 0.22847461562500002 0.8642044984374999 0.2227463953125 0.8601083296875001 0.2225558 0.85841311875 0.21873742968749998 0.8556822546875 0.21854683593750002 0.8539870437499999 0.21682757968750002 0.8543169515625 0.21491839375000002 0.85295151875 0.2147277984375 0.8512563078125 0.2128179484375 0.849891003125 0.2126273546875 0.8481957937500001 0.21071816875 0.8468303609375001 0.20899957812499997 0.847160140625 0.2051805421875 0.8444294046874999 0.2044181671875 0.8376485609375001 0.20059913125 0.834917825 0.1988805390625 0.8352476046874999 0.1969706875 0.833882303125 0.193533503125 0.8345418625000001 0.1904768421875 0.8385919718749999 0.192382775 0.8555440875 0.1942919609375 0.85690951875 0.1944825546875 0.85860473125 0.200210778125 0.8627008984375 0.200401371875 0.8643961093750001 0.202311221875 0.8657614140625001 0.2026924078125 0.8691518374999999 0.2046015953125 0.8705172687499999 0.20479218906250002 0.8722124796875 0.210520409375 0.8763086453125 0.21071100468749998 0.8780038578125 0.23362455781250002 0.894388396875 0.2338151515625 0.896083609375 0.24145255781250002 0.9015452078124999 0.241643153125 0.9032404187499999 0.243553003125 0.9046057234375 0.243743596875 0.906300934375 0.24947181875000002 0.9103971015625 0.24966241249999999 0.9120923124999999 0.255390634375 0.9161884796875001 0.255581228125 0.9178836921875 0.2632186359375 0.9233452906249999 0.2634092296875 0.9250405015625001 0.267228265625 0.9277712375 0.267418859375 0.9294664499999999 0.27314708125 0.9335626156249999 0.273337675 0.935257828125 0.280975746875 0.9407192984374999 0.281166340625 0.9424145109375001 0.28689456406249997 0.9465106765625 0.2870851578125 0.9482058890625 0.29090419375 0.950936625 0.2910947875 0.9526318359375001 0.2928133796875 0.9523020531249999 0.296632415625 0.955032790625 0.296823009375 0.9567280015625 0.30446041562500004 0.9621896 0.3046510109375 0.9638848109374999 0.306560859375 0.9652501156250001 0.308279453125 0.9649203343750001 0.3120984890625 0.9676510703125001 0.312289084375 0.9693462828125 0.319926490625 0.97480788125 0.3201170859375 0.9765030921875001 0.3220269359375 0.977868396875 0.3222175296875 0.9795636078125 0.3260359 0.9822944703125 0.32622649375 0.9839896828124999 0.3281363453125 0.9853549859375 0.3283110265625 0.9869086656249999 0.35454646093750003 0.9859925031250001 0.35449033281250003 0.9854932812499999 0.35258114687500003 0.9841278499999999 0.352390553125 0.982432640625 0.3466623328125 0.9783364718750001 0.34647173750000004 0.9766412609374999 0.3369244796875 0.969814359375 0.33673388437499996 0.9681191484375 0.33501529375 0.968448928125 0.3311962578125 0.9657181921875001 0.3310056625 0.9640229796875
4 0.47090168437499996 0.5059640390625 0.4737605859375 0.5313922125 0.472231921875 0.53341733125 0.47280370156249996 0.538502965625 0.5123373078125 0.5309168750000001 0.50814425 0.49362222187500004 0.4737677515625 0.500218715625 0.47223908750000004 0.5022438359375 0.47242968125000007 0.503939046875 0.47090168437499996 0.5059640390625
5 0.34232034375 0.7523058859375 0.32685101875 0.7552742875 0.3339029796875 0.817997115625 0.3493723046875 0.8150287140625 0.34232034375 0.7523058859375
0 0.47204849375 0.5005486234375 0.451422728125 0.50450649375 0.45294747500000004 0.5180681875 0.4735732421875 0.514110315625 0.47204849375 0.5005486234375
3 0.208053109375 0.8075107156250001 0.20995904531249998 0.82446283125 0.211868896875 0.8258281343749999 0.2120594890625 0.8275233468750001 0.21396867656250002 0.8288887781250001 0.21415926875000002 0.830583990625 0.21606912031249997 0.8319492937499999 0.2452891765625 0.8263422671875 0.238618403125 0.7670098624999999 0.2076790890625 0.772946796875 0.206151090625 0.7749717890625 0.20958177500000003 0.8054855968749999 0.208053109375 0.8075107156250001
0 0.467633596875 0.6018392984375 0.46247715312500004 0.602828765625 0.460948490625 0.604853884375 0.4575113046875 0.6055134453125001 0.4588454609375 0.6173799265625 0.48118981875 0.613092275 0.47966507031249994 0.599530584375 0.4727900359375 0.60084983125 0.4712620390625 0.602874821875 0.4695427796875 0.6032047296874999 0.467633596875 0.6018392984375
4 0.39472528906250004 0.4062837234375 0.3973935984375 0.43001668593750003 0.43864579375 0.422100815625 0.4354057046875 0.39328221874999997 0.3975913578125 0.40053840156250003 0.3960626953125 0.4025635203125 0.3962532875 0.40425873125 0.39472528906250004 0.4062837234375
3 0.3536428546875 0.5094151671875 0.353833446875 0.5111103765625 0.3523047828125 0.513135496875 0.3555448734375 0.54195409375 0.4277363828125 0.5281012890625 0.42316213906250005 0.4874162109375 0.35956491874999996 0.4996198609375 0.3580369203125 0.501644853125 0.35822751249999996 0.5033400640625 0.3536428546875 0.5094151671875
1 0.3460086953125 0.488366884375 0.34428943749999996 0.48869679218749995 0.3427614390625 0.4907217828125 0.34295203281250003 0.49241699531250005 0.336838709375 0.500517215625 0.337601084375 0.5072980625 0.33301642187499997 0.513373165625 0.333207015625 0.5150683765624999 0.33167901875 0.51709336875 0.3326319859375 0.5255694281250001 0.351539159375 0.5219413359375 0.350776784375 0.5151604875 0.3523047828125 0.513135496875 0.3521141890625 0.511440284375 0.35669885 0.505365184375 0.3563176640625 0.5019747609375 0.3593743265625 0.49792465 0.36109358281250004 0.49759474218750005 0.3626215828125 0.4955697484375 0.3622403953125 0.4921793265625 0.36529705625000003 0.4881292140625 0.3643440890625 0.4796531578125 0.36262483125 0.4799830640625 0.360715646875 0.47861763437500005 0.3521213546875 0.4802667890625 0.3460086953125 0.488366884375
5 0.42305340156250004 0.9706049531250001 0.41581084687500003 0.9061869124999999 0.400341521875 0.9091553171875001 0.4073934828125 0.9718781453125 0.40930266875 0.9732435765625 0.42305340156250004 0.9706049531250001
0 0.5295610515625 0.3717512125 0.5123724703125 0.37504952187499996 0.5148501875 0.3970872734375 0.5320387671875 0.3937889625 0.5295610515625 0.3717512125
5 0.295621675 0.352565734375 0.29371248906249997 0.351200303125 0.2782425 0.3541688328125 0.2944429515625 0.4982618171875 0.321944415625 0.49298457031250004 0.32347307812500004 0.4909594515625 0.3080350015625 0.3536473140625 0.3061251515625 0.3522820109375 0.3026879671875 0.3529415703125 0.300778115625 0.3515762671875 0.295621675 0.352565734375
3 0.36762975937500003 0.30584422187500004 0.36247265 0.30683381718749997 0.36056346562499997 0.3054683859375 0.3399376984375 0.3094262578125 0.3368810375 0.3134763671875 0.3405023140625 0.3456853859375 0.3851923625 0.337109828125 0.381761678125 0.3065960203125 0.3766045703125 0.3075856171875 0.3746953859375 0.306220184375 0.3695389421875 0.30720965312500004 0.36762975937500003 0.30584422187500004
5 0.45160290468750003 0.5529618875 0.436132915625 0.5559304171874999 0.442994284375 0.6169580359375 0.45846427343749996 0.613989503125 0.45160290468750003 0.5529618875
5 0.427789128125 0.2943002609375 0.41845004374999994 0.21123489375 0.40469931406250004 0.2138735171875 0.40317065 0.215898634375 0.4123191390625 0.2972687921875 0.427789128125 0.2943002609375
5 0.35646659375 0.6907106921875 0.370217325 0.68807206875 0.363165365625 0.6253492406250001 0.351133225 0.6276580859374999 0.35189560000000003 0.6344389296874999 0.3503676 0.6364639203125 0.35646659375 0.6907106921875
1 0.24131470937500002 0.6660489671875001 0.241505303125 0.6677441796875 0.239977303125 0.669769171875 0.240167896875 0.6714643828125 0.237111234375 0.67551449375 0.23730182812499998 0.6772097046875001 0.23118850625 0.6853099265625 0.2313790984375 0.6870051390625 0.22679443593749998 0.693080240625 0.22698503125 0.6947754515625 0.22545703281249999 0.6968004421875 0.22564762656249998 0.6984956546875 0.2210629640625 0.7045707578125 0.22125355937500002 0.70626596875 0.2197248953125 0.7082910890624999 0.2199154890625 0.7099863 0.216859490625 0.7140362828125 0.2151402328125 0.7143661921875 0.21361223593749998 0.716391184375 0.2138028296875 0.7180863953125 0.20921816875000002 0.7241614968750001 0.2094087609375 0.7258567078125 0.20635209843750002 0.72990681875 0.2065426921875 0.73160203125 0.20195803125 0.7376771343749999 0.20214862656250002 0.7393723453125001 0.194507303125 0.7494975578124999 0.194697896875 0.75119276875 0.193169896875 0.7532177625 0.19145063906249998 0.7535476703125 0.191641234375 0.7552428812499999 0.1855285734375 0.763342975 0.18571916718749998 0.7650381875 0.18419050312500002 0.7670633046875001 0.18438109687499998 0.7687585171875 0.1828530984375 0.770783509375 0.1843778484375 0.7843452015625 0.2050036140625 0.7803873296875 0.20481302031249998 0.7786921171875 0.20634168437499997 0.7766670015625 0.2059604953125 0.7732765781250001 0.21054515624999998 0.7672014734375 0.2103545625 0.7655062640625 0.21646722187499998 0.7574061671875 0.2160860359375 0.7540157437499999 0.2176147 0.7519906265625 0.21742410625000003 0.7502954140625 0.21895210468749998 0.7482704234375 0.2206713625 0.7479405156250001 0.22048076874999997 0.746245303125 0.2220087671875 0.7442203125 0.2218181734375 0.7425251 0.2248748359375 0.7384749890625 0.226593428125 0.738145209375 0.22640283437500003 0.7364499984374999 0.22793083281249998 0.73442500625 0.2277402390625 0.7327297953125 0.23232556718750003 0.7266545640625 0.232134971875 0.7249593515625 0.2351909703125 0.72090936875 0.2350003765625 0.7192141578125 0.23652903906249997 0.7171890375000001 0.2382476328125 0.7168592578124999 0.2380570390625 0.715164046875 0.2456983609375 0.7050388328125 0.24550776718749998 0.7033436234375 0.2577337515625 0.6871433046875 0.25945234375 0.686813525 0.2625090046875 0.6827634140625001 0.2642275984375 0.6824336343749999 0.2672842609375 0.6783835234375 0.2670936671875 0.6766883124999999 0.26862233125 0.6746631921875 0.2684317375 0.67296798125 0.269959734375 0.6709429890624999 0.26786320625000004 0.6522956625 0.24379959062499998 0.6569132203125 0.2422709265625 0.6589383421874999 0.2428427078125 0.664023975 0.24131470937500002 0.6660489671875001
0 0.42817356718750005 0.282104 0.41098498437500003 0.285402309375 0.41327210625 0.3057448484375 0.4304606890625 0.3024465375 0.42817356718750005 0.282104
3 0.42662407187499995 0.37764947968749996 0.4241463546875 0.355611728125 0.39148845 0.36187844375 0.38996045 0.3639034359375 0.392247571875 0.3842459734375 0.42662407187499995 0.37764947968749996