2 0 0.319633915625 0.051558209375 0.56576668125 0.26485941875 0.652732659375 0.28724030625 0.7755050421874999 0.26404266718749997 0.7956656875 0.2699191453125 0.816889659375 0.3020457125 0.7810107703125 0.277196315625 0.6434017890625 0.062204885937499996 0.5507746609375 0.0069103375 0.27026278125 0.20816746875 0.041931871875 0.1786311203125 0.04935840625 0 0.2522508578125 0 0.319633915625
0 0.31905506875 0.7808608171875 0.30478718125 0.7844482937499999 0.30898482031249996 0.8078742203125 0.3232527078125 0.80428674375 0.31905506875 0.7808608171875
0 0.3333805140625 0.6923078265625 0.3191346234375 0.695889771875 0.323690990625 0.721317671875 0.3379368828125 0.717735725 0.3333805140625 0.6923078265625
0 0.29200414218750004 0.6219645109374999 0.27500145468750004 0.6262396171875 0.27935550625 0.6505384421875 0.29635819375 0.6462633359375001 0.29200414218750004 0.6219645109374999
0 0.2725243515625 0.5788268140625 0.2578165515625 0.5825249015625 0.262423921875 0.6082374421875001 0.27713172343750003 0.6045393546875 0.2725243515625 0.5788268140625
0 0.08657007343749999 0.521787171875 0.070659840625 0.5257875953125 0.0748659796875 0.5492609625 0.0907762140625 0.5452605390625 0.08657007343749999 0.521787171875
0 0.24641040625000002 0.50354038125 0.148771428125 0.52809044375 0.15623842968749999 0.5697618359375001 0.2538774078125 0.545211771875 0.24641040625000002 0.50354038125
0 0.14604176093750001 0.361953459375 0.0403083578125 0.3885387609375 0.0481238890625 0.43215519999999996 0.1538572921875 0.40556989843749996 0.14604176093750001 0.361953459375
0 0.0861569703125 0.24844139375 0.0678345390625 0.25304833437499996 0.0723127015625 0.27803978281249997 0.09063513125 0.27343284375 0.0861569703125 0.24844139375
0 0.03961563125 0.474214290625 0.0219237453125 0.4786626890625 0.0256147421875 0.49926118593749996 0.0433066296875 0.4948127875 0.03961563125 0.474214290625
0 0.18773191718749999 0.6836650343749999 0.08625835 0.7091792546875 0.0939463703125 0.752084090625 0.1954199359375 0.72656986875 0.18773191718749999 0.6836650343749999
0 0.2905731296875 0.05906940937500001 0.1873765671875 0.0850168546875 0.19459875 0.125321971875 0.2977953125 0.0993745265625 0.2905731296875 0.05906940937500001
0 0.3749362953125 0 0.3440459921875 0.0077669687500000004 0.348180725 0.030841839062499998 0.4491703875 0.0054492890624999995 0.44819394062500006 0 0.3749362953125 0
0 0.46208558125000004 0 0.46821044375 0.034181259375 0.568320275 0.0090099328125 0.56670580625 0 0.46208558125000004 0
0 0.5484590203125 0.06750286562499999 0.533150003125 0.0713521203125 0.5373867453125001 0.0949962734375 0.5526957640625 0.0911470171875 0.5484590203125 0.06750286562499999
0 0.64385501875 0.045251984375 0.6284506875 0.04912520625 0.63286764375 0.073775084375 0.648271975 0.069901865625 0.64385501875 0.045251984375
0 0.6656461124999999 0.12489250156250001 0.6519941046875 0.128325121875 0.65650456875 0.15349684531250002 0.6701565765625 0.1500642234375 0.6656461124999999 0.12489250156250001
0 0.7718695984374999 0.08855602500000001 0.7556807515624999 0.09262650312500001 0.75992599375 0.1163180921875 0.776114840625 0.11224761406249999 0.7718695984374999 0.08855602500000001
0 0.8700270671875 0 0.87612375 0.034023993749999995 0.9158076859375001 0.02404598125 0.9114989421875 0 0.8700270671875 0
2 0.6392317624999999 0 0.6664733468749999 0.1212220109375 0.7765727124999999 0 0.7516298609375001 0 0.6711101 0.0964096765625 0.6525271421875 0 0.6392317624999999 0
1 0.2639946109375 0.8061604359375 0.27399733125000003 0.7942197078125 0.2493723203125 0.6711915671875001 0.2402933703125 0.68160406875 0.2639946109375 0.8061604359375
1 0.25026199375 0.667510334375 0.0385518078125 0.5809653171875 0.029942012499999997 0.591567240625 0.2395544109375 0.6808112109375 0.25026199375 0.667510334375
1 0.1085732484375 0.58830771875 0.04953115 0.5660552421875 0.040736196875000005 0.5792371296875001 0.09992029375 0.6039754125 0.1085732484375 0.58830771875
1 0.20442194218749998 0.631031325 0.1091582265625 0.5894684875 0.10026018750000001 0.6035845546874999 0.19721732187500002 0.6438649046875 0.20442194218749998 0.631031325
1 0 0.467231790625 0.016164321875000002 0.5454440484374999 0.029843962499999998 0.5513934640625 0 0.4023940796875 0 0.467231790625
1 0 0.3935276828125 0.0031299953125000003 0.409031803125 0.0157955734375 0.4135852640625 0 0.331549209375 0 0.3935276828125
0 0.0232491609375 0.271720165625 0.00991975625 0.27507167187500003 0.01393718125 0.2974918671875 0.027266585937499997 0.2941403609375 0.0232491609375 0.271720165625
3 0.2938900828125 0.733832925 0.25468638593750004 0.7436901890625001 0.2667998640625 0.811292346875 0.3060035609375 0.8014350828125 0.2938900828125 0.733832925
3 0.2721147140625 0.6208624625 0.23478798437499998 0.6302477859375 0.24651893125000002 0.6957151374999999 0.283845659375 0.6863298125 0.2721147140625 0.6208624625
3 0.2212646390625 0.6100888296875 0.1982424578125 0.6158774609375001 0.2013809109375 0.6333923515625 0.2244030921875 0.6276037203125 0.2212646390625 0.6100888296875
3 0.12631295 0.5700578125 0.1001820421875 0.57662809375 0.1033476984375 0.594294790625 0.12947860625000002 0.587724509375 0.12631295 0.5700578125
3 0.08407140468749999 0.5064316453125 0.0407838390625 0.5173157453125 0.053184639062500004 0.5865213781249999 0.0964722046875 0.5756372765625 0.08407140468749999 0.5064316453125
3 0 0.3142284265625 0.0376555015625 0.3047604359375 0.025298904687500002 0.23580149218750002 0 0.242162575 0 0.3142284265625
3 0.0557874515625 0.200312646875 0.029297278125 0.2069732609375 0.033027379687500004 0.22778998125 0.05951755156250001 0.22112936875 0.0557874515625 0.200312646875
1 0.08298926250000001 0.1532974828125 0.06966750625 0.1435298515625 0.0170990546875 0.20652034531250002 0.030919076562499998 0.21277853124999999 0.08298926250000001 0.1532974828125
1 0.1573798875 0.069260684375 0.1380740828125 0.06247011718749999 0.06984219375 0.1453599578125 0.085011178125 0.1523131546875 0.1573798875 0.069260684375
1 0.10975745781249999 0.14338210468749998 0.0813023328125 0.1505367796875 0.0852194484375 0.1723971828125 0.11367457343750001 0.1652425078125 0.10975745781249999 0.14338210468749998
1 0.30637226093750003 0.8296709609375 0.3034232609375 0.8101987125000001 0.2782303484375 0.8355461140625 0.28081444218749996 0.85538080625 0.30637226093750003 0.8296709609375
1 0.3439881796875 0.8451315640624999 0.340413678125 0.8224165640625 0.3087844890625 0.828761021875 0.3105619234375 0.85060216875 0.3439881796875 0.8451315640624999
5 0.2390215515625 0.7175452859375 0.064426896875 0.7614448609375 0.0838373625 0.8697696078125 0.2584320171875 0.8258700328125 0.2390215515625 0.7175452859375
5 0.1525161578125 0.6794311234375 0.08437343281250001 0.6965647328125 0.08715825625 0.7121061140625 0.15530098125 0.694972503125 0.1525161578125 0.6794311234375
5 0.135736096875 0.49429891406250004 0.0899776796875 0.5058042781250001 0.092988621875 0.522607565625 0.138747040625 0.5111022015625 0.135736096875 0.49429891406250004
5 0.2112528796875 0.49774996875 0.1445838671875 0.5145130328125 0.1482306625 0.5348648390624999 0.21489967499999998 0.518101775 0.2112528796875 0.49774996875
5 0.365930884375 0.7517521203124999 0.32593534375 0.761808484375 0.3292455109375 0.7802816625 0.3692410515625 0.7702253 0.365930884375 0.7517521203124999
5 0.10545644375 0.3593324171875 0.0407597125 0.37559957499999996 0.0436975515625 0.3919948765625 0.10839428124999999 0.37572771875 0.10545644375 0.3593324171875
5 0.2511256984375 0.052771157812500004 0.187844028125 0.0686825171875 0.1908243671875 0.0853150203125 0.2541060390625 0.06940365937500001 0.2511256984375 0.052771157812500004
1 0.6706313921875 0 0.681421771875 0.054571393749999995 0.6928923484375 0.0418639765625 0.683482515625 0 0.6706313921875 0
1 0.69258760625 0.0430838578125 0.680524740625 0.0542476203125 0.6875544203125 0.090061825 0.6982033890625 0.07621149375 0.69258760625 0.0430838578125
1 0.8012690078125001 0 0.6742767749999999 0.1437581640625 0.6780787125 0.1613838640625 0.823572721875 0 0.8012690078125001 0
1 0.7792196765625 0 0.7266302578125 0.06214290625 0.7293806734375 0.0741184 0.796207803125 0 0.7792196765625 0
3 0.607089640625 0 0.613452503125 0.035509478125 0.66447523125 0.02268046875 0.6604111687499999 0 0.607089640625 0
3 0.7596754875 0 0.7615503796875001 0.010463281250000001 0.789301640625 0.0034855859374999998 0.7886770671875001 0 0.7596754875 0
3 0.6887248125000001 0.054465390625 0.6505402515625 0.06406640625 0.6605676609375 0.1200267609375 0.698752221875 0.1104257453125 0.6887248125000001 0.054465390625
5 0.5944762625 0.038733990625 0.5325876515625 0.054295084375000004 0.5356427984375001 0.07134505937499999 0.5975314078125 0.055783965625 0.5944762625 0.038733990625
4 0.6488800390625 0.0815652765625 0.650249078125 0.07951161718750001 0.6487840703125001 0.0713357890625 0.6468288234374999 0.07011797812500001 0.6465358890624999 0.0684831921875 0.6445808125 0.06726633125 0.6459498531250001 0.0652126703125 0.6077176343749999 0.07482567031250001 0.6147499109375001 0.114070975 0.64965784375 0.1052938265625 0.6510268828125 0.103240165625 0.6495618734375 0.0950643375 0.650931084375 0.0930116265625 0.6488800390625 0.0815652765625