3 0.291740409375 0.29614891875 0.2140552203125 0.307202146875 0.252308390625 0.48939917343749995 0.32999357812499996 0.47834594687500004 0.291740409375 0.29614891875
2 0.30128080156250003 0.4598046578125 0.27724481875 0.48333481718750004 0.3291777921875 0.7002732593750001 0.3578147640625 0.7296488906249999 0.9694909968750001 0.6731954546875001 0.9569368390624999 0.613400925 0.3573498609375 0.6842056796875 0.3415502203125 0.6678311031249999 0.30128080156250003 0.4598046578125
1 0.8501588734375 0.8002623171875 0.862048725 0.8611472484375 0.9723743593749999 0.8484395593749999 0.955503740625 0.7872387328125 0.8501588734375 0.8002623171875
1 0.47492324999999996 0.7037099671875 0.4459622421875 0.700084853125 0.4456271390625 0.8059788265625001 0.476898775 0.8352623734375 0.48380510625 0.7861372234374999 0.60583275 0.8241754046875001 0.6152101765625 0.7430189515625 0.48002786875 0.7232460015625 0.47492324999999996 0.7037099671875
1 0.277246728125 0.49354336249999997 0.2548333515625 0.5411659484375 0.287065309375 0.700093109375 0.31609524843750003 0.6549901015625 0.277246728125 0.49354336249999997
1 0.2557977578125 0.8357975625 0.2815073796875 0.8018573421875 0.2293765390625 0.5425913234374999 0.20816796875 0.56553271875 0.1921875234375 0.638432121875 0.2405052671875 0.853315325 0.2557977578125 0.8357975625
1 0.18063822812500002 0.4720520265625 0.18912681874999998 0.516808515625 0.17448038593749998 0.5671947796875 0.1368435515625 0.5807218062499999 0.148887390625 0.6380193249999999 0.1912107265625 0.635306825 0.2073262125 0.5703286249999999 0.2214006875 0.555697221875 0.200034228125 0.44053878125 0.18063822812500002 0.4720520265625
1 0.11735506874999999 0.5485957640625 0.07229890312500001 0.6081201765625 0.15194367656250002 0.9842498281250001 0.1981728265625 0.933611621875 0.11735506874999999 0.5485957640625
1 0.90769456875 0.3649306609375 0.7764595984375 0.3836030765625 0.79809058125 0.4866298546875 0.9293255500000001 0.46795744062500005 0.90769456875 0.3649306609375
1 0.777277446875 0.3825953359375 0.42045243593750004 0.4333652234375 0.4416698484375 0.5344221953125 0.7984948593750001 0.4836523078125 0.777277446875 0.3825953359375
1 0.422011321875 0.43175000468749997 0.28596593124999997 0.45110685781250004 0.30561261093750003 0.5446825515625 0.441658003125 0.5253256984375 0.422011321875 0.43175000468749997
0 0.6416712296875 0.181596871875 0.6428813875 0.1798222609375 0.6628685859375001 0.1769784375 0.6647320999999999 0.17831571875000002 0.670881528125 0.1774407640625 0.6727465015625 0.1787798890625 0.68043380625 0.177686121875 0.68164354375 0.17590951875 0.683181421875 0.1756907078125 0.6850463953125 0.1770298328125 0.6896579453125 0.1763736890625 0.693386853125 0.1790520859375 0.7072235828125 0.1770833640625 0.706569390625 0.173967490625 0.70899136875 0.17041598125 0.693621171875 0.09720886875 0.612137625 0.1088025359375 0.6275078203125 0.1820096484375 0.62904465625 0.18179098437500002 0.6309092125 0.1831281171875 0.6416712296875 0.181596871875
4 0.7671824921875 0.7492335515625 0.76325816875 0.7305422874999999 0.7613931968750001 0.7292031640625 0.7610665171875 0.7276472187499999 0.762277296875 0.7258704671875 0.7603151359375 0.7165248375 0.7615259171875 0.7147480875000001 0.756293625 0.68982706875 0.6932594 0.6987957234375 0.714842759375 0.8015956750000001 0.7163795953125 0.8013770109375 0.725701965625 0.8080709359375 0.77336158125 0.8012898156249999 0.7727073890625 0.79817394375 0.7775498875 0.7910690828125 0.769047465625 0.750572675 0.7671824921875 0.7492335515625
0 0.120225784375 0.209271803125 0.13690353125000002 0.28870668125 0.150741303125 0.2867378125 0.1519510421875 0.28496121093750004 0.15810047031250002 0.28408625625 0.15996544375 0.28542537968750004 0.2199249546875 0.2768942015625 0.2032472078125 0.19745932187499998 0.120225784375 0.209271803125
0 0.338364828125 0.946594465625 0.33957560781249996 0.944817715625 0.3426503203125 0.9443802390625 0.32728054218749997 0.8711751171875 0.24579699531250002 0.8827687828125 0.26083967656249996 0.95441596875 0.26545226875 0.9537596796875001 0.2673162 0.9550989515625 0.2703909140625 0.9546614734375 0.2716016953125 0.952884725 0.3146497625 0.9467597453125001 0.31651369687500003 0.9480990171875 0.3257378359375 0.9467865874999999 0.32760280937499997 0.9481257109375001 0.338364828125 0.946594465625
4 0.2950933234375 0.3030938453125 0.3199468125 0.42146918437499997 0.3829810375 0.41250053124999997 0.358127546875 0.29412518906249996 0.2950933234375 0.3030938453125
0 0.6172332234375 0.8042544968750001 0.6326030031250001 0.87745961875 0.712548671875 0.8660847640625 0.6971788937500001 0.7928796421875 0.6172332234375 0.8042544968750001
4 0.4048814171875 0.6676417421874999 0.40674639062500006 0.668980865625 0.4313451375 0.6654809 0.430364265625 0.6608090796874999 0.4315750484375 0.6590323312499999 0.408356621875 0.5484446843749999 0.34532135625 0.5574134875000001 0.36984775000000003 0.6742308921875 0.39598437343750004 0.6705121125 0.3971951546875 0.6687353625 0.4048814171875 0.6676417421874999
1 0.6434966984375 0.8614734453124999 0.6438237953125 0.8630313812500001 0.6414028578125001 0.8665827421875001 0.6358093953124999 0.8625672124999999 0.6482361390625 0.9217548828125001 0.6497729750000001 0.92153621875 0.65163795 0.9228753421875 0.659325253125 0.9217815734375 0.66118876875 0.92311885625 0.668876071875 0.9220250906249999 0.6700872703125 0.9202503296875 0.7100595859375 0.9145629765625 0.7112703671875 0.9127862265625 0.7204945046875 0.9114737937499999 0.7223594796875 0.91281291875 0.75925708125 0.9075630421875 0.7604678609375 0.90578629375 0.7635425734375 0.9053488156249999 0.76475335625 0.9035720671874999 0.764426259375 0.90201413125 0.7656359984375001 0.9002375296875 0.7646551265625 0.8955657078125 0.7658659078125 0.8937889578125 0.7642308421874999 0.8860012656249999 0.7654405828125 0.8842246640625 0.764459709375 0.87955284375 0.765670490625 0.87777609375 0.7653433953125 0.87621815625 0.7634784203125 0.8748790328125 0.7624975484375 0.8702072109375001 0.760633615625 0.8688679390624999 0.75965274375 0.8641961171875 0.75778776875 0.86285699375 0.7571335765625 0.8597411203125 0.7552696437499999 0.8584018484374999 0.7549429671875 0.8568459015625001 0.753077990625 0.8555067765625 0.750003278125 0.8559442546874999 0.748138303125 0.8546051312499999 0.74660146875 0.8548237953125 0.7391440734375 0.8494689921875 0.7376061968750001 0.8496878062500001 0.735741221875 0.8483486812500001 0.7342043859375 0.8485673453125001 0.7248820171875 0.84187341875 0.72334518125 0.8420920828125 0.7214802078125 0.840752959375 0.7211531109375 0.8391950234375001 0.7192881359375 0.8378558999999999 0.7177513015625 0.8380745640624999 0.7084289312500001 0.8313806359375 0.7081018343750001 0.8298227 0.6835030875 0.833322665625 0.6853680609375 0.8346617890625 0.6860222546875 0.8377776640624999 0.684811475 0.8395544140625001 0.6817367609375 0.8399918906250001 0.6805259796875001 0.841768640625 0.6728397171875 0.8428622593749999 0.6679972171874999 0.8499671187500001 0.6683243140624999 0.8515250562500001 0.6671141578124999 0.8532996687500001 0.6677683515624999 0.856415540625 0.6665575687499999 0.858192290625 0.665020734375 0.85841095625 0.6612907875 0.8557327078125001 0.6566792359375 0.8563888499999999 0.6554684546875 0.8581655984375001 0.6523937421875 0.8586030765625001 0.6505298093749999 0.8572638046875 0.6489919328125 0.8574826171875 0.6471269578125 0.8561434921875 0.6455901234375 0.8563621578125 0.6443793421875 0.8581389078124999 0.6447064390625 0.8596968437499999 0.6434966984375 0.8614734453124999
1 0.5638436328124999 0.896867671875 0.5641707296875 0.8984256078125 0.5678992203125001 0.9011020140625 0.5694360546875 0.90088335 0.5843523046875 0.9115947984374999 0.5858901828125 0.9113759874999999 0.598940415625 0.9207484562499999 0.6004782921875 0.9205296453124999 0.602342846875 0.921866778125 0.6038796859375 0.9216481140624999 0.605744659375 0.9229872390624999 0.60728149375 0.9227685734375 0.612875375 0.92678609375 0.6159500875 0.9263486171875 0.6178150625 0.9276877406249999 0.6193518984375 0.9274690765625 0.621216453125 0.9288062109374999 0.625828003125 0.92815006875 0.627039203125 0.9263753078124999 0.6285770796875 0.9261564968749999 0.62978681875 0.9243798953125 0.62782465625 0.9150342640625 0.6240957515625001 0.9123558671875 0.6237686546875 0.91079793125 0.6219040984374999 0.9094607953124999 0.6215770015625 0.9079028593749999 0.61411960625 0.9025480578125 0.613792509375 0.9009901203125 0.6063346968750001 0.8956333265625 0.60479681875 0.8958521390625 0.60106833125 0.8931757328125001 0.600741234375 0.8916177953125001 0.5988773015625 0.890278525 0.59855020625 0.8887205874999999 0.5892278359375 0.8820266609375 0.5889011562500001 0.8804707125 0.5833072765625 0.87645319375 0.5829801812500001 0.87489525625 0.5811162484375 0.873555984375 0.579578371875 0.873774796875 0.5758498828125 0.871098390625 0.5755227875 0.8695404531250001 0.571793878125 0.8668620578124999 0.5714672000000001 0.8653061109375001 0.5658733203125 0.861288590625 0.5655462250000001 0.859730653125 0.561817734375 0.857054246875 0.5614906390625001 0.8554963109375 0.5521682703125 0.8488023828125 0.5518411734375 0.8472444453125 0.5499772390625 0.8459051734375 0.5484393625 0.8461239859375 0.5465754296875 0.8447847140625001 0.5462487515625 0.8432287671875001 0.5443837765625 0.8418896421875001 0.5428459 0.8421084562500001 0.5391169953125 0.8394300593749999 0.5387898984375 0.8378721234375 0.5369263828124999 0.8365348406249999 0.5365992875 0.8349769031250001 0.5254119421875 0.8269438515624999 0.525084846875 0.825385915625 0.5232209140624999 0.82404664375 0.5216830375 0.82426545625 0.5198191046875 0.8229261843750001 0.518281228125 0.8231449968750001 0.5089588593750001 0.8164510703125 0.50863218125 0.8148951234374999 0.5049032718750001 0.8122167250000001 0.5033664359375 0.812435390625 0.4996364890625 0.8097571421875 0.49809965468749995 0.8099758078124999 0.4962346796875 0.8086366828125 0.49469784375000003 0.8088553468749999 0.4891043828125 0.8048398156250001 0.4691182234375 0.8076834937499999 0.47435051406250006 0.8326045140625 0.4818079109375 0.8379593171874999 0.48334578749999996 0.8377405031249999 0.4945320890625 0.845773703125 0.496069965625 0.8455548890625 0.4997988734375 0.8482332859374999 0.5013357093749999 0.8480146218750001 0.5032006828125 0.8493537453125001 0.5035273625000001 0.8509096921875001 0.50539129375 0.8522489640625001 0.506929171875 0.8520301515625001 0.5125230515625 0.856047671875 0.5140598875 0.8558290078124999 0.5177883765625 0.8585054124999999 0.5181154734375 0.8600633500000001 0.52184438125 0.8627417484375 0.5233822578125 0.8625229359375 0.5271107453125 0.86519934375 0.5274378421875 0.8667572781249999 0.533031721875 0.8707747984375 0.5333584 0.8723307468750001 0.5482736078125 0.8830423406250001 0.548927803125 0.8861582140625 0.5638436328124999 0.896867671875
3 0.6904728296875 0.6226158296875 0.6241993796875 0.63204536875 0.6432821 0.722934965625 0.7095555515624999 0.7135054249999999 0.6904728296875 0.6226158296875