2 0.2941006921875 0.48057417812500003 0.0063547265625 0.6711652578125 0.006104534375 0.6901882625 0.2907924671875 0.49699295781249997 0.2941006921875 0.48057417812500003
2 0.6702682546875 0.23811220624999999 0.6737275171875 0.12729624374999998 0.6610392 0.1324347421875 0.6604319750000001 0.23204084531250002 0.365240584375 0.4354070421875 0.36452229062499997 0.4527272296875 0.6702682546875 0.23811220624999999
0 0 0.5647112671875 0.10019215937499999 0.5647112671875 0.10019215937499999 0.5279366203125 0 0.5279366203125 0 0.5647112671875
0 0.3103574171875 0.4350328640625 0.23758262812500003 0.4350328640625 0.23758262812500003 0.4574272296875 0.3103574171875 0.4574272296875 0.3103574171875 0.4350328640625
0 0.2193812453125 0.5922629109375 0.2060376640625 0.5922629109375 0.2060376640625 0.613201878125 0.2193812453125 0.613201878125 0.2193812453125 0.5922629109375
0 0.3432321296875 0.379718309375 0.271156803125 0.379718309375 0.271156803125 0.4008450703125 0.3432321296875 0.4008450703125 0.3432321296875 0.379718309375
0 0.38131245156250004 0.5052558687500001 0.36069369687499997 0.5052558687500001 0.36069369687499997 0.5249507046875 0.38131245156250004 0.5249507046875 0.38131245156250004 0.5052558687500001
0 0.423762490625 0.3550070421875 0.352025365625 0.3550070421875 0.352025365625 0.37663615 0.423762490625 0.37663615 0.423762490625 0.3550070421875
0 0.409825134375 0.31695070468750003 0.35662375156250004 0.31695070468750003 0.35662375156250004 0.338974178125 0.409825134375 0.338974178125 0.409825134375 0.31695070468750003
0 0.23390622656249999 0.5008314546875 0.22079208281249998 0.5102286390625 0.22805342031250003 0.5277924875 0.2409431203125 0.5193225359375 0.23390622656249999 0.5008314546875
1 0.15286779374999998 0.5948215968749999 0.008139892187500001 0.6929413140625 0.0084438890625 0.7102892015625 0.1516456578125 0.611705634375 0.15286779374999998 0.5948215968749999
1 0.0091571875 0.7283652578125 0.2954454265625 0.530698121875 0.2955964640625 0.5130544593749999 0.007567640624999999 0.7124690140625 0.0091571875 0.7283652578125
1 0.0437455796875 0.636241784375 0.018107993750000002 0.6529948359375 0.024745195312500003 0.666521596875 0.050196003125 0.6505694828124999 0.0437455796875 0.636241784375
1 0.208582628125 0.6127713609375001 0.20853458906250003 0.64351971875 0.28371252812500003 0.642961503125 0.282436971875 0.610205634375 0.208582628125 0.6127713609375001
1 0.310656034375 0.558045540625 0.3403155265625 0.557829578125 0.34100538125 0.53833568125 0.32347386562499997 0.5382798125 0.3213631828125 0.5101507046875 0.295068025 0.5263868546875 0.310656034375 0.558045540625
1 0.350717140625 0.505829578125 0.3489204453125 0.49046291093749994 0.32397040781249997 0.5055384968750001 0.3270330515625 0.51743615 0.336287471875 0.5129765265625 0.34495388125000004 0.5696544593749999 0.372390084375 0.56750375625 0.3698762484375 0.543773709375 0.3481414296875 0.5461281687499999 0.343626440625 0.5099248828125 0.350717140625 0.505829578125
4 0.3037682546875 0.6494389671875 0.26820714843750004 0.6494389671875 0.26820714843750004 0.6934530515625 0.3037682546875 0.6934530515625 0.3037682546875 0.6494389671875
4 0.33967140625000003 0.6912629109374999 0.2988066875 0.6912629109374999 0.2988066875 0.7356291078125 0.33967140625000003 0.7356291078125 0.33967140625000003 0.6912629109374999
4 0.389846271875 0.5872934265625 0.3515372796875 0.5872934265625 0.3515372796875 0.6273169015625 0.389846271875 0.6273169015625 0.389846271875 0.5872934265625
5 0.1370080703125 0.5624342718750001 0.0030534203125 0.5624342718750001 0.0030534203125 0.5798474171875 0.1370080703125 0.5798474171875 0.1370080703125 0.5624342718750001
3 0.09065334375 0.6220962437499999 0.06257494218750001 0.6220962437499999 0.06257494218750001 0.648795775 0.09065334375 0.648795775 0.09065334375 0.6220962437499999
3 0.32354150625 0.46486384999999997 0.294559953125 0.46486384999999997 0.294559953125 0.4984225359375 0.32354150625 0.4984225359375 0.32354150625 0.46486384999999997
3 0.3518793234375 0.44544835625 0.3247463484375 0.44544835625 0.3247463484375 0.4787769953125 0.3518793234375 0.4787769953125 0.3518793234375 0.44544835625
3 0.36815334375000003 0.43641314531250003 0.3526229828125 0.43641314531250003 0.3526229828125 0.46381220624999997 0.36815334375000003 0.46381220624999997 0.36815334375000003 0.43641314531250003
1 0.4416902375 0.42082394375 0.35350230625 0.4789150234375 0.353930053125 0.49803568125000003 0.44267717187500005 0.4408075125 0.4416902375 0.42082394375
1 0.44199692500000004 0.42079436562500006 0.44226825468750003 0.4413478875 0.669059953125 0.28060046875 0.6680526515625 0.263177934375 0.44199692500000004 0.42079436562500006
1 0.5020192156250001 0.25673239375 0.48101076093749995 0.25689389687499997 0.4769500390625 0.267950234375 0.4675830125 0.2723413140625 0.468155265625 0.3025051640625 0.47410837812500006 0.2998553984375 0.48207763281249993 0.2743910796875 0.5009896234375 0.2733629109375 0.5020192156250001 0.25673239375
1 0.47501883125 0.30312018749999997 0.46733013124999995 0.30866431875 0.47006802499999994 0.335938028125 0.47634012343750004 0.331469953125 0.4754335125 0.3174075125 0.4874911609375 0.29104413125 0.50476595 0.290081690625 0.502712528125 0.27442535156250003 0.486825903125 0.27654131406250004 0.4834657953125 0.2872117375 0.47501883125 0.30312018749999997
1 0.5283262875 0.2850234734375 0.5270941578125 0.296266196875 0.47519561875000005 0.3487314546875 0.47482551875 0.33884413125 0.4669531125 0.345053521875 0.468172175 0.3747610328125 0.47555803281250003 0.369393896875 0.47590545781250004 0.3561328640625 0.5314857796875 0.3016694828125 0.5506395078125 0.3005568078125 0.5496191390625 0.283597653125 0.5283262875 0.2850234734375
0 0.4253977703125 0.2667746484375 0.4053631828125 0.2667746484375 0.4053631828125 0.28619248750000004 0.4253977703125 0.28619248750000004 0.4253977703125 0.2667746484375
0 0.4258358953125 0.2911830984375 0.4053631828125 0.2911830984375 0.4053631828125 0.311446009375 0.4258358953125 0.311446009375 0.4258358953125 0.2911830984375
0 0.5745734046875 0.3597652578125 0.5606994624999999 0.3597652578125 0.5606994624999999 0.379906103125 0.5745734046875 0.379906103125 0.5745734046875 0.3597652578125
0 0.359348578125 0.257474178125 0.3068774015625 0.257474178125 0.3068774015625 0.2787230046875 0.359348578125 0.2787230046875 0.359348578125 0.257474178125
0 0.5028362796875 0.18540375625 0.4077402 0.18540375625 0.4077402 0.22049295781249997 0.5028362796875 0.22049295781249997 0.5028362796875 0.18540375625
1 0.6155438125 0.377786384375 0.5633186015625 0.377786384375 0.5633186015625 0.3941572765625 0.6155438125 0.3941572765625 0.6155438125 0.377786384375
3 0.453147578125 0.2772746484375 0.43363950781250005 0.2772746484375 0.43363950781250005 0.3251666671875 0.453147578125 0.3251666671875 0.453147578125 0.2772746484375
3 0.45357033125 0.3189953046875 0.43390853125 0.3189953046875 0.43390853125 0.35775586875 0.45357033125 0.35775586875 0.45357033125 0.3189953046875
3 0.45039008437500005 0.354974178125 0.435828209375 0.354974178125 0.435828209375 0.381570421875 0.45039008437500005 0.381570421875 0.45039008437500005 0.354974178125
3 0.5540891625000001 0.309201878125 0.5304919296875 0.309201878125 0.5304919296875 0.3358967140625 0.5540891625000001 0.3358967140625 0.5540891625000001 0.309201878125
3 0.6736145265625 0.1993521125 0.6394446578124999 0.1993521125 0.6394446578124999 0.25753990625 0.6736145265625 0.25753990625 0.6736145265625 0.1993521125
0 0.69779976875 0.2382934265625 0.6836913906250001 0.2382934265625 0.6836913906250001 0.2581666671875 0.69779976875 0.2581666671875 0.69779976875 0.2382934265625
0 0.6067071484375 0.2532929578125 0.5947213687499999 0.260962440625 0.6039677171875 0.278078403125 0.61499769375 0.270295775 0.6067071484375 0.2532929578125
5 0.6359050734375 0.21795305156250003 0.41107417343749997 0.21795305156250003 0.41107417343749997 0.23651643125000002 0.6359050734375 0.23651643125000002 0.6359050734375 0.21795305156250003
5 0.5249212140624999 0.4283521125 0.46911414218749997 0.4283521125 0.46911414218749997 0.4442112671875 0.5249212140624999 0.4442112671875 0.5249212140624999 0.4283521125
5 0.358038046875 0.1663708921875 0.10317640312500001 0.1663708921875 0.10317640312500001 0.25270892031250003 0.358038046875 0.25270892031250003 0.358038046875 0.1663708921875
4 0.47395849375 0.54146009375 0.4316833203125 0.54146009375 0.4316833203125 0.5817511734374999 0.47395849375 0.5817511734374999 0.47395849375 0.54146009375
4 0.6697809375 0.4698708921875 0.62930438125 0.4698708921875 0.62930438125 0.5114812203125 0.6697809375 0.5114812203125 0.6697809375 0.4698708921875
0 0.6354304375 0.1310798125 0.5637471171875 0.1310798125 0.5637471171875 0.1516807515625 0.6354304375 0.1516807515625 0.6354304375 0.1310798125
0 0.6358166796875 0.063840375 0.566220215625 0.063840375 0.566220215625 0.08674178437499999 0.6358166796875 0.08674178437499999 0.6358166796875 0.063840375
0 0.6114873171874999 0.0988145546875 0.5933704843750001 0.0988145546875 0.5933704843750001 0.1211572765625 0.6114873171874999 0.1211572765625 0.6114873171874999 0.0988145546875
0 0.6665853187499999 0.138138496875 0.649256340625 0.138138496875 0.649256340625 0.1571854453125 0.6665853187499999 0.1571854453125 0.6665853187499999 0.138138496875
1 0.6882936203125001 0 0.6882936203125001 0.0464507046875 0.7016986937499999 0.0464507046875 0.7016986937499999 0 0.6882936203125001 0
0 0.734066103125 0.0171408453125 0.717932359375 0.0171408453125 0.717932359375 0.0399014078125 0.734066103125 0.0399014078125 0.734066103125 0.0171408453125
1 0.688041121875 0.2231211265625 0.7030564953125 0.21404319218749998 0.70150230625 0.0863713609375 0.6883378171875 0.092653521875 0.688041121875 0.2231211265625
1 0.708782475 0.0572328640625 0.7085503453124999 0.06699671406249999 0.6986617984375 0.0636685453125 0.7012317453125 0.04445586875 0.6900307453125001 0.054448356249999996 0.690713296875 0.0877046953125 0.6987090703125001 0.0820840375 0.6972832437500001 0.07296525781249999 0.7048716374999999 0.07651643125 0.7307843968750001 0.0791751171875 0.7303881624999999 0.0572328640625 0.708782475 0.0572328640625
1 0.787350115625 0.038326290624999995 0.7227959265624999 0.038326290624999995 0.7227959265624999 0.0527629109375 0.787350115625 0.0527629109375 0.787350115625 0.038326290624999995
0 0.5909838578125 0.008462440625000001 0.5223366640625 0.008462440625000001 0.5223366640625 0.02931220625 0.5909838578125 0.02931220625 0.5909838578125 0.008462440625000001
3 0.66045541875 0 0.66045541875 0.068431925 0.676001153125 0.068431925 0.676001153125 0 0.66045541875 0
3 0.6742524984375 0.06818779375 0.66032859375 0.06818779375 0.66032859375 0.10552112656249998 0.6742524984375 0.10552112656249998 0.6742524984375 0.06818779375
3 0.676890853125 0.1040469484375 0.65939661875 0.1040469484375 0.65939661875 0.1264225359375 0.676890853125 0.1264225359375 0.676890853125 0.1040469484375
4 0.83445234375 0.178917840625 0.8045023062500001 0.178917840625 0.8045023062500001 0.22343896718749998 0.83445234375 0.22343896718749998 0.83445234375 0.178917840625
4 0.8336933125 0.10247887343749999 0.812063796875 0.10247887343749999 0.812063796875 0.1481126765625 0.8336933125 0.1481126765625 0.8336933125 0.10247887343749999
1 0.6819062265625 0.1511971828125 0.6687855500000001 0.1511971828125 0.6687855500000001 0.1864647890625 0.6819062265625 0.1864647890625 0.6819062265625 0.1511971828125