0 0.5480938734375 0.4271849578125 0.5493399671875 0.4486056734375 0.5658028421875 0.44793404375 0.5645567484375 0.4265133296875 0.5480938734375 0.4271849578125
4 0.5930471046875 0.7176921015625 0.5954433859375 0.7588848703125 0.6349551390625 0.757272925 0.636505059375 0.755558609375 0.6381514078125 0.7554914421875 0.635850946875 0.71594585 0.5930471046875 0.7176921015625
0 0.5716667046875 0.5203671296875 0.49758285156250004 0.5233894984374999 0.4989247671875 0.5464573921875 0.5713622703125 0.5435021875 0.57291275625 0.541787103125 0.5716667046875 0.5203671296875
0 0.7060322453125 0.2770488140625 0.707374159375 0.3001167046875 0.7090205078125 0.300049540625 0.7105709921875001 0.2983344578125 0.7319729140625 0.29746133124999996 0.733715125 0.2990420828125 0.778165315625 0.2972286671875 0.7797158 0.29551358437499997 0.7813621484375 0.29544641875 0.78030778125 0.2773215421875 0.77856556875 0.27574078750000003 0.7784697484375 0.2740936109375 0.7060322453125 0.2770488140625
0 0.7020064140625 0.20784365624999998 0.7032525093750001 0.2292643703125 0.7756900140625 0.2263091671875 0.7744439203125 0.204888453125 0.7020064140625 0.20784365624999998
0 0.4984792234375 0.48206165937499995 0.4998211375 0.5051295484375 0.55414941875 0.5029131390625 0.5556999453125 0.5011987984374999 0.55734629375 0.501131634375 0.5563877453125 0.48465393125 0.554645534375 0.483073178125 0.5544538515624999 0.479778084375 0.4984792234375 0.48206165937499995
0 0.1328635625 0.72160104375 0.1349722984375 0.757850796875 0.24198250937500002 0.7534851453125 0.239873775 0.7172353921875 0.1328635625 0.72160104375
4 0.9783628390624999 0.23620869843749998 0.9627774890625 0.2368445296875 0.9653654968750001 0.2813331359375 0.9809508484375 0.28069730625 0.9783628390624999 0.23620869843749998
5 0.0153567125 0.8849526953125 0.11407870312499999 0.880925175 0.1090943703125 0.795243059375 0.010372378125 0.7992705796874999 0.0153567125 0.8849526953125
0 0.38054872031250003 0.61074589375 0.3819864984375 0.6354617046875 0.45936304687499996 0.6323050046875001 0.45792526875000006 0.6075891953125 0.38054872031250003 0.61074589375
5 0.22295843125 0.341350765625 0.22784690156249998 0.425384965625 0.49290290781249996 0.41457158437499997 0.48801443750000006 0.330537384375 0.22295843125 0.341350765625
1 0.39074280156249996 0.729248340625 0.38919231718749997 0.7309634265625 0.38928818125000003 0.73261134375 0.38618716875 0.73604076875 0.382894471875 0.7361751 0.3782429734375 0.7413196109375 0.3765966265625 0.7413867765625 0.37039525 0.74824634375 0.3687489015625 0.748313509375 0.3671984171875 0.7500285953125 0.3655520671875 0.750095759375 0.3609005703125 0.7552402687499999 0.359254221875 0.7553074328125 0.3577037375 0.75702251875 0.3560573890625 0.757089684375 0.354506903125 0.7588047671875 0.3528605546875 0.7588719312500001 0.3482090578125 0.7640164421875 0.346562709375 0.764083609375 0.3279573671875 0.7846623640625 0.32631102031250003 0.7847295296875 0.324760534375 0.7864446140625 0.324856396875 0.78809253125 0.32330586875 0.7898068734375 0.3200137796875 0.78994118125 0.31846329375 0.7916562640625 0.303646159375 0.792260753125 0.297444178125 0.799120346875 0.295797828125 0.7991875109375 0.295893690625 0.80083543125 0.29124280156250004 0.8059799156249999 0.28959645312500004 0.80604708125 0.2833944703125 0.812906675 0.281748121875 0.812973840625 0.2755461390625 0.8198334328125 0.2738997921875 0.8199005984375001 0.2692489 0.825045084375 0.2676025515625 0.8251122484375 0.2598500828125 0.8336869265625 0.2582037359375 0.8337540921875 0.2566532515625 0.8354691765625001 0.255006903125 0.8355363406249999 0.2519058890625 0.838965765625 0.250259540625 0.83903293125 0.24870905468750001 0.8407480171874999 0.245416359375 0.8408823468750001 0.24386648125 0.84259740625 0.24222013437499998 0.8426645734375 0.2406696484375 0.8443796562499999 0.2390233 0.8444468203125 0.2312707890625 0.85302075625 0.229624440625 0.853087921875 0.22807395625 0.85480300625 0.226427609375 0.8548701718749999 0.224877121875 0.8565852546875 0.224972984375 0.858233175 0.21567059687499998 0.8685221671875001 0.21402424999999997 0.868589334375 0.2124737640625 0.87030441875 0.21256962812500002 0.8719523375 0.20946861249999998 0.8753817625 0.2061759171875 0.8755160921874999 0.2015244203125 0.880660603125 0.199878071875 0.8807277687499999 0.1967771015625 0.8841579375 0.195130753125 0.8842251015624999 0.192030346875 0.8876545015625 0.1903839984375 0.8877216671875001 0.1888335125 0.8894367515624999 0.18718716562499998 0.8895039171875 0.18253566875 0.8946484265624999 0.18088931875 0.8947155921875 0.179338834375 0.8964306765625001 0.17769248437500001 0.8964978421875 0.17614200156249998 0.8982129249999999 0.1712029578125 0.898414421875 0.16965247187500002 0.9001295062500001 0.1663603828125 0.9002638125000001 0.16480985312500002 0.9019781531250001 0.16316350468750002 0.9020453187499999 0.1600625359375 0.9054754859375 0.16015839999999998 0.90712340625 0.1586078703125 0.908837746875 0.1569615234375 0.9089049125 0.1582076171875 0.9303256281250001 0.1597581015625 0.92861054375 0.16469714687499998 0.9284090468749999 0.1662476734375 0.9266947046875 0.16789402343749998 0.926627540625 0.17254487031250001 0.9214823125 0.1741912203125 0.9214151484374999 0.1865951859375 0.9076959609375 0.188241534375 0.90762879375 0.19134254687500002 0.90419936875 0.19298889375 0.9041322031249999 0.194539378125 0.9024171203125 0.1961851203125 0.9023499796875001 0.19773560625 0.9006348953125001 0.1993819546875 0.9005677296875 0.2024829671875 0.8971383046874999 0.204129315625 0.8970711375 0.20723028437500002 0.8936409703124999 0.21052298125000002 0.8935066390624999 0.2151744796875 0.8883621296875001 0.216820828125 0.888294965625 0.21837131250000003 0.88657988125 0.220017659375 0.8865127140625001 0.22156758281250002 0.8847983984375001 0.22321392968749998 0.8847312328125 0.2278653859375 0.87958598125 0.23115808124999998 0.87945165 0.2327086109375 0.8777373078125 0.23435495781250001 0.87767014375 0.2405569421875 0.8708105500000001 0.242203290625 0.870743384375 0.2421074265625 0.869095465625 0.24365791093750003 0.8673803812499999 0.24530425937500003 0.8673132156250001 0.248404665625 0.8638838156249999 0.2500510125 0.8638166515625001 0.25470246875 0.8586713984375001 0.25634881875 0.8586042328125 0.25944982968749997 0.85517480625 0.26109617812499997 0.8551076421875001 0.264197146875 0.8516774734375 0.2658434953125 0.8516103078124999 0.267394025 0.8498959656249999 0.2690403734375 0.8498288015625001 0.2721407359375 0.8463986578125 0.273787084375 0.8463314921875 0.276888096875 0.8429020671874999 0.2785344453125 0.8428349 0.2831859015625 0.8376896484374999 0.2848322484375 0.8376224828125001 0.2863827765625 0.8359081421875001 0.288029125 0.8358409765625 0.29113009375 0.8324108078125001 0.2927764421875 0.83234364375 0.294326928125 0.8306285609374999 0.2976190171875 0.8304942546875 0.30227051562499996 0.82534974375 0.3039168625 0.8252825781249999 0.3070178765625 0.821853153125 0.3086642234375 0.8217859890625 0.324168553125 0.8046366562499999 0.3258149 0.8045694921875001 0.3273653875 0.8028544078125 0.3290117359375 0.802787240625 0.3414157015625 0.7890680546875 0.3463547453125 0.7888665593749999 0.3479046671875 0.7871522421875 0.3511973625 0.7870179109375 0.352747846875 0.7853028281250001 0.3543941953125 0.7852356609375 0.3559446828125 0.7835205765625 0.3575910296875 0.7834534125 0.3591415140625 0.7817383296875 0.3607878625 0.7816711625 0.3669898453125 0.77481156875 0.3686361953125 0.7747444046874999 0.3685403734375 0.7730972281249999 0.373191221875 0.767952 0.3781302671875 0.767750503125 0.37968079375 0.7660361625000001 0.38132714375 0.7659689968750001 0.38287762812500004 0.7642539125 0.38278176406250003 0.76260599375 0.38433225000000004 0.760890909375 0.38597859843750004 0.7608237453125 0.39218057968750003 0.7539641515625 0.39382692812500003 0.7538969843750001 0.40002830625 0.747037415625 0.40332100156250006 0.746903084375 0.404871528125 0.74518874375 0.406517878125 0.7451215796875 0.411169334375 0.739976328125 0.41281568125 0.7399091624999999 0.41901766250000005 0.73304956875 0.42066401249999996 0.7329824031250001 0.4222145390625 0.7312680625 0.42386028124999997 0.731200921875 0.43471371875000003 0.7191960749999999 0.4363600671875 0.719128909375 0.43946108125 0.7156994828125 0.43936521875 0.7140515656249999 0.44246623124999995 0.7106221390624999 0.4441125796875 0.7105549734375 0.4456630625 0.708839890625 0.4489551515625 0.708705584375 0.45050563749999994 0.7069905000000001 0.4521519859375 0.7069233359375 0.451576890625 0.69703730625 0.4498346796875 0.6954565546875 0.44489624218749996 0.6956580265625 0.44315403125 0.694077271875 0.441603546875 0.6957923578125 0.43995719843750003 0.695859521875 0.436856184375 0.699288946875 0.43520983593749996 0.6993561125000001 0.4336593515625 0.701071196875 0.4303666546875 0.701205528125 0.428816171875 0.7029206125 0.427169821875 0.702987778125 0.4240688078125 0.7064172015625 0.422422459375 0.70648436875 0.4193220984375 0.7099145124999999 0.41767575 0.7099816765625 0.41302425156250006 0.7151261875 0.411377903125 0.7151933515625 0.4067264046875 0.7203378609375 0.40508005625 0.7204050265624999 0.40352957187499994 0.7221201109375001 0.4018832234375 0.7221872765625 0.40033273906250005 0.7239023609374999 0.398686390625 0.723969525 0.395585984375 0.7273989265624999 0.3939396375 0.7274660921875 0.3923891515625 0.729181175 0.39074280156249996 0.729248340625
4 0.9833471734374999 0.3218908171875 0.9628227781250001 0.3227281421875 0.9652191046875 0.36392165468750004 0.9857434984375001 0.363084328125 0.9833471734374999 0.3218908171875
4 0.4622165171875 0.8799354890625001 0.4647086625 0.9227761750000001 0.5058667625 0.9210970640625 0.5033746171875 0.8782563781249999 0.4622165171875 0.8799354890625001
4 0.5086680218749999 0.7706834125 0.5109684828125001 0.8102290046875 0.5488338859375 0.808684225 0.550384371875 0.8069691421874999 0.5520307203125 0.806901975 0.549826121875 0.7690043015625 0.5086680218749999 0.7706834125
5 0.76019031875 0.073338471875 0.76183666875 0.07327130625 0.758858778125 0.0220805359375 0.6282705984375 0.0182808078125 0.63302428125 0.0999979640625 0.7350954484375001 0.0958338078125 0.7349995859375 0.094185890625 0.733257371875 0.0926051375 0.7324905515625 0.0794232734375 0.73714205 0.0742787625 0.74208109375 0.07407726718749999 0.7436315796875 0.072362184375 0.7584481078125 0.07175771875 0.76019031875 0.073338471875
0 0.5414631890625 0.34157000625 0.543571925 0.37781976093749997 0.64399674375 0.37372277187499997 0.645547271875 0.37200842968750003 0.643630221875 0.3390537703125 0.6451807046875 0.33733868437500003 0.5414631890625 0.34157000625
0 0.4118624609375 0.5533128953124999 0.4131085125 0.5747328671874999 0.48389966875 0.5718448281249999 0.4827494375 0.5520720328125 0.479456740625 0.5522063640625 0.477714571875 0.550626353125 0.4118624609375 0.5533128953124999
1 0.5286995812499999 0.63277996875 0.5287954453125 0.6344278890624999 0.52569443125 0.6378573140625 0.5240480828125 0.637924478125 0.52249820625 0.6396395390625 0.5225940671875 0.6412874578125 0.51949305625 0.6447168828125001 0.5178467078125 0.6447840484375 0.5162962234374999 0.6464991328125 0.5163920859375 0.6481470500000001 0.5117405890625 0.6532915609375001 0.510094240625 0.6533587265625 0.5101901015625 0.65500664375 0.508639575 0.6567209859375 0.5094063953125 0.6699028515625 0.518709390625 0.6596138328125 0.520355740625 0.6595466671875 0.523456709375 0.656116496875 0.5283951484375 0.6559150265625 0.5299456765625 0.654200684375 0.533238371875 0.6540663546875 0.5378898265625 0.648921103125 0.5395361750000001 0.6488539375 0.5410867046875001 0.64713959375 0.5427330515625 0.6470724296875 0.545834021875 0.6436422625 0.5474803703125 0.6435750953125 0.5490308546875 0.6418600125 0.5523229453125 0.64172570625 0.558524928125 0.6348661124999999 0.560171275 0.6347989468749999 0.5617218046875 0.63308460625 0.5633681515625 0.633017440625 0.5680196078125 0.6278721890625001 0.5696659562499999 0.627805021875 0.57586733125 0.6209454531249999 0.5775136796875 0.6208782890625 0.57906420625 0.619163946875 0.5807105546875 0.61909678125 0.5806146921875001 0.6174488625000001 0.5821651765625 0.6157337796875 0.583811525 0.6156666140625 0.5853620109375 0.613951528125 0.59030105625 0.6137500328125001 0.5965030390625 0.6068904390625 0.5981493875 0.6068232734375 0.599699915625 0.60510893125 0.60134565625 0.605041790625 0.6044466265625 0.6016116234375 0.6060929734375 0.6015444578125 0.60494274375 0.5817716625 0.5950652609375 0.5821746296875 0.5888632765625 0.5890342234375 0.5872169296874999 0.5891013890625 0.5856664453125 0.5908164734375 0.585762309375 0.5924643921875 0.58266129375 0.5958938171875 0.5777222484375 0.5960953124999999 0.576171765625 0.597810396875 0.5745254171874999 0.5978775625 0.5698745265625 0.6030220484375 0.568228178125 0.6030892125 0.56202619375 0.60994880625 0.560379846875 0.610015971875 0.5588293625 0.6117310578125 0.5571830125 0.611798221875 0.5525315140625 0.61694273125 0.5492388187499999 0.6170770625 0.547688940625 0.6187921203125 0.547784803125 0.620440040625 0.5446837921875 0.623869465625 0.5380983968749999 0.624138128125 0.531896415625 0.630997721875 0.530250065625 0.6310648859375 0.5286995812499999 0.63277996875
1 0.7688745296875 0.4495589015625 0.7642230296875 0.4547034109375 0.76257668125 0.45477057500000007 0.761026196875 0.4564856578125 0.7577335015625 0.45661998906249995 0.756183015625 0.4583350734375 0.7562788796875 0.45998299375 0.753177865625 0.46341241875000005 0.7515315171875 0.4634795828125 0.7468806265625 0.4686240703125 0.745234278125 0.46869123437500004 0.74368379375 0.47040631718750003 0.740391096875 0.4705406484375 0.7341891140625 0.4774002421875 0.7325427671875 0.47746740781249997 0.72634078125 0.4843270015625 0.7230486953125 0.48446130781249996 0.7214982078125 0.48617639218750003 0.7198518593750001 0.48624355625 0.7199477234375 0.4878914765625 0.7168467093750001 0.4913209015625 0.7152003625 0.4913880671875 0.7089983796875 0.49824766093750006 0.7073520296875 0.49831482656250004 0.7058015453125 0.500029909375 0.7041551984375001 0.500097075 0.705305428125 0.519869871875 0.7102444734375 0.519668375 0.71334544375 0.5162382062499999 0.714991790625 0.516171040625 0.7165423203125 0.5144567 0.7181886671875 0.514389534375 0.7180928046874999 0.5127416171875 0.719643290625 0.5110265328125 0.7212896375 0.510959365625 0.722840121875 0.5092442828125 0.7244864718749999 0.5091771171875 0.7291373625 0.5040326328125 0.7307837109374999 0.503965465625 0.7323341953125 0.5022503828125 0.73398054375 0.50218321875 0.7401825265624999 0.495323625 0.7418288765625001 0.4952564578125 0.7464803734375 0.49011195 0.7481267203125 0.49004478437500004 0.7496772046875 0.4883297 0.7529692953125 0.48819539218749997 0.759171278125 0.4813357984375 0.7608176265625 0.481268634375 0.767019609375 0.474409040625 0.7719586546875 0.47420754374999996 0.77816003125 0.46734797656250004 0.779806378125 0.46728081093749996 0.78135690625 0.46556646874999996 0.7830032546875 0.465499303125 0.786104225 0.46206913437499997 0.7877505734375 0.4620019703125 0.789301059375 0.4602868875 0.79094740625 0.46021972031249997 0.7971493890625 0.4533601265625 0.7987957390625 0.45329296250000006 0.8003462656250001 0.45157862031249996 0.800250403125 0.4499307 0.8033507656250001 0.4465005578125 0.8049971140625001 0.4464333921875 0.8065476421875 0.44471904999999995 0.806451778125 0.4430711328125 0.8095527468749999 0.43964096406250003 0.811199096875 0.4395737984375 0.812749625 0.43785945625 0.8143959734375 0.43779229218750004 0.8236989234375001 0.42750253125000004 0.8235072406249999 0.4242074359375 0.8250577265624999 0.4224923515625 0.8246743171875 0.41590141875000003 0.8211898921874999 0.41273991250000003 0.81954354375 0.412807078125 0.8179930609375001 0.41452216249999996 0.8147003625 0.4146564921875 0.8084983796874999 0.42151608593749995 0.8068520328125001 0.42158325156250004 0.8053015468750001 0.4232983359375 0.8036551984375 0.42336550156249997 0.8021047140625001 0.42508058593750003 0.8004589734374999 0.425147725 0.79890844375 0.42686206562500006 0.797262096875 0.4269292328125 0.7957116125 0.42864431718749996 0.7940652625 0.42871148124999997 0.7925147765625 0.4304265671875 0.792610640625 0.432074484375 0.7910601140625 0.43378882656249995 0.789413765625 0.433855990625 0.7832117828125 0.4407155859375 0.7815654328125 0.44078275156249996 0.78001495 0.44249783593750003 0.7767222515625 0.4426321671875 0.775172375 0.444347225 0.7752682375 0.44599514375 0.772167225 0.44942457031250005 0.7688745296875 0.4495589015625
4 0.79607289375 0.63343336875 0.7985650828125 0.6762748000000001 0.838076834375 0.6746628546875 0.8355846453125 0.6318214234374999 0.79607289375 0.63343336875
5 0.8634117171875 0.0889471140625 0.871643459375 0.0886112875 0.8751278812500001 0.09177279375 0.969736128125 0.0879130984375 0.968490034375 0.066492384375 0.8376627328125 0.0718296921875 0.8389088265625 0.09325040625 0.860311353125 0.09237725625 0.8634117171875 0.0889471140625
0 0.5497233765625 0.4551966046875 0.5508736078124999 0.4749694 0.5706291796875 0.47416344062500004 0.569766496875 0.4593336578125 0.5680242843750001 0.45775290625 0.5679284203125 0.45610498593750004 0.5596972890624999 0.45644078906249996 0.5579551203124999 0.45486077812500003 0.5497233765625 0.4551966046875
4 0.4252480921875 0.8401524015625 0.42774028125 0.8829938296875 0.463958728125 0.881516240625 0.46319190781249997 0.8683343750000001 0.46144969687500004 0.8667536234375 0.4598201921875 0.8387419765624999 0.4252480921875 0.8401524015625
1 0.473729353125 0.7374240921874999 0.491838578125 0.7366852984375 0.49880738124999996 0.7430075671874999 0.502100078125 0.7428732359375 0.5038416828125001 0.7444540140625 0.50548803125 0.7443868499999999 0.5089724546875 0.74754835625 0.5254359375 0.7468767015625 0.5252442109375 0.7435808640625 0.5267946953125 0.7418657796875 0.5258361921875 0.725388821875 0.5240939796874999 0.7238080671875 0.5239981171875 0.72216015 0.5222559484375 0.7205801390625 0.5206096 0.7206473046874999 0.5188673890625 0.71906655 0.51392834375 0.719268046875 0.51218613125 0.7176872953125 0.508893434375 0.717821625 0.5036668421875 0.71308010625 0.50357098125 0.7114321890624999 0.4983449953125 0.7066906484375 0.49805744843750005 0.7017476328125001 0.4963152359375 0.70016688125 0.496123509375 0.6968710421875 0.492639128125 0.6937102796875 0.49225571874999996 0.687119346875 0.49535668906249997 0.6836891796875 0.49526086718749995 0.6820420031250001 0.49991171718749994 0.676896775 0.5015580640625 0.676829609375 0.5014622453124999 0.675182434375 0.5030127296875 0.67346735 0.502916865625 0.67181943125 0.5044673515625 0.670104346875 0.504083940625 0.6635134140625001 0.5005995609375 0.6603526515625 0.4959486703125 0.6654971359374999 0.4943023203125 0.6655643015625 0.48810033906249994 0.6724238953125 0.48316129375 0.672625390625 0.4816108078125 0.6743404749999999 0.47831811249999995 0.6744748046875 0.4752170984375 0.67790423125 0.4735707515625 0.6779713953125001 0.46426840468749997 0.688261134375 0.46262205781250004 0.6883282984375 0.45952104374999997 0.691757725 0.457874696875 0.691824890625 0.45632421093750003 0.6935399734375001 0.45303151406250003 0.6936743046875 0.45446929062499997 0.7183901140625 0.4596959265625 0.7231323749999999 0.459791746875 0.7247795515625 0.46153395937499997 0.726360303125 0.461629821875 0.7280082218749999 0.463372034375 0.729588975 0.46346785312499994 0.7312361515625 0.4686944875 0.7359784109375 0.4719871859375 0.7358440796875 0.473729353125 0.7374240921874999
5 0.549965634375 0.3742560046875 0.551115865625 0.39402880156250003 0.5527622140624999 0.3939616359375 0.5545044265625 0.3955423890625 0.786634071875 0.3860722921875 0.7853879781249999 0.36465157656249997 0.549965634375 0.3742560046875
5 0.3552568796875 0.80006544375 0.3570780671875 0.8313721859375001 0.442686359375 0.827879659375 0.44259049531250005 0.8262317421875001 0.44414098125 0.8245166578124999 0.44251151875000005 0.7965057515625 0.3552568796875 0.80006544375
2 0.35065595625 0.7209742593749999 0.3475549421875 0.7244036859375 0.34261650625 0.7246051578125 0.341066021875 0.726320240625 0.3394196734375 0.7263874046875001 0.3332176890625 0.7332469984375 0.331571340625 0.733314165625 0.32691984375 0.7384586750000001 0.3252734953125 0.7385258390625 0.3190715125 0.7453854328125 0.31742577031249997 0.7454525734375 0.31587528593749997 0.747167659375 0.31422893749999997 0.7472348234374999 0.309577440625 0.7523793328124999 0.3079310921875 0.7524464984375 0.30638060624999996 0.7541615828125 0.30473425781249996 0.7542287484375 0.30318377343749997 0.75594383125 0.30153742499999997 0.756010996875 0.2999868984375 0.7577253390625 0.2983405484375 0.757792503125 0.29679006406249997 0.7595075875 0.29349736718749997 0.75964191875 0.2919474890625 0.761356978125 0.292043353125 0.763004896875 0.2889423390625 0.7664343234375 0.287295990625 0.7665014890624999 0.281094009375 0.7733610828125 0.2778013125 0.7734954140625 0.2715993296875 0.78035500625 0.26995298125 0.7804221703125 0.2684024953125 0.78213725625 0.2667567546875 0.782204396875 0.26210525625000003 0.78734890625 0.26045890781250003 0.7874160703124999 0.25580741093750003 0.79256058125 0.25416106250000003 0.792627746875 0.25106009218750003 0.796057915625 0.24941374375 0.7961250796875 0.2463127296875 0.7995545046875 0.24466638281250003 0.7996216703125001 0.2431158984375 0.8013367546874999 0.23982380781249998 0.8014710609375 0.2382733234375 0.8031861453125 0.236626975 0.8032533109375001 0.2319754765625 0.8083978203125 0.230329128125 0.8084649859375 0.2225766609375 0.8170396625 0.22093031093749999 0.8171068281249999 0.2178293 0.8205362546874999 0.2179251625 0.8221841718749999 0.21172378749999998 0.829043740625 0.21007743906249998 0.8291109062500001 0.20852695312499997 0.8308259906250001 0.20688060468749997 0.8308931562499999 0.20533012031250003 0.8326082390625 0.20368377187500003 0.8326754046874999 0.20213324375 0.8343897484375 0.2004868953125 0.8344569125 0.1989364109375 0.8361719953125 0.1972900640625 0.8362391625000001 0.195739578125 0.837954246875 0.19409322812500002 0.8380214109375 0.1894423375 0.843165896875 0.18779599062500002 0.8432330609375001 0.1831444921875 0.8483775703124999 0.1814981453125 0.8484447375 0.17994765937499999 0.850159821875 0.17665496249999998 0.850294153125 0.170452978125 0.857153746875 0.16880663125 0.8572209109375001 0.16725614687499998 0.85893599375 0.16561040625 0.8590031359375001 0.162509390625 0.8624325609374999 0.16086304375 0.8624997265625 0.159312559375 0.8642148109375001 0.157666209375 0.8642819765624999 0.15611572499999998 0.8659970593749999 0.14953033124999998 0.8662657218750001 0.14332835 0.8731253156250001 0.14342421249999998 0.874773234375 0.141873684375 0.876487575 0.1419695484375 0.87813549375 0.1404196703125 0.8798505531249999 0.1405155328125 0.8814984718750001 0.13896500625 0.8832128140625001 0.13906086875 0.8848607312500001 0.13751038437500002 0.8865758156249999 0.13789379531249998 0.8931667484375 0.13954014374999998 0.8930995828125001 0.141090628125 0.8913844984375 0.152614459375 0.890914365625 0.15416494375 0.8891992796875 0.1558112921875 0.8891321156249999 0.1620132734375 0.8822725234375 0.163659621875 0.8822053578125001 0.16986099999999998 0.8753457890625 0.171507346875 0.8752786234375 0.177709328125 0.8684190296875001 0.181002028125 0.8682847 0.18720400937499998 0.8614251062499999 0.18885035625 0.8613579390625 0.1904008859375 0.8596435984375 0.1920472328125 0.8595764328125 0.1997990953125 0.8510017781249999 0.20144544375 0.8509346140625 0.2029959265625 0.8492195312499999 0.2046422765625 0.8491523640624999 0.2061927609375 0.8474372796875 0.207839109375 0.847370115625 0.2093896375 0.8456557734375 0.2110359875 0.8455886078124999 0.2141369546875 0.8421584390625 0.215783303125 0.8420912749999999 0.2173337890625 0.840376190625 0.22062587812499998 0.840241884375 0.22682786250000003 0.8333822921875 0.22847421093750003 0.8333151265625001 0.23002473750000002 0.8316007828125 0.23167108593750002 0.83153361875 0.24252452343750003 0.8195287734375001 0.2458166125 0.8193944671875 0.25046810937499997 0.8142499578125 0.2521144609375 0.8141827921875 0.2536649453125 0.8124677078125 0.25531129375 0.8124005421874999 0.259962790625 0.8072560328125 0.2616091375 0.80718886875 0.2631596234375 0.8054737828125 0.2648059734375 0.8054066171875001 0.2663565 0.8036922765625001 0.2680028484375 0.8036251109375 0.269552728125 0.8019100531250001 0.271199075 0.8018428875 0.275850571875 0.7966983765625 0.2774969203125 0.7966312125 0.2821483765625 0.7914859609375 0.2837947234375 0.79141879375 0.288446221875 0.786274284375 0.2900925703125 0.7862071187499999 0.2916430546875 0.7844920359375 0.29493514374999996 0.784357728125 0.2964856734375 0.7826433875000001 0.298132021875 0.7825762234375 0.30278347656250004 0.7774309703125 0.30442982343749997 0.7773638046875 0.30908132187500004 0.7722192953125 0.310727671875 0.7721521296875 0.31227815625 0.7704370453125 0.3139245046875 0.7703698796875 0.320125878125 0.7635103109375 0.321772228125 0.7634431453125 0.3233227546875 0.7617288046875 0.3249691046875 0.7616616390625001 0.32807007499999996 0.7582314703125 0.329716421875 0.7581643062500001 0.33126690625 0.756449221875 0.33291325625 0.7563820546875 0.33911523906249996 0.7495224609375 0.34076158749999996 0.749455296875 0.3469629625 0.742595728125 0.35025565937500003 0.742461396875 0.362659625 0.728742209375 0.364305971875 0.7286750453125 0.37050735 0.7218154765625 0.3738000453125 0.7216811453124999 0.375350575 0.7199668046875 0.376996921875 0.7198996375 0.381648378125 0.714754384375 0.3832947265625 0.7146872203125 0.3894967078125 0.7078276265625 0.39114305625 0.7077604609375 0.3926935859375 0.70604611875 0.3959856734375 0.7059118140625 0.39908664531250004 0.7024816453125 0.40073299218749997 0.7024144796875 0.4022834765625 0.7006993953125 0.4055761734375 0.7005650640625001 0.40712670156249997 0.698850721875 0.40877305 0.6987835578125 0.41342450468749997 0.69363830625 0.41507085468750005 0.6935711421875 0.41662138125 0.6918567999999999 0.41826772968750003 0.691789634375 0.4229185765625 0.6866444078125 0.424564925 0.6865772406249999 0.4261154546875 0.6848628999999999 0.426019590625 0.68321498125 0.4291205609375 0.6797848140625 0.43076690937500006 0.679717646875 0.4323174359375 0.67800330625 0.43193402656249996 0.6714123734374999 0.418763846875 0.671949671875 0.41566283437499996 0.6753790984375 0.4140164859375 0.6754462640625001 0.4124660015625 0.677161346875 0.410819653125 0.6772285124999999 0.406168153125 0.6823730234375 0.40452180625 0.6824401875 0.398319825 0.68929978125 0.3966734765625 0.689366946875 0.39047209843749997 0.6962265140625 0.3888257515625 0.69629368125 0.38262376875 0.703153275 0.3776847234375 0.7033547703125 0.3761342390625 0.7050698546875 0.3695488453125 0.7053385171875 0.36334746875 0.7121980859375 0.36344333125 0.7138460046875 0.36189280468749996 0.7155603453125 0.36024645624999996 0.715627509375 0.3586959703125 0.7173425953125 0.3570496234375 0.7174097609375 0.3554991390625 0.71912484375 0.353852790625 0.719192009375 0.3523023046875 0.72090709375 0.35065595625 0.7209742593749999
5 0.6156835187499999 0.5961984515625 0.616642021875 0.6126754109375 0.68249413125 0.60998886875 0.681535628125 0.5935119109375 0.6156835187499999 0.5961984515625
0 0.45015431875 0.16196285625 0.45283819062499997 0.20809938125 0.5269220421874999 0.20507701250000002 0.5268261796875 0.20342909374999998 0.5283766640625001 0.20171401093750002 0.5282808 0.20006609062499997 0.5298313296875 0.19835175 0.5275308671875 0.15880615781250002 0.45015431875 0.16196285625
5 0.0188074046875 0.944271084375 0.09283417187500001 0.94125104375 0.09072539375000001 0.905000546875 0.0166986265625 0.9080205875 0.0188074046875 0.944271084375
0 0.5363224984375 0.6787149984374999 0.5165669265624999 0.6795209578125 0.517908840625 0.7025888499999999 0.536018065625 0.701850053125 0.5375685921875 0.7001357125000001 0.5363224984375 0.6787149984374999
3 0.7930998359375 0.100074003125 0.7965505281249999 0.159392390625 0.819598796875 0.1584521 0.8190236593750001 0.14856533125 0.8205741874999999 0.1468509890625 0.8177944515625001 0.0990665453125 0.7930998359375 0.100074003125
0 0.652459184375 0.15040585 0.6538011421875 0.17347448125 0.72788499375 0.1704521125 0.7265430359375 0.14738348125 0.652459184375 0.15040585
1 0.7772474218750001 0.5367546062499999 0.719626446875 0.5391053453125 0.72048913125 0.5539351265625 0.776463759375 0.5516515531249999 0.7780142437500001 0.5499364703125 0.7772474218750001 0.5367546062499999
0 0.8524861828124999 0.38338575 0.8393160046875 0.383923046875 0.8405620562499999 0.4053430203125 0.8520864921875001 0.4048728625 0.8536364140625 0.403158546875 0.8524861828124999 0.38338575
0 0.8622115203125 0.15340998749999998 0.8632659296874999 0.1715356078125 0.876436109375 0.170998309375 0.8753816984375 0.1528726890625 0.8622115203125 0.15340998749999998
0 0.7970582046875 0.281592925 0.7983042984375001 0.3030136390625 0.811475084375 0.3024763171875 0.8112834015624999 0.29918122187499996 0.8128338859375001 0.2974661390625 0.8118753375000001 0.2809884359375 0.7970582046875 0.281592925
5 0.13633109999999998 0.75284061875 0.13748133125 0.772613415625 0.2757715515625 0.766971646875 0.274621321875 0.7471988484375001 0.13633109999999998 0.75284061875