4 0.455489715625 0.57104730625 0.5691846203125001 0.590533303125 0.591368015625 0.482434196875 0.4776731109375 0.46294820000000003 0.455489715625 0.57104730625
0 0.7627114140625 0.098107571875 0.75598943125 0.13086361562499998 0.79497054375 0.137544528125 0.7969314703125 0.13618586562499999 0.8033174843750001 0.10506698437499999 0.7627114140625 0.098107571875
4 0.5401242234375 0.41261600156249995 0.5411327828125 0.4077013140625 0.543092215625 0.40634239531249994 0.546117240625 0.391601534375 0.5480784953125 0.390241271875 0.5628673171874999 0.31817573593750004 0.46703800624999997 0.301751696875 0.44586284374999996 0.40493771718750005 0.5335718359375 0.41997002656250004 0.53749103125 0.4172505875 0.53816329375 0.4139746640625 0.5401242234375 0.41261600156249995
5 0.6657949734375 0.685082515625 0.6019230296875 0.9963288328125 0.7652085828125 0.995378865625 0.8233443734374999 0.7120846671875001 0.6657949734375 0.685082515625
4 0.12450147812500001 0.16844471249999998 0.1975903125 0.180971296875 0.21473189218750002 0.097440825 0.141643059375 0.084914240625 0.12450147812500001 0.16844471249999998
0 0.33302180625 0.0617629828125 0.339071853125 0.0322812609375 0.29684231875 0.02504360625 0.2897837109375 0.059440014062500005 0.3255163953125 0.065564184375 0.3274761578125 0.0642036640625 0.3291011171875 0.0644821640625 0.33302180625 0.0617629828125
4 0.5096149578125 0.061510384375000005 0.42677935156249996 0.047313315625000005 0.409301475 0.1324825515625 0.4937605484375 0.1469578625 0.5105661593749999 0.06506455312500001 0.5092786625 0.06314914687499999 0.5096149578125 0.061510384375000005
1 0.3604850796875 0 0.36074879531250004 0.00039192656249999994 0.36041249999999997 0.0020306890625 0.361699996875 0.0039460953125 0.3610277328125 0.007222018750000001 0.36231523125 0.0091374234375 0.361978934375 0.0107761875 0.364556590625 0.0146091109375 0.363884328125 0.017885034375 0.365171825 0.0198004390625 0.3644995625 0.0230763640625 0.3657870609375 0.0249917703125 0.3654507640625 0.026630534374999997 0.368026925 0.030463200000000003 0.36965188437499996 0.0307416984375 0.370940878125 0.032657359375 0.3725643453125 0.032935603125000004 0.3738518421875 0.034851009375000006 0.390093971875 0.0376347234375 0.3959755875 0.033556878125 0.3973201171875 0.027005028125000004 0.3960326171875 0.025089623437500003 0.39670488125 0.0218137 0.3954158890625 0.0198980390625 0.3957521859375 0.0182592765625 0.393176025 0.0144266078125 0.3938482890625 0.0111506828125 0.39256078906249997 0.0092352796875 0.3928967578125 0.0075981171875000005 0.39160809375 0.00568085625 0.3919440609375 0.00404369375 0.3893679 0.00021102500000000002 0.3894112046875 0 0.3604850796875 0
0 0.6717917765625 0.5657321875 0.673416734375 0.5660106859375 0.67537616875 0.5646517671875 0.6802495562499999 0.565487009375 0.6822093171875 0.564126490625 0.6838342765625 0.564404990625 0.6877546375 0.5616874078125 0.688090934375 0.5600486453125 0.6900503687499999 0.5586897265624999 0.693075390625 0.5439488671875 0.6917882203125 0.5420318609375 0.6921241890625 0.5403946984375 0.689548028125 0.53656203125 0.6898839953125 0.5349248703125 0.6885953312499999 0.5330076078125 0.6889312999999999 0.531370446875 0.6876441296875 0.529453440625 0.6567833359375 0.52416425625 0.656447040625 0.52580301875 0.6544876078125 0.5271619359375 0.652862646875 0.5268834375 0.6468126015625 0.5563651562499999 0.6506777546875 0.5621134859375 0.650341459375 0.5637522484375 0.6698320140625 0.5670927046875 0.6717917765625 0.5657321875
5 0.76712893125 0.26501908125 0.83209745 0.2761539359375 0.8643641453124999 0.1189191640625 0.7993956296875 0.10778430937500001 0.76712893125 0.26501908125
1 0.9469093656249999 0.37212794531250004 0.9449496046875 0.37348846562500004 0.9446136375 0.375125628125 0.940692946875 0.37784480781249996 0.9403569781250001 0.37948197031249997 0.9364362890625 0.38220115312499997 0.9360999937500001 0.3838399140625 0.9341405593750001 0.3851988328125 0.9338042625 0.3868375953125 0.9298839015624999 0.3895551765625 0.9295476046875001 0.391193940625 0.9275866781250001 0.392552603125 0.92725038125 0.394191365625 0.925289453125 0.3955500265625 0.9246171890625 0.3988259515625 0.9187370671874999 0.402904053125 0.9184007703124999 0.404542815625 0.9164398437499999 0.405901478125 0.9161035468750001 0.40754024062500005 0.9121843515625001 0.4102596765625 0.9118483828124999 0.41189683906249996 0.9098874562500001 0.4132555015625 0.9095511609375 0.4148942640625 0.9075917265625 0.4162531828125 0.9072554296875 0.4178919453125 0.9033332453125 0.420610871875 0.9029972781250001 0.4222480328125 0.90103784375 0.4236069515625 0.9007015484374999 0.4252457140625 0.896780859375 0.427964896875 0.896444890625 0.4296020578125 0.8944836359374999 0.4309623203125 0.89414766875 0.43259948281250005 0.89218790625 0.4339600015625 0.8915159703125 0.43723432500000003 0.8875952796875 0.439953509375 0.887258984375 0.44159227031250003 0.8833382921874999 0.444311453125 0.883002325 0.44594861249999995 0.8810413984375 0.4473072765625 0.8807051015624999 0.4489460390625 0.87678590625 0.4516654765625 0.8764499390625 0.4533026390625 0.8744886828125 0.4546629015625 0.874152715625 0.4563000640625 0.872191459375 0.4576603265625 0.8718554921875 0.4592974890625 0.8698960578125 0.46065640781250006 0.8695597609375 0.462295171875 0.8656390734375 0.46501435312500006 0.8653031046875 0.4666515140625 0.8594214875 0.4707293578125 0.859085190625 0.47236812031250003 0.85712575625 0.47372704062500004 0.8561171968749999 0.47864172656250004 0.8482761468750001 0.4840784875 0.84693161875 0.49063033906250003 0.8410514953125 0.49470843750000004 0.84037923125 0.4979843640625 0.8384179734374999 0.4993446265625 0.8377457093749999 0.5026205499999999 0.8357847828124999 0.5039792125 0.8354484859375001 0.505617975 0.8315296203125 0.5083358125 0.8311933234375 0.509974575 0.829232396875 0.5113332390625 0.8288961 0.5129720015625 0.823015975 0.5170501015625 0.8226800078125001 0.5186872625000001 0.8207187515625 0.5200475250000001 0.8203827828125 0.5216846875 0.8164620953125 0.5244038703125 0.8148371359375 0.5241253703125001 0.8145008390624999 0.5257641328125 0.8125414046874999 0.5271230515625 0.811869140625 0.530398975 0.80990970625 0.5317578953125001 0.8095734109375 0.5333966578125 0.8076124828125 0.5347553203125 0.8072761875 0.5363940828125 0.803355496875 0.5391132625 0.8030195296875 0.5407504249999999 0.7932172234375 0.547547453125 0.7928809265625001 0.549186215625 0.785039875 0.554622978125 0.784703578125 0.556261740625 0.780784384375 0.558981178125 0.77753595625 0.558424434375 0.77624729375 0.5565071734375 0.77994458125 0.5384903875 0.7779833265625 0.53985065 0.7766387984375 0.5464025015625 0.7727196015625 0.5491219375 0.7710946437499999 0.5488434390625 0.7691337140625001 0.5502021015625 0.7687977453125 0.5518392640625 0.7668379843750001 0.5531997843750001 0.7665020171875 0.55483694375 0.764542253125 0.5561974640625 0.76291729375 0.5559189640625 0.760957859375 0.5572778828125 0.7602855953125001 0.56055380625 0.75832466875 0.56191246875 0.756980140625 0.5684643203124999 0.755018884375 0.56982458125 0.7546829171875 0.57146174375 0.7507637218750001 0.57418118125 0.7504277546875 0.57581834375 0.7425863734375 0.58125670625 0.7422500765625 0.58289546875 0.74028915 0.5842541328124999 0.7396168859375 0.5875300578125 0.737657453125 0.5888889765624999 0.7373211562499999 0.5905277390625 0.7353602296874999 0.5918864 0.735023934375 0.5935251625 0.73306300625 0.5948838249999999 0.732726709375 0.5965225875 0.7307672765625 0.59788150625 0.730431309375 0.5995186703125001 0.7284715453125 0.6008791875 0.72779928125 0.6041551125 0.725838353125 0.605513775 0.7251660890625 0.6087896984375 0.7232051625 0.6101483609375 0.7225328984375 0.6134242875 0.7205731359375 0.61478480625 0.7192286078125 0.6213366546875 0.7172691734375001 0.622695571875 0.716596909375 0.6259714984375 0.712676221875 0.6286906796875 0.7120039578124999 0.631966603125 0.71004303125 0.633325265625 0.7090347984375 0.638238353125 0.7103234609375 0.640155615625 0.7089789343749999 0.6467074640625 0.7102664328125 0.64862286875 0.7118913921875001 0.6489013671875 0.7138508265625 0.6475424484375 0.7154742921875 0.6478206921874999 0.7174355484375 0.6464604296875 0.717771515625 0.6448232671875 0.7236519671874999 0.6407435671874999 0.725276928125 0.6410220671875 0.7272378546875 0.6396634046874999 0.728861321875 0.6399416484375 0.7367027 0.634503284375 0.7370386671875 0.632866121875 0.738999925 0.631505859375 0.7406233921875 0.631784103125 0.7425828250000001 0.6304251843750001 0.7429191187499999 0.628786421875 0.7507616640625 0.6233499140625 0.7510979609375 0.6217111515625 0.756978084375 0.6176330515624999 0.75731438125 0.6159942890625 0.7592753078125 0.614635625 0.7596112765624999 0.6129984625 0.7615710390625 0.6116379453125 0.76190700625 0.6100007828125 0.76778895 0.6059213390625 0.7681249203125 0.6042841765625 0.77596480625 0.5988455578125 0.7763007734375 0.5972083953125 0.7782620296875 0.5958481328125 0.7785979984375 0.5942109703125 0.790360065625 0.586053425 0.790696034375 0.5844162640625 0.800498340625 0.5776192359375 0.8008346375000001 0.5759804734375 0.8086760171874999 0.5705421109375 0.8090119843749999 0.5689049484375001 0.8109714171875 0.5675460296875 0.8113077140625 0.56590726875 0.8250292187499999 0.556390803125 0.8266541765625 0.556669303125 0.83253579375 0.552591459375 0.835782725 0.5531479453125 0.8377439828125001 0.5517876828125 0.8393689421874999 0.5520661828125 0.8413283765624999 0.5507072625 0.8543220796875 0.5529342328125 0.8582427703125 0.550215053125 0.8589150328124999 0.546939128125 0.862835721875 0.544219946875 0.8644606828124999 0.5444984453124999 0.8683813718750001 0.5417792640625 0.8690533078125 0.538504940625 0.8729725046875 0.5357855015624999 0.87364476875 0.532509578125 0.8756060234374999 0.531149315625 0.8762782874999999 0.527873390625 0.878239215625 0.5265147265625 0.8785751828125001 0.524877565625 0.8805349437500001 0.523517046875 0.8808709125 0.521879884375 0.886752859375 0.5178004390625001 0.892130640625 0.49159464374999995 0.894090075 0.49023572499999996 0.8954346031249999 0.4836838765625 0.8973955296874999 0.48232521562499997 0.8977318265625 0.48068645312499997 0.8996912609375001 0.47932753281249996 0.9003635234375 0.47605160937499996 0.9023229578124999 0.47469269062499997 0.9029952218749999 0.471416765625 0.904956478125 0.470056503125 0.9052924453125 0.468419340625 0.9092131359375 0.46570015781249996 0.909549103125 0.46406299687499997 0.9115088640625 0.4627024765625 0.911844834375 0.46106531562499997 0.9196877062500001 0.4556272078125 0.9200240031250001 0.45398844531250004 0.9219834375 0.45262952656250005 0.9223194046875 0.4509923640625 0.9262400921875 0.4482731828125 0.9265763890625 0.4466344203125 0.9285373171875 0.445275759375 0.9288736140625 0.4436369953125 0.936714665625 0.4382002328125 0.9370509609375001 0.4365614703125 0.93901039375 0.4352025515625 0.939346690625 0.43356379062499995 0.9432673812499999 0.43084460625 0.9436033484375 0.4292074453125 0.9455627828125 0.4278485265625 0.945899078125 0.4262097640625 0.94786000625 0.42485110312499996 0.9481963015625 0.423212340625 0.9521169921875 0.42049315781249996 0.9524529609375 0.4188559953125 0.95637365 0.4161368140625 0.9567096171875 0.4144996515625 0.96063030625 0.4117804703125 0.960966603125 0.41014170781250003 0.9629275296875001 0.4087830453125 0.96359979375 0.4055071203125 0.9675189906250001 0.40278768437499995 0.9678549593750001 0.401150521875 0.9698162124999999 0.3997902578125 0.9701521796874999 0.398153096875 0.9721134375 0.39679283125000003 0.9724494046875 0.395155671875 0.9783295296875 0.39107757187500003 0.9786658265625 0.389438809375 0.980626753125 0.3880801453125 0.9809630484375 0.386441384375 0.9848837390625 0.38372220156250003 0.98521970625 0.3820850390625 0.988785165625 0.3796110515625 0.9894321890625 0.3573742671875 0.9577772625 0.351948978125 0.9574409671874999 0.353587740625 0.9554800390624999 0.3549464046875 0.9544714796875 0.359861090625 0.9525120453125 0.36122000781249997 0.9515038140625001 0.3661330953125 0.9495425578125 0.367493359375 0.949206590625 0.369130521875 0.947245334375 0.370490784375 0.9469093656249999 0.37212794531250004
0 0.7187437890624999 0.1566951703125 0.6765127609375 0.14945725781250002 0.66878221875 0.1871279890625 0.7093882875 0.19408740156249998 0.709724584375 0.1924486390625 0.7116855109375 0.191089975 0.7187437890624999 0.1566951703125
5 0.9680877515624999 0.21977505156250002 0.9700475140625 0.21841453125000002 0.9687600156249999 0.21649912656249998 0.9704405093749999 0.20831011406250002 0.9724002734375 0.2069495953125 0.9730722078125 0.20367527187499998 0.9717850374999999 0.2017582671875 0.9724573015625 0.1984823421875 0.9744167359375 0.197123425 0.9973461531250001 0.0853889765625 0.9976591390625 0.0746323546875 0.9605080796875001 0.0682650921875 0.91190803125 0.3050918625 0.9508891421874999 0.3117727765625 0.9555946609375001 0.28884290625000003 0.9543071624999999 0.2869275 0.9556516890625 0.2803756515625 0.9543626984375001 0.278459990625 0.9546989937499999 0.276821228125 0.9566599203124999 0.275462565625 0.9680877515624999 0.21977505156250002
3 0.6681477328125001 0.67361758125 0.7217475062500001 0.6828039640625 0.7301503109375 0.641857309375 0.6765505390625 0.632670925 0.6681477328125001 0.67361758125
2 0.5761531328125 0.0322238609375 0.57744063125 0.03413926875 0.5771043359375 0.035778031249999995 0.5809679953125 0.0415261015625 0.5806320281249999 0.0431632640625 0.5857843515625001 0.0508286 0.5854480546875 0.0524673625 0.5906022015625 0.06013134999999999 0.5902659046875 0.061770112499999995 0.591553403125 0.0636855203125 0.59121710625 0.0653242828125 0.59250460625 0.0672396875 0.592168309375 0.06887845000000001 0.5960334640625 0.074626778125 0.5946889359374999 0.0811786265625 0.5959764359374999 0.0830940328125 0.5956401390625 0.0847327953125 0.5969291296875 0.08664845625 0.596256865625 0.08992438124999999 0.5975458578125 0.09184004375 0.5962013296875 0.098391890625 0.5942404031249999 0.099750553125 0.5939041078125 0.101389315625 0.5951930984375 0.1033049765625 0.5941845390625 0.108219665625 0.6044880218750001 0.12354847656250001 0.603479790625 0.12846156250000001 0.6047684531249999 0.130378825 0.6034239265625 0.136930675 0.6072890796875 0.14267900312499998 0.6066168171874999 0.1459549265625 0.6079043125 0.1478703328125 0.6072320484375 0.1511462578125 0.6110957109374999 0.15689432812499998 0.6107594140625 0.158533090625 0.61204840625 0.1604487515625 0.6113761421875 0.163724678125 0.61524096875 0.16947460625 0.614905 0.17111176875 0.6161924984375 0.173027175 0.6158562015625 0.1746659359375 0.61714519375 0.1765816 0.6168088984375 0.1782203609375 0.619383565625 0.182052771875 0.6190475984375 0.183689934375 0.620336590625 0.1856055953125 0.6196643265625 0.18888151875 0.620951496875 0.19079852656250001 0.6206155296875 0.1924356875 0.623191690625 0.19626835468749998 0.6228553953125 0.1979071171875 0.6241443859375 0.199822778125 0.62380841875 0.201459940625 0.6250970828125 0.2033772015625 0.6247611156249999 0.205014365625 0.628624446875 0.2107640375 0.6282884796875 0.2124012 0.629575978125 0.21431660468749997 0.62923968125 0.2159553671875 0.6331048359375 0.221703696875 0.6327685390625 0.22334245937500002 0.6353447 0.2271751265625 0.6350087328125 0.2288122859375 0.6362977265625 0.23072795 0.6359614296875 0.2323667109375 0.637248928125 0.23428211718749997 0.6365766640625 0.2375580421875 0.6378653265625001 0.239475303125 0.637529359375 0.24111246562500002 0.638816859375 0.2430278703125 0.6384805625000001 0.2446666328125 0.6397680593749999 0.24658203906249998 0.6394317640625 0.24822080156249998 0.64072075625 0.2501364625 0.6400484921875 0.25341238593750004 0.6413356625 0.2553293921875 0.6406637265625 0.2586037171875 0.6432398890625 0.262436384375 0.6425676250000001 0.2657123078125 0.6438562875 0.2676295703125 0.64284805625 0.27254265625 0.6441370484375 0.27445831875 0.643464784375 0.27773424375 0.6447519546875 0.2796512484375 0.6444159875000001 0.2812884109375 0.64570465 0.283205671875 0.6453686828125 0.2848428328125 0.64665618125 0.2867582390625 0.6459839171875 0.29003416406250004 0.6472710875 0.2919511703125 0.6469351203125 0.2935883328125 0.64951128125 0.2974209984375 0.6491753140625 0.2990581609375 0.6504639765625 0.300975421875 0.64878348125 0.309164434375 0.6500706515625 0.311081440625 0.6480541875 0.3209076125 0.6493428531250001 0.3228248734375 0.6490068859375 0.3244620359375 0.6502958750000001 0.32637769687499996 0.6496236109375 0.3296536234375 0.6509107828125 0.3315706296875 0.6505748140625001 0.3332077890625 0.651863478125 0.33512505312499996 0.6515275109374999 0.3367622125 0.6541021796875001 0.340594625 0.6534299156250001 0.3438705515625 0.6547189062500001 0.3457862125 0.65404664375 0.349062134375 0.65919896875 0.35672746875 0.6588629984375001 0.3583646328125 0.6627278249999999 0.3641145609375 0.66239185625 0.3657517234375 0.6636790265625 0.3676687296875 0.6630070906250001 0.37094305156249996 0.6642942609375 0.372860059375 0.6632860296875001 0.3777731453125 0.66457469375 0.37969040781249996 0.6642387249999999 0.38132756875 0.6655262234375 0.38324297343749997 0.6645176640625 0.38815766093750004 0.66580665625 0.3900733234375 0.6624453359375 0.40645294375 0.663732834375 0.40836835000000005 0.6630605703125 0.411644275 0.6643495625 0.4135599375 0.6640132671875 0.41519870000000003 0.6653022578125001 0.4171143609375 0.66462999375 0.420390284375 0.6659171640625 0.4223072890625 0.6652452296875 0.4255816140625 0.666533890625 0.4274988765625 0.6661979234375 0.4291360390625 0.66748509375 0.4310530453125 0.6671491265625 0.43269020625000004 0.6684362968750001 0.4346072109375 0.6681003296875 0.4362443734375 0.6693893203125 0.43816003437499995 0.668380759375 0.44307472187499997 0.6696682593750001 0.444990128125 0.6693319625 0.446628890625 0.6731971171875 0.45237721875 0.67286115 0.4540143796875 0.6741498125 0.45593164374999995 0.6738138453125 0.45756880468750005 0.67639000625 0.461401471875 0.6760537109375 0.463040234375 0.677341209375 0.46495563906250004 0.676332978125 0.4698687265625 0.677620146875 0.47178573124999995 0.6769478828125 0.47506165625 0.6808130375 0.480809984375 0.6801407734375 0.4840859109375 0.6814282734375 0.4860013140625 0.680756009375 0.4892772390625 0.6833336625 0.49311016093750004 0.6829976953125 0.4947473234375 0.684284865625 0.49666432968749996 0.6836126015625 0.49994025625000005 0.6849001015625 0.501855659375 0.6845638046875 0.5034944218749999 0.6858527953125 0.5054100828125 0.6855165000000001 0.5070488453124999 0.6868039984375 0.5089642515625 0.685123503125 0.5171532640625001 0.68641216875 0.519070525 0.6854039359375 0.5239836109375 0.6892675953125 0.529731684375 0.6889312999999999 0.531370446875 0.690220290625 0.5332861078125 0.689548028125 0.53656203125 0.69083701875 0.5384776953125 0.6901647546875 0.5417536171874999 0.691451925 0.5436706234375001 0.69111595625 0.5453077859375 0.6924031281249999 0.5472247921875 0.691058928125 0.5537750406249999 0.689099165625 0.555135559375 0.6884269015625 0.5584114828125 0.6864674671875 0.5597704015625 0.6844506765625 0.569598175 0.6883143359375 0.5753462468749999 0.68797836875 0.576983409375 0.6892655390625 0.5789004171875 0.6879210125 0.5854522656250001 0.689210003125 0.5873679265625 0.6888737078125 0.5890066890625001 0.6901612046875 0.5909220937499999 0.6898252375 0.59255925625 0.6911139015625001 0.59447651875 0.6904416375 0.5977524421875 0.6917291359375 0.5996678484375 0.6910568734375 0.6029437718749999 0.6923458640625 0.604859434375 0.69200956875 0.606498196875 0.693298559375 0.6084138593749999 0.692626296875 0.6116897828125001 0.693913465625 0.6136067875 0.6932412015625 0.6168827109375 0.6945287015625 0.6187981171875 0.6938564375 0.62207404375 0.695145428125 0.6239897046875 0.6948091328125 0.6256284671875 0.696098125 0.627544128125 0.6954258609374999 0.6308200515625 0.696713359375 0.63273545625 0.6963770640625 0.6343742203125 0.6944176296875 0.6357331390625001 0.693745365625 0.6390090625 0.68982318125 0.6417279875 0.6894868859375001 0.64336675 0.6855680171875 0.6460845890625 0.6852317218749999 0.6477233515624999 0.6813095390624999 0.6504422765625 0.6809735703124999 0.6520794390625 0.6822622328125 0.6539967 0.71799491875 0.6601208703125 0.7199546796875 0.6587603515625 0.7209629109375 0.653847265625 0.72292416875 0.652487003125 0.7239324 0.647573915625 0.7258933265625 0.646215253125 0.7262296234375001 0.644576490625 0.7301503109375 0.641857309375 0.731773778125 0.6421355515625 0.73569446875 0.6394163703125 0.7360304359375001 0.6377792078125 0.7379913640625 0.6364205453125 0.73961483125 0.6366987890625 0.739951128125 0.6350600265625 0.743871815625 0.6323408453125 0.744207784375 0.6307036828125 0.7500894 0.6266258390624999 0.750425696875 0.6249870765625001 0.7543448921875 0.6222676375 0.7546808609375 0.620630478125 0.7566421171875 0.6192702140625 0.756978084375 0.6176330515624999 0.758939340625 0.6162727875 0.7596112765624999 0.6129984625 0.7615710390625 0.6116379453125 0.76190700625 0.6100007828125 0.7638667703124999 0.6086402640624999 0.7645390328125 0.605364340625 0.7664999609375001 0.6040056765624999 0.766835928125 0.6023685140625 0.7727178734375 0.5982890703125 0.7747343375 0.5884628968750001 0.7766940984375 0.587102378125 0.770197246875 0.58598889375 0.7662765578124999 0.588708075 0.7646530921875 0.58842983125 0.7626921640625001 0.5897884921875 0.7588285031249999 0.5840404203125 0.7591644703125 0.582403259375 0.7578758078125001 0.580485996875 0.7562523421875 0.5802077531250001 0.7425293453124999 0.5897239609375 0.740905878125 0.58944571875 0.74056958125 0.59108448125 0.73664889375 0.5938036624999999 0.7363129234375 0.5954408234375 0.7323907421875 0.59815975 0.7320547734375 0.5997969140625 0.7202941984375 0.6079547125 0.7199582312499999 0.6095918734375 0.7179969749999999 0.6109521390625 0.7147485484375 0.6103953953125 0.7121723859375 0.606562728125 0.7125083531249999 0.604925565625 0.711221184375 0.6030085609375 0.7115571515625 0.6013713984375 0.7102684890625001 0.5994541375 0.7112767203125 0.5945410484375 0.709987728125 0.5926253874999999 0.7106599921875 0.589349465625 0.709372821875 0.587432459375 0.7100450859375 0.584156534375 0.7087560953125001 0.5822408734375 0.709428359375 0.5789649484375 0.708140859375 0.5770495421875 0.7091494203125001 0.57213485625 0.707861921875 0.5702194515625 0.7085341859375001 0.566943525 0.70466903125 0.561195196875 0.705005328125 0.5595564343749999 0.702429165625 0.5557237671874999 0.7008042062500001 0.55544526875 0.6995167078125 0.5535298640625 0.7005249390625 0.5486167765625 0.699236275 0.5466995156250001 0.6995722421874999 0.545062353125 0.69699608125 0.5412296859375 0.6953726140625001 0.5409514421875 0.6940839515625 0.53903418125 0.6967726796875 0.52593208125 0.695485509375 0.5240150765625 0.6981742359374999 0.510912978125 0.695598075 0.5070803109375001 0.6959340421875 0.5054431515625 0.6946453781249999 0.5035258875 0.6953176421875 0.500249965625 0.6940301453125 0.4983345578125 0.6947024093749999 0.49505863437500003 0.6921262453125 0.4912259671875 0.6931344765625 0.48631288125000005 0.6918458140625 0.4843956171875 0.6962150359375 0.4631045109375 0.6949278671875 0.4611875046875 0.6959360984375 0.4562744171875 0.6946471062499999 0.45435875625 0.694983403125 0.45271999375 0.6936959046875 0.4508045890625 0.6940322 0.44916582656250004 0.6927447015625 0.447250421875 0.6937532625 0.44233573281250005 0.6924642703125 0.44042007187500004 0.6928002375 0.438782909375 0.6902240765625 0.43495024375 0.690560371875 0.4333114828125 0.6892713796875001 0.4313958203125 0.6902796109375 0.42648273281250004 0.6889924421875 0.42456572656249997 0.6896647046875 0.421289803125 0.6883757140625 0.4193741421875 0.688712009375 0.41773537968749996 0.6874245109375 0.4158199734375 0.688096775 0.4125440484375 0.6868092765625 0.41062864374999997 0.6878178359375 0.40571395624999995 0.68652884375 0.4037982953125 0.6872011078125 0.400522371875 0.6859136109375 0.39860696562500003 0.686585875 0.395331040625 0.6852972109375 0.3934137796875 0.6863054421875 0.3885006921875 0.685016778125 0.38658342968750004 0.6887137375 0.368568246875 0.6874265687500001 0.366651240625 0.6877625359375 0.3650140796875 0.6864738703125 0.36309681718750003 0.6868098390624999 0.3614596546875 0.6855226703125 0.35954264999999996 0.6861946046875 0.356268325 0.6849059421875 0.3543510640625 0.6872587 0.342886128125 0.685971203125 0.3409707234375 0.6869797625 0.3360560359375 0.6856922640625001 0.33414063125000004 0.686028559375 0.3325018671875 0.68473956875 0.33058620781250003 0.6854118328125 0.32731028281249996 0.6841243328125 0.3253948765625 0.6844606296875 0.3237561140625 0.6818829734375 0.319923190625 0.6822189421875 0.318286028125 0.6796427796875 0.3144533609375 0.6826678046875 0.2997125015625 0.68462873125 0.29835384062500003 0.6849650265625 0.296715078125 0.6888857171875 0.29399589531250003 0.689557653125 0.290721571875 0.6915189078124999 0.2893613078125 0.692191171875 0.28608538437500003 0.6808209359374999 0.28413665625 0.6795334359375 0.2822212515625 0.6762850109375 0.281664509375 0.6724201843750001 0.2759145796875 0.6727561515625 0.2742774171875 0.6714671609375 0.27236175625 0.6718034578125 0.27072299375000003 0.6705159578125001 0.2688075875 0.6711882218749999 0.26553166250000004 0.669899559375 0.26361439999999997 0.6705714953124999 0.260340078125 0.6667081625 0.2545904046875 0.6670441296875 0.2529532421875 0.6657569609375 0.25103623750000004 0.666092928125 0.249399075 0.6648042656250001 0.2474818125 0.6651402328125 0.2458446515625 0.6625640703125 0.24201198437500002 0.663236334375 0.238736059375 0.6619473421875 0.236820396875 0.6622836390625 0.235181634375 0.6597071484375 0.23135056718749997 0.6600434453124999 0.22971180625 0.6587559453125 0.22779640156249997 0.6590922421875 0.22615763906250003 0.6578047421875 0.2242422328125 0.6628465578125 0.1996736 0.6615575671875 0.19775793749999998 0.6599341015625 0.1974796953125 0.6586454374999999 0.19556243125 0.657020478125 0.1952839328125 0.651867825 0.1876202 0.652204121875 0.1859814375 0.6509166234375 0.18406603125 0.6512529203125 0.1824272703125 0.6499654203125 0.1805118640625 0.6503017171875001 0.1788731 0.649012725 0.17695744062500002 0.6493486921875 0.175320278125 0.6441963671875001 0.16765494375 0.6445326640625 0.1660161796875 0.6432436734375 0.16410051875 0.6435799703125 0.16246175624999998 0.6422924703125 0.1605463515625 0.6426284375 0.158909190625 0.6400522765625001 0.1550765234375 0.6403885734375 0.1534377609375 0.639101075 0.151522353125 0.6397733375 0.1482464296875 0.6359081843750001 0.142498103125 0.6362444796875 0.1408593390625 0.6349554875 0.13894367968750002 0.6356277515625 0.13566775312499998 0.6343405828125 0.133750746875 0.63467655 0.1321135859375 0.6333875578125 0.1301979234375 0.6337238546874999 0.1285591625 0.6324363546875 0.12664375625 0.6334449156249999 0.12172906875 0.6321559234375 0.11981340781250001 0.632491890625 0.11817624687499999 0.631204721875 0.116259240625 0.6315406890624999 0.114622078125 0.6276773578125 0.1088724046875 0.626052396875 0.1085939046875 0.6234762359375 0.10476123906249998 0.6244844671875 0.099848153125 0.6231954749999999 0.09793249062500001 0.6242040359375001 0.09301780312499999 0.6229165375 0.0911023984375 0.62325250625 0.0894652359375 0.6206763421875 0.0856325703125 0.6210126375 0.0839938078125 0.6197251421875001 0.0820784015625 0.6203974046875 0.07880247500000001 0.619108740625 0.0768852140625 0.619780675 0.0736108921875 0.6184935046875 0.07169388593750001 0.6198380328125 0.0651420359375 0.6185490421875001 0.063226375 0.618885009375 0.061589212500000004 0.617596346875 0.059671951562500006 0.6182686109375 0.0563960265625 0.6169811125 0.054480621875 0.617317409375 0.052841857812500004 0.616028415625 0.050926196874999996 0.6163647125 0.0492874359375 0.6150772140625 0.0473720296875 0.61541318125 0.0457348671875 0.6141245171875 0.04381760625 0.6144604859375 0.042180443750000005 0.613173315625 0.0402634375 0.6135092828125 0.038626273437500004 0.6109331203125 0.034793609375 0.6112690890625 0.033156446875 0.60998191875 0.031239440624999996 0.6103178859375 0.029602278125 0.6090292234375 0.0276850171875 0.6093651906249999 0.0260478546875 0.6067890296875 0.0222151875 0.60746129375 0.0189392640625 0.6061723 0.017023603125 0.6068445640625 0.013747678125000001 0.6055573953125 0.011830671875 0.6058933640624999 0.010193507812499999 0.6046047 0.008276246875 0.6048047046875 0.00730163125 0.569730515625 0.0012903203125 0.570496975 0.0024305765625 0.569488415625 0.0073452640625 0.5707759125 0.009260668750000001 0.5704396171874999 0.01089943125 0.5730161078125 0.0147304984375 0.5723438437499999 0.018006421875 0.57363250625 0.019923685937499998 0.57296024375 0.023199609375 0.574247740625 0.025115014062500003 0.5739114453124999 0.026753776562499998 0.576489428125 0.030585098437500003 0.5761531328125 0.0322238609375
1 0.46385039531250005 0.1943918359375 0.496334653125 0.1999592625 0.509442978125 0.1360827359375 0.4769587203125 0.130515309375 0.46385039531250005 0.1943918359375
0 0.5773815453125 0.0917752546875 0.5786702109374999 0.093692515625 0.577661978125 0.0986056015625 0.57895096875 0.1005212625 0.5782787046875 0.10379718906249999 0.5795658765625 0.1057141953125 0.5792299078125 0.10735135625 0.58438223125 0.1150166890625 0.586005696875 0.1152949328125 0.5872946906250001 0.1172105953125 0.5889181578125 0.1174888390625 0.59020681875 0.1194061015625 0.5934552453124999 0.11996284374999999 0.5947442390625 0.12187850468750001 0.5979911687499999 0.122434990625 0.599279834375 0.124352253125 0.602528259375 0.12490899687499998 0.6044880218750001 0.12354847656250001 0.6077379406250001 0.1241054765625 0.609697375 0.12274655781249999 0.6137309578125001 0.10309101093749999 0.6111544671875 0.09925994375 0.6114907640625 0.09762118125 0.610201771875 0.0957055203125 0.61053806875 0.0940667578125 0.60925056875 0.09215134999999999 0.6095868656250001 0.09051258749999999 0.6070103765625 0.086681521875 0.607346671875 0.08504276093749999 0.606057678125 0.0831271 0.606393975 0.0814883375 0.60124314375 0.0738232578125 0.6015791140625 0.0721860953125 0.600290121875 0.070270434375 0.5986651625 0.0699919359375 0.596089 0.06615926875 0.5798468703124999 0.0633755546875 0.5759261796875 0.06609473593750001 0.5739097171875 0.075920909375 0.5751983796875 0.0778381703125 0.57385418125 0.08438841875 0.5777175125 0.09013809218749999 0.5773815453125 0.0917752546875