0 0.745312571875 0.5187507046875 0.745312571875 0.5578126765625 0.7718754328124999 0.5578126765625 0.7718754328124999 0.5187507046875 0.745312571875 0.5187507046875
5 0.079687428125 0.7343746484375 0.079687428125 0.8031253515625 0.229687428125 0.8031253515625 0.229687428125 0.7343746484375 0.079687428125 0.7343746484375
4 0.9312502890625 0.7171873234375 0.9312502890625 0.7968746484375 0.9984371390625 0.7968746484375 0.9984371390625 0.7171873234375 0.9312502890625 0.7171873234375
4 0.870312571875 0.6375 0.870312571875 0.7171873234375 0.8921880046874999 0.7171873234375 0.8937497109375 0.7156253515625 0.910937715625 0.7156253515625 0.9125005765624999 0.7171873234375 0.94062514375 0.7171873234375 0.94062514375 0.6375 0.870312571875 0.6375
5 0.8984371390625 0.6171873234375 0.8984371390625 0.5546873234375 0.745312571875 0.5546873234375 0.745312571875 0.6203126765625 0.7468754328125 0.6203126765625 0.7484371390625 0.6187507046875 0.7562502890625 0.6187507046875 0.7578119953125 0.6203126765625 0.8968754328124999 0.6203126765625 0.8968754328124999 0.6187507046875 0.8984371390625 0.6171873234375
0 0.8007623984375 0.33449154999999997 0.7750346015625 0.350946478125 0.7882306812500001 0.38962394375 0.8170092265625 0.37249014062499997 0.8007623984375 0.33449154999999997
0 0.531361015625 0.3889507046875 0.33096885781249996 0.3889507046875 0.33096885781249996 0.46088028124999997 0.531361015625 0.46088028124999997 0.531361015625 0.3889507046875
0 0.9580219140624999 0.200985915625 0.806337946875 0.200985915625 0.806337946875 0.252 0.9580219140624999 0.252 0.9580219140624999 0.200985915625
0 0.9999942328125 0.08932394375 0.874492503125 0.08932394375 0.874492503125 0.1358873234375 0.9999942328125 0.1358873234375 0.9999942328125 0.08932394375
2 0.3541211078125 0.6740169015624999 0.3550173015625 0.708418309375 0.9196562859374999 0.320909859375 0.91645559375 0.295390140625 0.3541211078125 0.6740169015624999
1 0.350986159375 0.7157915499999999 0.3515005765625 0.752961971875 0.635386390625 0.5545014078125 0.6377081890625 0.522242253125 0.350986159375 0.7157915499999999
1 0.3500876578125 0.758542253125 0.3509123421875 0.7948985921875 0.9266989625000001 0.3941887328125 0.9268915796874999 0.3628112671875 0.3500876578125 0.758542253125
1 0.4223056515625 0.6016507046874999 0.3718143015625 0.6383549296875 0.3801211078125 0.6694647890625001 0.4321384078125 0.6345436624999999 0.4223056515625 0.6016507046874999
5 0.61483275625 0.45912676093749993 0.335155709375 0.45912676093749993 0.335155709375 0.49197183125 0.61483275625 0.49197183125 0.61483275625 0.45912676093749993
5 0 0.6954436625 0.2805767015625 0.6954436625 0.2805767015625 0.5245 0 0.5245 0 0.6954436625
3 0.513327565625 0.5750352109375 0.46245097968750004 0.5750352109375 0.46245097968750004 0.6328521125 0.513327565625 0.6328521125 0.513327565625 0.5750352109375
3 0.97749135 0.2599507046875 0.9183564015625001 0.2599507046875 0.9183564015625001 0.3276267609375 0.97749135 0.3276267609375 0.97749135 0.2599507046875
3 1 0.2427605640625 0.983621684375 0.2427605640625 0.983621684375 0.31143662031249997 1 0.31143662031249997 1 0.2427605640625