0 0.379687428125 0.35 0.379687428125 0.3906253515625 0.51562514375 0.3906253515625 0.51562514375 0.35 0.379687428125 0.35
0 0.46562514374999997 0.5953126765625 0.46562514374999997 0.635938028125 0.6015628609375 0.635938028125 0.6015628609375 0.5953126765625 0.46562514374999997 0.5953126765625
0 0 0.8890619718749999 0.05 0.8890619718749999 0.05 0.8515619718749999 0 0.8515619718749999 0 0.8890619718749999
5 0.35312456718749996 0.001561971875 0.35312456718749996 0.139061971875 0.5875005765625 0.139061971875 0.5875005765625 0.001561971875 0.35312456718749996 0.001561971875
0 0.18125028906250001 0.9015619718749999 0.18125028906250001 0.8656253515625 0.14687543281249998 0.8656253515625 0.14687543281249998 0.9046873234374999 0.1781245671875 0.9046873234374999 0.18125028906250001 0.9015619718749999
4 0.9484371390625 0.7 0.9484371390625 0.7781253515625 0.9984371390625 0.7781253515625 0.9984371390625 0.7 0.9484371390625 0.7
0 0.4671880046875 0.4625 0.4671880046875 0.5031253515625 0.604687428125 0.5031253515625 0.604687428125 0.4625 0.4671880046875 0.4625
4 0.9578119953125 0.5421873234375 0.9578119953125 0.623438028125 0.9984371390625 0.623438028125 0.9984371390625 0.5421873234375 0.9578119953125 0.5421873234375
0 0.0468754328125 0.9703126765625001 0.0468754328125 0.998438028125 0.1515628609375 0.998438028125 0.1515628609375 0.9703126765625001 0.0468754328125 0.9703126765625001
0 0.5328119953125 0.8812507046875 0.535937715625 0.8843746484375 0.5375005765624999 0.8843746484375 0.539062284375 0.8859380281250001 0.5468754328125 0.8859380281250001 0.5484371390625 0.8843746484375 0.5484371390625 0.8828126765625001 0.5515628609375 0.8796873234374999 0.5531245671875 0.8796873234374999 0.554687428125 0.8781253515625 0.554687428125 0.876561971875 0.55937485625 0.8718746484375 0.55937485625 0.8609380281250001 0.5578119953125 0.8593746484375 0.5578119953125 0.8578126765625 0.5562502890625 0.8562507046875 0.5562502890625 0.8531253515625 0.554687428125 0.8515619718749999 0.554687428125 0.8453126765625001 0.5531245671875 0.8437507046875 0.5531245671875 0.8421873234374999 0.5515628609375 0.8406253515625 0.535937715625 0.8406253515625 0.5281245671875 0.8484380281250001 0.5281245671875 0.8718746484375 0.529687428125 0.873438028125 0.529687428125 0.875 0.5312502890624999 0.876561971875 0.5312502890624999 0.8781253515625 0.5328119953125 0.8796873234374999 0.5328119953125 0.8812507046875
0 0.7062502890625 0.810938028125 0.7062502890625 0.8484380281250001 0.7281245671875001 0.8484380281250001 0.7281245671875001 0.810938028125 0.7062502890625 0.810938028125
1 0.6421880046874999 0.8859380281250001 0.64062514375 0.8875 0.6375005765624999 0.8875 0.635937715625 0.8890619718749999 0.6328119953125 0.8890619718749999 0.629687428125 0.8921873234375 0.6265628609375 0.8921873234375 0.625 0.8937507046875 0.620312571875 0.8937507046875 0.6031245671875001 0.9109380281250001 0.6015628609375 0.9109380281250001 0.6 0.9125 0.5984371390625001 0.9125 0.5937497109375001 0.9171873234374999 0.5921880046875 0.9171873234374999 0.59062514375 0.9187507046875 0.589062284375 0.9187507046875 0.58437485625 0.9234380281250001 0.5828119953125 0.9234380281250001 0.5812502890625 0.925 0.5781245671875 0.925 0.5734371390625 0.9296873234374999 0.5718754328125 0.9296873234374999 0.570312571875 0.9312507046875 0.5671880046875 0.9312507046875 0.5625005765625 0.935938028125 0.5609377156249999 0.935938028125 0.55937485625 0.9375 0.5578119953125 0.9375 0.5515628609375 0.9437507046875 0.55 0.9437507046875 0.545312571875 0.9484380281250001 0.5437497109375 0.9484380281250001 0.54062514375 0.9515619718749999 0.539062284375 0.9515619718749999 0.53437485625 0.9562507046875 0.5328119953125 0.9562507046875 0.5265628609374999 0.9625 0.5234371390625 0.9625 0.5187497109375 0.9671873234374999 0.5171880046874999 0.9671873234374999 0.514062284375 0.9703126765625001 0.5125005765624999 0.9703126765625001 0.5125005765624999 0.9718746484375 0.50937485625 0.975 0.5078119953125 0.975 0.5015628609375 0.9812507046875 0.5 0.9812507046875 0.49687543281249996 0.9843746484375 0.495312571875 0.9843746484375 0.49374971093750003 0.9859380281250001 0.49218800468749996 0.9859380281250001 0.49062514375 0.9875 0.48437485625 0.9875 0.4828119953125 0.9890619718749999 0.4812502890625 0.9890619718749999 0.4781245671875 0.9921873234374999 0.4781245671875 0.998438028125 0.5218754328124999 0.998438028125 0.5218754328124999 0.9968746484375 0.5265628609374999 0.9921873234374999 0.5281245671875 0.9921873234374999 0.529687428125 0.9906253515625 0.5312502890624999 0.9906253515625 0.535937715625 0.9859380281250001 0.5375005765624999 0.9859380281250001 0.5421880046875 0.9812507046875 0.5437497109375 0.9812507046875 0.545312571875 0.9796873234374999 0.5468754328125 0.9796873234374999 0.5484371390625 0.9781253515625 0.5484371390625 0.9765619718749999 0.55 0.975 0.5515628609375 0.975 0.5531245671875 0.9734380281250001 0.5562502890625 0.9734380281250001 0.5578119953125 0.9718746484375 0.55937485625 0.9718746484375 0.5640622843750001 0.9671873234374999 0.56562514375 0.9671873234374999 0.5671880046875 0.9656253515625 0.5687497109375 0.9656253515625 0.5718754328125 0.9625 0.5734371390625 0.9625 0.575 0.9609380281250001 0.5765628609375 0.9609380281250001 0.5828119953125 0.9546873234375 0.58437485625 0.9546873234375 0.59062514375 0.9484380281250001 0.5921880046875 0.9484380281250001 0.5937497109375001 0.9468746484375 0.595312571875 0.9468746484375 0.6 0.9421873234374999 0.6015628609375 0.9421873234374999 0.6078119953125001 0.935938028125 0.60937485625 0.935938028125 0.6234371390625 0.9218746484375 0.625 0.9218746484375 0.629687428125 0.9171873234374999 0.6328119953125 0.9171873234374999 0.6375005765624999 0.9125 0.639062284375 0.9125 0.64062514375 0.9109380281250001 0.6421880046874999 0.9109380281250001 0.65 0.9031253515625 0.6515628609374999 0.9031253515625 0.6515628609374999 0.9015619718749999 0.6531245671875 0.9 0.6531245671875 0.8953126765625001 0.654687428125 0.8937507046875 0.654687428125 0.8921873234375 0.6562502890624999 0.8906253515625 0.66562514375 0.8906253515625 0.670312571875 0.8859380281250001 0.670312571875 0.8843746484375 0.6718754328125 0.8828126765625001 0.670312571875 0.8812507046875 0.670312571875 0.876561971875 0.66562514375 0.8718746484375 0.664062284375 0.8718746484375 0.660937715625 0.875 0.65937485625 0.875 0.6531245671875 0.8812507046875 0.6515628609374999 0.8812507046875 0.65 0.8828126765625001 0.6468754328124999 0.8828126765625001 0.6437497109375 0.8859380281250001 0.6421880046874999 0.8859380281250001
0 0.664062284375 0.6203126765625 0.664062284375 0.6125 0.6375005765624999 0.6125 0.6375005765624999 0.648438028125 0.65937485625 0.648438028125 0.6625005765624999 0.6453126765625 0.6625005765624999 0.6406253515625 0.664062284375 0.639061971875 0.6625005765624999 0.6375 0.6625005765624999 0.6218746484375 0.664062284375 0.6203126765625
0 0.554687428125 0.5718746484375 0.554687428125 0.5703126765625 0.5562502890625 0.5687507046875 0.5562502890625 0.5328126765625 0.5187497109375 0.5328126765625 0.5187497109375 0.5718746484375 0.554687428125 0.5718746484375
0 0.30312456718749997 0.975 0.304687428125 0.9765619718749999 0.3375005765625 0.9765619718749999 0.3375005765625 0.9375 0.3 0.9375 0.3 0.975 0.30312456718749997 0.975
5 0.735937715625 0.214061971875 0.735937715625 0.2531253515625 0.9984371390625 0.2531253515625 0.9984371390625 0.214061971875 0.735937715625 0.214061971875
0 0.39687543281250004 0.2531253515625 0.39687543281250004 0.285938028125 0.43125028906249996 0.285938028125 0.43125028906249996 0.2531253515625 0.39687543281250004 0.2531253515625
0 0.7734371390625 0.3703126765625 0.7734371390625 0.4078126765625 0.7984371390625 0.4078126765625 0.7984371390625 0.3703126765625 0.7734371390625 0.3703126765625
5 0.0015628609375 0.6921873234375 0.0015628609375 0.7546873234375 0.0468754328125 0.7546873234375 0.0468754328125 0.6921873234375 0.0015628609375 0.6921873234375
3 0.2031245671875 0.8828126765625001 0.2031245671875 0.939061971875 0.2375005765625 0.939061971875 0.2375005765625 0.8828126765625001 0.2031245671875 0.8828126765625001
1 0.4187497109375 0.325 0.42187543281249995 0.325 0.425 0.3281253515625 0.529687428125 0.3281253515625 0.529687428125 0.2828126765625 0.3937497109375 0.2828126765625 0.3937497109375 0.3281253515625 0.4062502890625 0.3281253515625 0.4062502890625 0.326561971875 0.4078119953125 0.325 0.40937485625000003 0.325 0.410937715625 0.323438028125 0.41718800468749995 0.323438028125 0.4187497109375 0.325
5 0.1515628609375 0.7703126765625 0.1515628609375 0.8 0.2921880046875 0.8 0.2921880046875 0.7703126765625 0.1515628609375 0.7703126765625
3 0.6531245671875 0.539061971875 0.6531245671875 0.5921873234375 0.68437485625 0.5921873234375 0.68437485625 0.539061971875 0.6531245671875 0.539061971875
1 0.735937715625 0.398438028125 0.735937715625 0.3203126765625 0.71562514375 0.3203126765625 0.7125005765625 0.323438028125 0.7125005765625 0.398438028125 0.735937715625 0.398438028125
5 0.7437497109375 0.614061971875 0.7437497109375 0.65 0.820312571875 0.65 0.820312571875 0.614061971875 0.7437497109375 0.614061971875
3 0.654687428125 0.423438028125 0.654687428125 0.4703126765625 0.68437485625 0.4703126765625 0.68437485625 0.423438028125 0.654687428125 0.423438028125
3 0.654687428125 0.335938028125 0.654687428125 0.4 0.6859377156249999 0.4 0.6859377156249999 0.335938028125 0.654687428125 0.335938028125
1 0.7375005765625 0.2687507046875 0.7375005765625 0.3031253515625 0.8109377156249999 0.3031253515625 0.8109377156249999 0.2687507046875 0.7375005765625 0.2687507046875
1 0.30937485625 0.8859380281250001 0.30937485625 0.9171873234374999 0.3421880046875 0.9171873234374999 0.3421880046875 0.8859380281250001 0.30937485625 0.8859380281250001
1 0.2531245671875 0.9859380281250001 0.25 0.9859380281250001 0.24843713906249998 0.9875 0.2421880046875 0.9875 0.24062514375 0.9890619718749999 0.235937715625 0.9890619718749999 0.23437485625 0.9906253515625 0.23437485625 0.998438028125 0.2875005765625 0.998438028125 0.2875005765625 0.9906253515625 0.29062514375 0.9875 0.2921880046875 0.9875 0.29843713906249997 0.9812507046875 0.3 0.9812507046875 0.3015628609375 0.9796873234374999 0.30312456718749997 0.9796873234374999 0.304687428125 0.9781253515625 0.304687428125 0.9765619718749999 0.30312456718749997 0.975 0.3015628609375 0.975 0.29843713906249997 0.9718746484375 0.29843713906249997 0.9703126765625001 0.2968754328125 0.9687507046875 0.27656286093750004 0.9687507046875 0.27656286093750004 0.9703126765625001 0.27187543281250004 0.975 0.270312571875 0.975 0.264062284375 0.9812507046875 0.25937485625 0.9812507046875 0.2578119953125 0.9828126765625 0.25625028906249997 0.9828126765625 0.2531245671875 0.9859380281250001
1 0.73437485625 0.1593746484375 0.73437485625 0.1953126765625 0.80937485625 0.1953126765625 0.80937485625 0.1593746484375 0.73437485625 0.1593746484375
3 0.7031245671875 0.3031253515625 0.704687428125 0.3031253515625 0.7062502890625 0.301561971875 0.70937485625 0.301561971875 0.7125005765625 0.298438028125 0.714062284375 0.298438028125 0.71562514375 0.2968746484375 0.71562514375 0.2953126765625 0.7171880046875 0.2937507046875 0.7171880046875 0.2906253515625 0.7187497109375001 0.289061971875 0.7187497109375001 0.2421873234375 0.6625005765624999 0.2421873234375 0.6625005765624999 0.310938028125 0.6937497109375 0.310938028125 0.6937497109375 0.3093746484375 0.695312571875 0.3078126765625 0.6968754328125 0.3078126765625 0.7 0.3046873234375 0.7015628609375 0.3046873234375 0.7031245671875 0.3031253515625
3 0.235937715625 0.9609380281250001 0.235937715625 0.9578126765625001 0.20468742812500001 0.9578126765625001 0.20468742812500001 0.998438028125 0.23437485625 0.998438028125 0.23437485625 0.9953126765625001 0.235937715625 0.9937507046875 0.235937715625 0.9875 0.2375005765625 0.9859380281250001 0.2375005765625 0.9625 0.235937715625 0.9609380281250001
1 0.3375005765625 0.876561971875 0.3375005765625 0.8562507046875 0.33593771562499997 0.8546873234374999 0.33593771562499997 0.8484380281250001 0.33437485625 0.8468746484375 0.2968754328125 0.8468746484375 0.2968754328125 0.8796873234374999 0.30312456718749997 0.8796873234374999 0.304687428125 0.8812507046875 0.3312502890625 0.8812507046875 0.3328119953125 0.8796873234374999 0.33593771562499997 0.8796873234374999 0.33593771562499997 0.8781253515625 0.3375005765625 0.876561971875
1 0.38437485625 0.9140619718749999 0.3828119953125 0.9156253515625 0.3828119953125 0.9187507046875 0.38125028906249997 0.9203126765625 0.38125028906249997 0.9234380281250001 0.379687428125 0.925 0.379687428125 0.9265619718749999 0.3625005765625 0.9437507046875 0.3625005765625 0.9453126765625001 0.360937715625 0.9468746484375 0.360937715625 0.9562507046875 0.379687428125 0.9562507046875 0.3828119953125 0.9531253515625 0.38437485625 0.9531253515625 0.38750057656250003 0.95 0.389062284375 0.95 0.39062514375 0.9484380281250001 0.3937497109375 0.9484380281250001 0.395312571875 0.9468746484375 0.3984371390625 0.9468746484375 0.4 0.9453126765625001 0.4015628609375 0.9453126765625001 0.4031245671875 0.9437507046875 0.4078119953125 0.9437507046875 0.40937485625000003 0.9421873234374999 0.42187543281249995 0.9421873234374999 0.4234371390625 0.9406253515625 0.42656286093749995 0.9406253515625 0.429687428125 0.9375 0.429687428125 0.935938028125 0.43281199531250003 0.9328126765625001 0.43281199531250003 0.9296873234374999 0.43437485625 0.9281253515625 0.43437485625 0.9 0.3984371390625 0.9 0.39687543281250004 0.9015619718749999 0.395312571875 0.9015619718749999 0.39218800468750004 0.9046873234374999 0.39062514375 0.9046873234374999 0.385937715625 0.9093746484375 0.385937715625 0.9109380281250001 0.38437485625 0.9125 0.38437485625 0.9140619718749999
5 0.389062284375 0.1437507046875 0.389062284375 0.2531253515625 0.470312571875 0.2531253515625 0.470312571875 0.1421873234375 0.39218800468750004 0.1421873234375 0.39062514375 0.1437507046875 0.389062284375 0.1437507046875
1 0.68437485625 0.7328126765625 0.6859377156249999 0.7328126765625 0.6890622843750001 0.7296873234375 0.6921880046875 0.7296873234375 0.6921880046875 0.6171873234375 0.69062514375 0.6156253515625 0.6875005765625 0.6156253515625 0.6828119953125 0.610938028125 0.6812502890625 0.610938028125 0.6781245671875 0.6078126765625 0.6781245671875 0.6031253515625 0.66562514375 0.6031253515625 0.66562514375 0.760938028125 0.675 0.760938028125 0.675 0.7531253515625 0.6765628609375 0.751561971875 0.6765628609375 0.7437507046875 0.6781245671875 0.7421873234375 0.6781245671875 0.739061971875 0.68437485625 0.7328126765625
3 0.654687428125 0.4671873234375 0.654687428125 0.5328126765625 0.68437485625 0.5328126765625 0.68437485625 0.4671873234375 0.654687428125 0.4671873234375
2 0.34605074999999996 0.995909859375 0.41187889218749996 0.9985915500000001 0.6668996546875 0.822033803125 0.6760219140625 0.7930267609375 0.6861095734375 0.5731549296875 0.660168396875 0.5847845078125 0.6527497109375 0.7966267609375 0.34605074999999996 0.995909859375
1 0.80442560625 0.4400154921875 0.7207866203125 0.44143380312499997 0.7164463671875 0.443805634375 0.7177704734375 0.5088211265625 0.8040380624999999 0.506938028125 0.80442560625 0.4400154921875
1 0.76867589375 0.44304225312499995 0.907730103125 0.4395591546875 0.9129400234375 0.3971394359375 0.7725271046875 0.39986056406250003 0.76867589375 0.44304225312499995
0 0.34178200625 0.702866196875 0.1478143015625 0.702866196875 0.1478143015625 0.77217605625 0.34178200625 0.77217605625 0.34178200625 0.702866196875
0 0.1839965390625 0.9194577468749999 0.14433102656250002 0.9194577468749999 0.14433102656250002 0.9590774640624999 0.1839965390625 0.9590774640624999 0.1839965390625 0.9194577468749999
1 0.7094901953125 0.5287450703125 0.7084982703125 0.776261971875 0.74528835 0.7567690140625001 0.735906575 0.5033126765625 0.7094901953125 0.5287450703125