0 0.769974103125 0.4603594203125 0.72771295 0.4638179671875 0.7306643546875 0.4904774328125 0.7729255078125 0.48701888593750003 0.769974103125 0.4603594203125
4 0.4914077265625 0.25529545625 0.38966785625 0.2636215921875 0.39852194218750003 0.34359883281250003 0.5002618125 0.33527269843749996 0.4914077265625 0.25529545625
0 0.170409725 0.0378811734375 0.1359746 0.0406992578125 0.136668965625 0.0469713265625 0.13840816250000001 0.0484120921875 0.1387552796875 0.0515475484375 0.137363459375 0.05324455 0.1394466828125 0.072061909375 0.173881809375 0.06924382500000001 0.170409725 0.0378811734375
0 0.9157233984375001 0.393048896875 0.8750277531249999 0.396379325 0.8778054703124999 0.42146990625 0.879370978125 0.4213417890625 0.8811101750000001 0.42278255624999994 0.9186748031249999 0.41970836250000004 0.9157233984375001 0.393048896875
0 0.5237260859374999 0.404558028125 0.483030440625 0.40788845625 0.48598184531250005 0.43454792031249995 0.526677490625 0.4312174921875 0.5237260859374999 0.404558028125
0 0.2989185734375 0.10015301562500001 0.2566574203125 0.10361156093749999 0.259782384375 0.13183875625000002 0.3020435375 0.128380209375 0.2989185734375 0.10015301562500001
1 0.9982851125 0.43192151718750005 0.9921064484375 0.37611083437500004 0.957219703125 0.3789658765625 0.9633983687500001 0.4347765609375 0.9982851125 0.43192151718750005
2 0.3046776328125 0.056848470312499996 0.03630839375 0.0675630015625 0.0401847796875 0.0939581921875 0.286161309375 0.078572725 0.5975496296875 0.41364787031250005 0.8692350296875 0.385784515625 0.9028028453125 0.32116394531250003 0.8711472203125 0.3132572359375 0.8454028125 0.36628741875 0.6060179812500001 0.3859339453125 0.3046776328125 0.056848470312499996
1 0.8702467468749999 0.3343383859375 0.8679779999999999 0.3133617796875 0.640978253125 0.3271779375 0.6237304109374999 0.3518097578125 0.8702467468749999 0.3343383859375
1 0.6411503546875 0.325790284375 0.360888028125 0.01256850625 0.36085804375 0.0123823859375 0.32544723750000004 0.0152803171875 0.6242030187500001 0.3525149046875 0.6411503546875 0.325790284375
1 0.4089237 0.117545115625 0.327983634375 0.0241301515625 0.3104327796875 0.0490638125 0.39179058125 0.1360994 0.4089237 0.117545115625
1 0.5464798984375 0.271305884375 0.542455384375 0.265328465625 0.408478246875 0.1174581828125 0.39210711875 0.1402570609375 0.5286059109375 0.2936108109375 0.5464798984375 0.271305884375
1 0.9196286015625 0.37617896093750003 0.9544483187499999 0.3781194328125 0.9834875328124999 0.32192038125 0.941441096875 0.3253702703125 0.9196286015625 0.37617896093750003
0 0.6945138296875 0.227436109375 0.6733916828125001 0.036643859375 0.5970409359375 0.0428922109375 0.6181630828125 0.2336844609375 0.6945138296875 0.227436109375
5 0.6161510484375 0.16688762968749998 0.6030248984375 0.048321648437499996 0.5645615796875 0.051469390625 0.57768773125 0.1700353703125 0.6161510484375 0.16688762968749998
5 0.3293933 0.3660323125 0.315725653125 0.2425751109375 0.279793215625 0.24551573124999998 0.29346086250000003 0.3689729328125 0.3293933 0.3660323125
5 0.27124993124999996 0.2314723078125 0.257256621875 0.1050734515625 0.2232943296875 0.10785283906250001 0.23728764062500002 0.2342516953125 0.27124993124999996 0.2314723078125
5 0.8589655796875 0.2917241265625 0.832303325 0.05088914375 0.677343740625 0.0635706453125 0.704005996875 0.304405628125 0.8589655796875 0.2917241265625
5 0.915383115625 0.2948712140625 0.8833075593749999 0.0051389328125 0.83945165 0.0048837875 0.8719489671874999 0.29842575625 0.915383115625 0.2948712140625
5 0.8902114828125001 0.517604375 0.8771594031250001 0.39970747812499996 0.8406813874999999 0.402692746875 0.853733465625 0.5205896437499999 0.8902114828125001 0.517604375
0 0.6154310578125 0.441759303125 0.6126124734375 0.4162995703125 0.5667535296875 0.42005255156250004 0.569572115625 0.445512284375 0.6154310578125 0.441759303125
0 0.40649353593750004 0.42595076875000004 0.385169603125 0.23333584687500003 0.3113497375 0.23937707812500003 0.3326736671875 0.43199200156249995 0.40649353593750004 0.42595076875000004
3 0.905222446875 0.3895012078125 0.89670028125 0.3125221453125 0.7577443500000001 0.32389394843749997 0.7662665140625 0.40087301093749994 0.905222446875 0.3895012078125
3 0.6868734062499999 0.405816346875 0.6787024484375 0.33200965781249997 0.5436413421874999 0.34306271875 0.5518123 0.41686940781250004 0.6868734062499999 0.405816346875
3 0.3594251140625 0.126214871875 0.3496833078125 0.0382190265625 0.20709018124999998 0.0498884890625 0.2168319875 0.137884334375 0.3594251140625 0.126214871875