0 0.47656206875 0.23749924375 0.47656206875 0.2796868375 0.5031252875 0.2796868375 0.5031252875 0.23749924375 0.47656206875 0.23749924375
4 0.25156206875 0.49062481093750004 0.25156206875 0.5921875953125 0.331250575 0.5921875953125 0.331250575 0.49062481093750004 0.25156206875 0.49062481093750004
0 0.010937931250000001 0.7843751890624999 0.010937931250000001 0.818750378125 0.01718735625 0.818750378125 0.018750575 0.8171875953125 0.021874712499999997 0.8171875953125 0.02343793125 0.818750378125 0.04218735625 0.818750378125 0.04218735625 0.7843751890624999 0.010937931250000001 0.7843751890624999
0 0.4468747125 0.126562784375 0.4468747125 0.125 0.44843793125 0.12343721562500001 0.44843793125 0.08593797343750001 0.4218747125 0.08593797343750001 0.4218747125 0.126562784375 0.4468747125 0.126562784375
0 0.40156206875 0.475 0.40156206875 0.5156248109375 0.4281252875 0.5156248109375 0.4281252875 0.475 0.40156206875 0.475
0 0.08281264375 0.6640620265625 0.08281264375 0.706249621875 0.11093793125 0.706249621875 0.11093793125 0.6640620265625 0.08281264375 0.6640620265625
1 0.46693103437500005 0.0085173984375 0.41132183906249997 0.0085173984375 0.41132183906249997 0.04334341875 0.46693103437500005 0.04334341875 0.46693103437500005 0.0085173984375
2 0.4165034484375 0.402962178125 0.410944828125 0.13113313124999998 0.3498482765625 0.09084720156250001 0.339482759375 0.1212980328125 0.3897666671875 0.1525748859375 0.3898218390625 0.3915491671875 0.040517240625 0.6536217859375 0.029410345312500003 0.9202919812499999 0.055787356249999996 0.9193479578125 0.0604724140625 0.6743192140625001 0.4165034484375 0.402962178125
1 0.3602264375 0.12449773125000001 0.339329884375 0.12444478125 0.33462873593750003 0.35052798749999997 0.357557471875 0.37028895624999997 0.3602264375 0.12449773125000001
1 0.33327241406249997 0.35020574843749996 0.0013356328125 0.5931633890625 0 0.5932299546875 0.000117240625 0.6292692890625 0.35829195468749997 0.3698986390625 0.33327241406249997 0.35020574843749996
1 0.1088758625 0.5571391828125 0.010093103124999999 0.6269818453125 0.0332954015625 0.6470756421875 0.12581264375 0.576121028125 0.1088758625 0.5571391828125
1 0.2924022984375 0.4580211796875 0.2718218390625 0.43789561250000003 0.265594253125 0.441222390625 0.1087540234375 0.5575703484375001 0.12994367812500002 0.5762632375 0.2924022984375 0.4580211796875
1 0.405532184375 0.080226928125 0.41026206875 0.0459924359375 0.35711533281249996 0.0111089796875 0.3571241375 0.0530832078125 0.405532184375 0.080226928125
0 0.2404655171875 0.286641453125 0.05036206875 0.286641453125 0.05036206875 0.3628593046875 0.2404655171875 0.3628593046875 0.2404655171875 0.286641453125
5 0.17434482812500002 0.35753403906250003 0.056206896875 0.35753403906250003 0.056206896875 0.3959304078125 0.17434482812500002 0.3959304078125 0.17434482812500002 0.35753403906250003
5 0.3478160921875 0.6630332828125 0.2248045984375 0.6630332828125 0.2248045984375 0.6989031765625 0.3478160921875 0.6989031765625 0.3478160921875 0.6630332828125
5 0.21024712656250003 0.70581694375 0.0843045984375 0.70581694375 0.0843045984375 0.7397201203125 0.21024712656250003 0.7397201203125 0.21024712656250003 0.70581694375
5 0.3172356328125 0.13099092343750002 0.077270115625 0.13099092343750002 0.077270115625 0.2856807859375 0.3172356328125 0.2856807859375 0.3172356328125 0.13099092343750002
5 0 0.11888048437500001 0.32490229843749996 0.11888048437500001 0.32490229843749996 0.07552193593749999 0 0.07552193593749999 0 0.11888048437500001
5 0.5428045984375001 0.12481845625000001 0.42533333281249996 0.12481845625000001 0.42533333281249996 0.1612329796875 0.5428045984375001 0.1612329796875 0.5428045984375001 0.12481845625000001
0 0.445706896875 0.38835098281249997 0.42033907968750006 0.38835098281249997 0.42033907968750006 0.43413010625000004 0.445706896875 0.43413010625000004 0.445706896875 0.38835098281249997
0 0.41321264375 0.5933207265625 0.221293103125 0.5933207265625 0.221293103125 0.667012103125 0.41321264375 0.667012103125 0.41321264375 0.5933207265625
3 0.4175229890625 0.0959379734375 0.3408218390625 0.0959379734375 0.3408218390625 0.23465204218750002 0.4175229890625 0.23465204218750002 0.4175229890625 0.0959379734375
3 0.41598850625 0.3137367625 0.3424482765625 0.3137367625 0.3424482765625 0.44856278437499997 0.41598850625 0.44856278437499997 0.41598850625 0.3137367625
3 0.11343678125000001 0.6070574890625 0.0257586203125 0.6070574890625 0.0257586203125 0.7494024203125 0.11343678125000001 0.7494024203125 0.11343678125000001 0.6070574890625