0 0.670312625 0.40624976406249996 0.670312625 0.42968779531249995 0.7218750828125 0.42968779531249995 0.7218750828125 0.40624976406249996 0.670312625 0.40624976406249996
1 0.42187508281249997 0.7875004734375 0.41562525 0.7937502359375 0.4140627921875 0.7937502359375 0.40937475 0.7984370859375 0.407812290625 0.7984370859375 0.4062498328125 0.8 0.4015624578125 0.8 0.4 0.8015629140625 0.4 0.8031248812499999 0.3968750828125 0.8062497640625 0.3937501671875 0.8062497640625 0.392187709375 0.8078126781250001 0.39062525 0.8078126781250001 0.38593720781249996 0.8125004734375001 0.38437475 0.8125004734375001 0.37812491718749996 0.8187502359375 0.37656245781250003 0.8187502359375 0.375 0.8203122046875 0.375 0.8218751187500001 0.37187508281250004 0.825 0.370312625 0.825 0.36406279218750004 0.8312497640625001 0.362499665625 0.8312497640625001 0.3609372078125 0.832812678125 0.357812290625 0.832812678125 0.357812290625 0.85 0.35937475 0.85 0.3609372078125 0.8515629140625001 0.370312625 0.8515629140625001 0.37187508281250004 0.85 0.37187508281250004 0.8484370859375 0.37343754218749997 0.8468751187500001 0.37343754218749997 0.8453122046875 0.37656245781250003 0.8421873218749999 0.37812491718749996 0.8421873218749999 0.38437475 0.835937559375 0.38593720781249996 0.835937559375 0.387500334375 0.8343746453125 0.387500334375 0.832812678125 0.3890627921875 0.8312497640625001 0.39062525 0.8312497640625001 0.3984375421875 0.8234370859375 0.4 0.8234370859375 0.4062498328125 0.8171873218749999 0.407812290625 0.8171873218749999 0.4140627921875 0.810937559375 0.4187501671875 0.810937559375 0.42031262500000005 0.8093746453125 0.42187508281249997 0.8093746453125 0.4265624578125 0.8046877953125 0.429687375 0.8046877953125 0.43124983281249996 0.8031248812499999 0.432812290625 0.8031248812499999 0.4390627921875 0.7968751187499999 0.44062524999999997 0.7968751187499999 0.44062524999999997 0.7953122046875001 0.442187709375 0.7937502359375 0.442187709375 0.792187321875 0.44375016718750004 0.7906253546875 0.44375016718750004 0.782812678125 0.44062524999999997 0.7796877953125 0.44062524999999997 0.77812488125 0.4390627921875 0.77812488125 0.437500334375 0.7796877953125 0.4359372078125 0.7796877953125 0.43437475000000003 0.7812497640625 0.43124983281249996 0.7812497640625 0.4281249171875 0.7843746453125 0.4265624578125 0.7843746453125 0.42343754218749996 0.7875004734375 0.42187508281249997 0.7875004734375
0 0.2734375421875 0.95312488125 0.2718750828125 0.9546877953124999 0.2687501671875 0.9546877953124999 0.2687501671875 0.9921873218749999 0.35937475 0.9921873218749999 0.35937475 0.9515629140625 0.2734375421875 0.9515629140625 0.2734375421875 0.95312488125
0 0.8015624578124999 0.3703122046875 0.8015624578124999 0.392187321875 0.8343747499999999 0.392187321875 0.8343747499999999 0.3703122046875 0.8015624578124999 0.3703122046875
0 0.5531249171875 0.839062440625 0.5531249171875 0.8375004734375 0.554687375 0.835937559375 0.554687375 0.8015629140625 0.46562525 0.8015629140625 0.46562525 0.839062440625 0.5531249171875 0.839062440625
3 0.24062524999999998 0.832812678125 0.254687375 0.832812678125 0.25624983281249997 0.8312497640625001 0.26562525 0.8312497640625001 0.2687501671875 0.82812488125 0.2687501671875 0.7875004734375 0.24062524999999998 0.7875004734375 0.24062524999999998 0.832812678125
5 0.8890627921875 0.2656253546875 0.8890627921875 0.3515629140625 0.9984375421875 0.3515629140625 0.9984375421875 0.2656253546875 0.8890627921875 0.2656253546875
0 0.9281249171875 0.5156253546875 0.8390627921875 0.5156253546875 0.8390627921875 0.560937559375 0.917187709375 0.560937559375 0.920312625 0.557812678125 0.9218750828125 0.557812678125 0.9234375421875001 0.5562497640624999 0.9265624578124999 0.5562497640624999 0.9281249171875 0.5546877953125 0.9281249171875 0.5156253546875
0 0.8812498328125 0.20781267812499998 0.8812498328125 0.24687511875 0.9718750828125 0.24687511875 0.9718750828125 0.20781267812499998 0.8812498328125 0.20781267812499998
5 0.4187501671875 0.5093746453125 0.4187501671875 0.589062440625 0.537499665625 0.589062440625 0.537499665625 0.5093746453125 0.4187501671875 0.5093746453125
4 0.7515624578125 0.50312488125 0.7515624578125 0.49843708593749997 0.75 0.49687511874999996 0.75 0.4906253546875 0.7515624578125 0.489062440625 0.7515624578125 0.46875023593750004 0.7281249171875 0.46875023593750004 0.7281249171875 0.5093746453125 0.7296873749999999 0.5109375593750001 0.7437501671875 0.5109375593750001 0.7453126250000001 0.5093746453125 0.7468750828124999 0.5093746453125 0.7484375421875 0.507812678125 0.7484375421875 0.5062497640625 0.7515624578125 0.50312488125
0 0.60937475 0.7234370859375 0.60937475 0.7062497640625 0.587500334375 0.7062497640625 0.587500334375 0.725 0.5890627921875 0.7234370859375 0.60937475 0.7234370859375
1 0.832812290625 0.47187511875 0.832812290625 0.4734370859375 0.8312498328125001 0.475 0.8312498328125001 0.4765629140625 0.8265624578124999 0.4812497640625 0.825 0.4812497640625 0.8234375421875001 0.482812678125 0.8218750828125 0.482812678125 0.817187709375 0.48750047343749997 0.8156252500000001 0.48750047343749997 0.8031249171875 0.5 0.8015624578124999 0.5 0.7937501671875 0.507812678125 0.792187709375 0.507812678125 0.792187709375 0.5093746453125 0.79062525 0.5109375593750001 0.7890627921875 0.5109375593750001 0.787499665625 0.5125004734374999 0.7859372078125 0.5125004734374999 0.78437475 0.514062440625 0.782812290625 0.514062440625 0.7718750828125 0.525 0.7703126250000001 0.525 0.767187709375 0.52812488125 0.767187709375 0.5296877953125 0.76562525 0.5312497640625 0.7640627921875 0.5312497640625 0.7624996656249999 0.532812678125 0.7624996656249999 0.5343746453125 0.75937475 0.5375004734375 0.757812290625 0.5375004734375 0.7515624578125 0.5437502359375 0.7468750828124999 0.5437502359375 0.7453126250000001 0.5453122046875001 0.7437501671875 0.5453122046875001 0.7312498328125 0.557812678125 0.7312498328125 0.5593746453125 0.7234375421875 0.567187321875 0.7234375421875 0.5687502359375001 0.712500334375 0.5796877953124999 0.7109372078125 0.5796877953124999 0.70937475 0.5812497640625 0.7062498328125 0.5812497640625 0.704687375 0.582812678125 0.7031249171875 0.582812678125 0.7 0.585937559375 0.6984375421875 0.585937559375 0.6968750828125 0.5875004734375 0.6937501671875 0.5875004734375 0.69062525 0.5906253546875 0.6890627921875 0.5906253546875 0.6812498328125 0.5984370859375 0.6812498328125 0.6 0.679687375 0.6015629140625001 0.679687375 0.6031248812500001 0.6781249171875 0.6046877953124999 0.6765624578125 0.6046877953124999 0.675 0.6062497640625 0.6734375421875 0.6062497640625 0.6687501671875 0.610937559375 0.6687501671875 0.6125004734374999 0.6640627921875 0.617187321875 0.6609372078125 0.617187321875 0.65937475 0.6187502359375 0.657812290625 0.6187502359375 0.6515624578125 0.625 0.65 0.625 0.6484375421874999 0.6265629140625 0.6453126250000001 0.6265629140625 0.6453126250000001 0.62812488125 0.6390627921875 0.6343746453125 0.6375003343750001 0.6343746453125 0.6359372078125001 0.6359375593750001 0.63437475 0.6359375593750001 0.632812290625 0.6375004734374999 0.6312498328125 0.6375004734374999 0.6265624578125 0.642187321875 0.625 0.642187321875 0.6234375421875 0.6437502359375 0.6218750828124999 0.6437502359375 0.6187501671875 0.6468751187499999 0.6187501671875 0.6484370859374999 0.617187709375 0.65 0.617187709375 0.6515629140625 0.6124996656249999 0.6562497640625 0.6124996656249999 0.657812678125 0.6109372078125 0.6593746453125 0.6109372078125 0.660937559375 0.607812290625 0.664062440625 0.607812290625 0.6656253546875 0.6062498328125 0.667187321875 0.6062498328125 0.6687502359375 0.6046873749999999 0.6703122046875001 0.6046873749999999 0.6718751187499999 0.6031249171875 0.6734370859375 0.6031249171875 0.675 0.6109372078125 0.675 0.6140627921874999 0.6718751187499999 0.61562525 0.6718751187499999 0.6265624578125 0.660937559375 0.6281249171875001 0.660937559375 0.6296873749999999 0.6593746453125 0.6296873749999999 0.657812678125 0.632812290625 0.6546877953125 0.63437475 0.6546877953125 0.6484375421874999 0.6406253546875 0.65 0.6406253546875 0.65 0.639062440625 0.6515624578125 0.6375004734374999 0.6531249171875 0.6375004734374999 0.654687375 0.6359375593750001 0.654687375 0.6343746453125 0.657812290625 0.6312497640625 0.65937475 0.6312497640625 0.6609372078125 0.6296877953125 0.6640627921875 0.6296877953125 0.6718750828125 0.62187511875 0.6734375421875 0.62187511875 0.6734375421875 0.6203122046875 0.675 0.6187502359375 0.6765624578125 0.6187502359375 0.6781249171875 0.617187321875 0.6812498328125 0.617187321875 0.682812290625 0.6156253546875 0.68437475 0.6156253546875 0.695312625 0.6046877953124999 0.6968750828125 0.6046877953124999 0.704687375 0.59687511875 0.7062498328125 0.59687511875 0.7062498328125 0.5953122046875 0.7109372078125 0.5906253546875 0.7109372078125 0.589062440625 0.7140627921875 0.585937559375 0.71562525 0.585937559375 0.717187709375 0.5843746453125 0.717187709375 0.582812678125 0.7187501671875001 0.5812497640625 0.720312625 0.5812497640625 0.7218750828125 0.5796877953124999 0.7296873749999999 0.5796877953124999 0.7312498328125 0.5781248812500001 0.73437475 0.5781248812500001 0.7359372078125 0.5765629140625 0.7375003343750001 0.5765629140625 0.74062525 0.5734370859375 0.74062525 0.57187511875 0.7468750828124999 0.5656253546875 0.7468750828124999 0.564062440625 0.7484375421875 0.5625004734375 0.7484375421875 0.560937559375 0.7515624578125 0.557812678125 0.7515624578125 0.55312488125 0.7531249171875001 0.5515629140625 0.7531249171875001 0.55 0.7562498328125 0.5468751187499999 0.757812290625 0.5468751187499999 0.7609372078125001 0.5437502359375 0.7624996656249999 0.5437502359375 0.7640627921875 0.542187321875 0.76562525 0.542187321875 0.767187709375 0.5406253546875 0.7687501671875 0.5406253546875 0.7781249171875 0.5312497640625 0.779687375 0.5312497640625 0.7812498328124999 0.5296877953125 0.78437475 0.5296877953125 0.7859372078125 0.52812488125 0.787499665625 0.52812488125 0.7984375421875 0.517187321875 0.8 0.517187321875 0.8015624578124999 0.5156253546875 0.8031249171875 0.5156253546875 0.804687375 0.514062440625 0.804687375 0.5125004734374999 0.8109372078125 0.5062497640625 0.812500334375 0.5062497640625 0.8140627921875 0.5046877953125 0.817187709375 0.5046877953125 0.8187501671874999 0.50312488125 0.8218750828125 0.50312488125 0.8265624578124999 0.49843708593749997 0.8281249171875 0.49843708593749997 0.829687375 0.49687511874999996 0.829687375 0.49531220468750004 0.8515624578125 0.4734370859375 0.8531249171875 0.4734370859375 0.8546873749999999 0.47187511875 0.8546873749999999 0.46875023593750004 0.8562498328125001 0.467187321875 0.8562498328125001 0.4656253546875 0.8609372078125 0.460937559375 0.8625003343750001 0.460937559375 0.8640627921874999 0.4593746453125 0.867187709375 0.4593746453125 0.8687501671875 0.457812678125 0.8703126250000001 0.457812678125 0.8734375421875 0.4546877953125 0.875 0.4546877953125 0.875 0.45156291406250004 0.8562498328125001 0.45156291406250004 0.8562498328125001 0.45312488125000006 0.85 0.4593746453125 0.8484375421875001 0.4593746453125 0.8406252500000001 0.467187321875 0.8390627921875 0.467187321875 0.8359372078125 0.4703122046875 0.8343747499999999 0.4703122046875 0.832812290625 0.47187511875
4 0.1765624578125 0.8984370859374999 0.20312491718749998 0.8984370859374999 0.20624983281249998 0.8953122046875001 0.20624983281249998 0.8937502359374999 0.20937475 0.8906253546875 0.20937475 0.8671873218749999 0.1765624578125 0.8671873218749999 0.1765624578125 0.8984370859374999
0 0.16562525 0.7312497640625 0.16562525 0.75 0.1781249171875 0.75 0.1781249171875 0.7312497640625 0.16562525 0.7312497640625
1 0.6 0.36406244062500004 0.6 0.3656253546875 0.6015624578125001 0.36718732187500003 0.6031249171875 0.36718732187500003 0.6312498328125 0.3953122046875 0.6312498328125 0.39687511875000003 0.632812290625 0.3984370859375 0.63437475 0.3984370859375 0.6375003343750001 0.4015629140625 0.6375003343750001 0.40312488125 0.6390627921875 0.4046877953125 0.64062525 0.4046877953125 0.6453126250000001 0.4093746453125 0.6468750828125 0.4093746453125 0.6484375421874999 0.41093755937500004 0.662499665625 0.41093755937500004 0.662499665625 0.40312488125 0.6609372078125 0.4015629140625 0.6609372078125 0.4 0.6484375421874999 0.3875004734375 0.6484375421874999 0.38593755937499996 0.6468750828125 0.3843746453125 0.6468750828125 0.38281267812499997 0.6453126250000001 0.38281267812499997 0.6437501671875 0.3812497640625 0.6437501671875 0.3796877953125 0.6390627921875 0.375 0.6375003343750001 0.375 0.6265624578125 0.36406244062500004 0.625 0.36406244062500004 0.6234375421875 0.3625004734375 0.6218750828124999 0.3625004734375 0.61562525 0.35624976406250003 0.6124996656249999 0.35624976406250003 0.6109372078125 0.3546877953125 0.60937475 0.3546877953125 0.6046873749999999 0.35 0.6031249171875 0.35 0.5984375421875 0.3453122046875 0.5984375421875 0.3437502359375 0.592187709375 0.3375004734375 0.5859372078125 0.3375004734375 0.5859372078125 0.3546877953125 0.59062525 0.3593746453125 0.592187709375 0.3593746453125 0.5937501671875001 0.360937559375 0.595312625 0.360937559375 0.5968750828125 0.3625004734375 0.5984375421875 0.3625004734375 0.6 0.36406244062500004
3 0.5812498328125 0.3812497640625 0.5812498328125 0.425 0.6109372078125 0.425 0.6109372078125 0.3812497640625 0.5812498328125 0.3812497640625
0 0.367187709375 0.9296877953125 0.367187709375 0.910937559375 0.3515624578125 0.910937559375 0.3515624578125 0.9312497640625 0.36562525 0.9312497640625 0.367187709375 0.9296877953125
0 0.9218750828125 0.389062440625 0.9218750828125 0.3875004734375 0.9234375421875001 0.38593755937499996 0.9234375421875001 0.36718732187500003 0.89062525 0.36718732187500003 0.89062525 0.389062440625 0.9218750828125 0.389062440625
1 0.6718750828125 0.6359375593750001 0.6718750828125 0.6484370859374999 0.68437475 0.6484370859374999 0.68437475 0.6359375593750001 0.6718750828125 0.6359375593750001
4 0.792187709375 0.5734370859375 0.795312625 0.5703122046875 0.795312625 0.5453122046875001 0.7937501671875 0.5437502359375 0.7546873749999999 0.5437502359375 0.7546873749999999 0.5734370859375 0.792187709375 0.5734370859375
0 0.579687375 0.45312488125000006 0.579687375 0.45 0.5812498328125 0.4484370859375 0.5812498328125 0.435937559375 0.5687501671875 0.435937559375 0.5687501671875 0.45312488125000006 0.579687375 0.45312488125000006
5 0.5234375421874999 0.85312488125 0.5234375421874999 0.8437502359375 0.525 0.8421873218749999 0.525 0.839062440625 0.4687501671875 0.839062440625 0.4687501671875 0.85312488125 0.5234375421874999 0.85312488125
0 0.837500334375 0.2765629140625 0.8390627921875 0.275 0.8406252500000001 0.275 0.8406252500000001 0.25312488125 0.8062498328125001 0.25312488125 0.8062498328125001 0.2765629140625 0.837500334375 0.2765629140625
4 0.65 0.48593755937500005 0.6484375421874999 0.4843746453125 0.6484375421874999 0.4734370859375 0.61562525 0.4734370859375 0.61562525 0.5 0.625 0.5 0.6265624578125 0.49843708593749997 0.6468750828125 0.49843708593749997 0.6484375421874999 0.49687511874999996 0.6484375421874999 0.49218732187500003 0.65 0.4906253546875 0.65 0.48593755937500005
5 0.5609372078125 0.37656291406250003 0.5640627921875 0.37343708593749997 0.56562525 0.37343708593749997 0.56562525 0.360937559375 0.507812290625 0.360937559375 0.507812290625 0.37656291406250003 0.5609372078125 0.37656291406250003
4 0.162500334375 0.8562497640625001 0.17343754218750002 0.8562497640625001 0.175 0.8578126781250001 0.2015624578125 0.8578126781250001 0.204687375 0.8546877953124999 0.204687375 0.8296877953124999 0.162500334375 0.8296877953124999 0.162500334375 0.8562497640625001
0 0.95 0.36406244062500004 0.95 0.3843746453125 0.9609372078125 0.3843746453125 0.9609372078125 0.36406244062500004 0.95 0.36406244062500004
0 0.4687501671875 0.6265629140625 0.4687501671875 0.6453122046875001 0.47968737499999997 0.6453122046875001 0.47968737499999997 0.6265629140625 0.4687501671875 0.6265629140625
5 0.570312625 0.7265629140625001 0.570312625 0.75 0.6937501671875 0.75 0.6937501671875 0.7265629140625001 0.570312625 0.7265629140625001
4 0.7 0.4015629140625 0.7 0.37656291406250003 0.6687501671875 0.37656291406250003 0.6687501671875 0.4046877953125 0.6968750828125 0.4046877953125 0.7 0.4015629140625
0 0.1859372078125 0.9718751187500001 0.1859372078125 0.9546877953124999 0.175 0.9546877953124999 0.175 0.9734370859375 0.18437475 0.9734370859375 0.1859372078125 0.9718751187500001
4 0.537499665625 0.9515629140625 0.537499665625 0.9375004734375001 0.5359372078125 0.935937559375 0.5359372078125 0.9234370859375 0.5 0.9234370859375 0.5 0.9562497640625001 0.5015624578125 0.957812678125 0.507812290625 0.957812678125 0.50937475 0.9562497640625001 0.5265624578125 0.9562497640625001 0.5281249171875 0.9546877953124999 0.53437475 0.9546877953124999 0.537499665625 0.9515629140625
5 0.9515624578124999 0.38281267812499997 0.9515624578124999 0.41875023593750005 0.9984375421875 0.41875023593750005 0.9984375421875 0.38281267812499997 0.9515624578124999 0.38281267812499997
5 0.4687501671875 0.6484370859374999 0.4687501671875 0.67812488125 0.525 0.67812488125 0.525 0.6484370859374999 0.4687501671875 0.6484370859374999
1 0.26562525 0.7796877953125 0.2734375421875 0.7796877953125 0.275 0.77812488125 0.275 0.7765629140625 0.2765624578125 0.775 0.2765624578125 0.7703122046875001 0.275 0.7703122046875001 0.2718750828125 0.767187321875 0.270312625 0.767187321875 0.2687501671875 0.7656253546875 0.2687501671875 0.764062440625 0.26093720781249996 0.7562497640625 0.26093720781249996 0.7546877953125 0.254687375 0.7484370859375 0.25312491718749996 0.7484370859375 0.25156245781250003 0.74687511875 0.25156245781250003 0.7453122046875 0.25 0.7437502359375 0.242187709375 0.7437502359375 0.242187709375 0.7625004734374999 0.2468750828125 0.767187321875 0.24843754218749997 0.767187321875 0.25312491718749996 0.7718751187499999 0.254687375 0.7718751187499999 0.25624983281249997 0.7734370859374999 0.25937475 0.7734370859374999 0.26562525 0.7796877953125
0 0.2859372078125 0.8656253546875 0.2859372078125 0.8640624406249999 0.287500334375 0.8625004734375 0.287500334375 0.8453122046875 0.2765624578125 0.8453122046875 0.2765624578125 0.8656253546875 0.2859372078125 0.8656253546875
4 0.5734375421875 0.6125004734374999 0.5734375421875 0.5843746453125 0.5437501671875 0.5843746453125 0.5437501671875 0.6140624406249999 0.5718750828125 0.6140624406249999 0.5734375421875 0.6125004734374999
5 0.304687375 0.792187321875 0.307812290625 0.792187321875 0.30937475000000003 0.7937502359375 0.36562525 0.7937502359375 0.367187709375 0.792187321875 0.367187709375 0.77812488125 0.304687375 0.77812488125 0.304687375 0.792187321875
0 0.5062498328125 0.6953122046875 0.5062498328125 0.692187321875 0.5046873749999999 0.6906253546875 0.5046873749999999 0.689062440625 0.5031249171875001 0.6875004734375 0.49531262500000006 0.6875004734375 0.49375016718750003 0.689062440625 0.49375016718750003 0.7125004734375 0.4968750828125 0.7125004734375 0.49843754218749997 0.710937559375 0.5015624578125 0.710937559375 0.507812290625 0.7046877953124999 0.507812290625 0.69687511875 0.5062498328125 0.6953122046875
5 0.7109372078125 0.5937502359375 0.7109372078125 0.6156253546875 0.8343747499999999 0.6156253546875 0.8343747499999999 0.5937502359375 0.7109372078125 0.5937502359375
5 0.204687375 0.8031248812499999 0.204687375 0.7875004734375 0.08906279218749999 0.7875004734375 0.08906279218749999 0.8046877953125 0.20312491718749998 0.8046877953125 0.204687375 0.8031248812499999
4 0.45156245781250004 0.8265629140625 0.407812290625 0.8265629140625 0.407812290625 0.85312488125 0.40937475 0.8546877953124999 0.45312491718750003 0.8546877953124999 0.45468737499999995 0.85312488125 0.45468737499999995 0.8312497640625001 0.45312491718750003 0.8296877953124999 0.45312491718750003 0.82812488125 0.45156245781250004 0.8265629140625
5 0.7511743484375 0.334121096875 0.6830641281250001 0.33643519375 0.6842778890625001 0.33676158906250003 0.684904475 0.3592412484375 0.7525404140624999 0.3619356671875 0.7511743484375 0.334121096875
0 0.68437475 0.28906244062500003 0.68437475 0.3125004734375 0.6968750828125 0.3125004734375 0.6968750828125 0.28906244062500003 0.68437475 0.28906244062500003
1 0.5859372078125 0.675 0.58437475 0.6765629140625 0.582812290625 0.6765629140625 0.5781249171875 0.6812497640624999 0.5765624578125 0.6812497640624999 0.5718750828125 0.685937559375 0.570312625 0.685937559375 0.5687501671875 0.6875004734375 0.5687501671875 0.7015629140625 0.570312625 0.7 0.5734375421875 0.7 0.575 0.6984370859375 0.5781249171875 0.6984370859375 0.582812290625 0.6937502359375001 0.58437475 0.6937502359375001 0.5859372078125 0.692187321875 0.5890627921875 0.692187321875 0.595312625 0.685937559375 0.5968750828125 0.685937559375 0.5984375421875 0.6843746453125 0.5984375421875 0.682812678125 0.6015624578125001 0.6796877953125 0.6031249171875 0.6796877953125 0.6046873749999999 0.67812488125 0.6046873749999999 0.6765629140625 0.607812290625 0.6734370859375 0.60937475 0.6734370859375 0.6109372078125 0.6718751187499999 0.6109372078125 0.6703122046875001 0.6140627921874999 0.667187321875 0.6140627921874999 0.6593746453125 0.6015624578125001 0.6593746453125 0.6 0.660937559375 0.6 0.6625004734375 0.5984375421875 0.664062440625 0.5984375421875 0.6656253546875 0.5968750828125 0.667187321875 0.595312625 0.667187321875 0.587500334375 0.675 0.5859372078125 0.675
0 0.517187709375 0.342187321875 0.517187709375 0.325 0.5062498328125 0.325 0.5062498328125 0.3437502359375 0.51562525 0.3437502359375 0.517187709375 0.342187321875
0 0.4359372078125 0.7593746453125 0.4359372078125 0.735937559375 0.295312625 0.735937559375 0.295312625 0.7625004734374999 0.432812290625 0.7625004734374999 0.4359372078125 0.7593746453125
5 0.18281229062499998 0.9906253546875 0.18281229062499998 0.9984370859375 0.229687375 0.9984370859375 0.229687375 0.9906253546875 0.18281229062499998 0.9906253546875
3 0.5734375421875 0.489062440625 0.5734375421875 0.5234370859374999 0.592187709375 0.5234370859374999 0.592187709375 0.489062440625 0.5734375421875 0.489062440625
1 0.22031262499999998 0.8921873218749999 0.22031262499999998 0.8187502359375 0.2187501671875 0.8171873218749999 0.2187501671875 0.8156253546875 0.217187709375 0.814062440625 0.217187709375 0.8093746453125 0.20937475 0.8015629140625 0.207812290625 0.8015629140625 0.207812290625 0.9453122046875 0.21562525 0.9453122046875 0.21562525 0.9421873218749999 0.217187709375 0.9406253546875 0.217187709375 0.9078126781250001 0.2187501671875 0.9062497640625 0.2187501671875 0.8937502359374999 0.22031262499999998 0.8921873218749999
1 0.9015624578124999 0.44062535468749997 0.9 0.44062535468749997 0.9 0.45624976406249995 0.9156252500000001 0.45624976406249995 0.917187709375 0.4546877953125 0.917187709375 0.439062440625 0.9031249171875 0.439062440625 0.9015624578124999 0.44062535468749997
5 0.8640627921874999 0.48593755937500005 0.8640627921874999 0.5109375593750001 0.9906252500000001 0.5109375593750001 0.9906252500000001 0.48593755937500005 0.8640627921874999 0.48593755937500005
3 0.262500334375 0.8859375593750001 0.26093720781249996 0.8843746453125 0.25937475 0.8843746453125 0.25624983281249997 0.8812497640625001 0.25624983281249997 0.87812488125 0.254687375 0.8765629140625 0.232812290625 0.8765629140625 0.232812290625 0.9234370859375 0.2640627921875 0.9234370859375 0.2640627921875 0.9046877953125 0.262500334375 0.9031248812499999 0.262500334375 0.9015629140625 0.2640627921875 0.9 0.2640627921875 0.8859375593750001 0.262500334375 0.8859375593750001
3 0.61562525 0.6046877953124999 0.562499665625 0.6046877953124999 0.562499665625 0.667187321875 0.595312625 0.667187321875 0.5968750828125 0.6656253546875 0.6 0.6656253546875 0.6140627921874999 0.6515629140625 0.6140627921874999 0.65 0.61562525 0.6484370859374999 0.61562525 0.6046877953124999
1 0.4687501671875 0.6484370859374999 0.4687501671875 0.67812488125 0.5218750828125 0.67812488125 0.5218750828125 0.6484370859374999 0.4687501671875 0.6484370859374999
1 0.167187709375 0.7515629140625 0.167187709375 0.7687502359375 0.2015624578125 0.7687502359375 0.2015624578125 0.7515629140625 0.167187709375 0.7515629140625
0 0.775 0.42343708593749996 0.775 0.442187321875 0.804687375 0.442187321875 0.8062498328125001 0.44062535468749997 0.8062498328125001 0.42968779531249995 0.804687375 0.42812488125000003 0.8062498328125001 0.4265629140625 0.8062498328125001 0.42343708593749996 0.775 0.42343708593749996
5 0.37187508281250004 0.964062440625 0.37187508281250004 0.9812497640625001 0.43437475000000003 0.9812497640625001 0.4359372078125 0.9796877953124999 0.4359372078125 0.9765629140625001 0.437500334375 0.975 0.437500334375 0.9656253546875 0.4359372078125 0.964062440625 0.37187508281250004 0.964062440625
1 0.9218750828125 0.432812678125 0.932812290625 0.432812678125 0.9343747499999999 0.4312497640625 0.937500334375 0.4312497640625 0.9390627921875 0.42968779531249995 0.9390627921875 0.414062440625 0.9218750828125 0.414062440625 0.9218750828125 0.432812678125
2 0.580533065625 0.6401229890625 0.3208436875 0.841464521875 0.3366325984375 0.853932828125 0.8496259187499999 0.43854966875 0.831410153125 0.42804824999999996 0.5912398125 0.6352630078125 0.5909986640625 0.402678334375 0.6534121578125001 0.4559356671875 0.6547394796875 0.4348874171875 0.5876900468749999 0.38204068125 0.57654175 0.39270387812499996 0.580533065625 0.6401229890625
2 0.23846225781250002 0.7998883640625001 0.23497795625 0.9170028374999999 0.24977822343749997 0.9267048250000001 0.3208531328125 0.8647020281250001 0.498388778125 0.9990539265624999 0.5113954578125 0.9982857140625001 0.24687374687500002 0.78661589375 0.23846225781250002 0.7998883640625001
2 0.310303175 0.856718240625 0.24914495625000002 0.810436140625 0.2486386109375 0.9074219484375 0.3086492984375 0.8557492906249999 0.310303175 0.856718240625
1 0.58602204375 0.68148344375 0.262080828125 0.9386584671874999 0.2698931203125 0.9499328281249999 0.5952518375 0.6987947015625 0.58602204375 0.68148344375
1 0.5935210421875 0.6490009453125001 0.610002671875 0.6615326390625 0.8256145625 0.479265846875 0.8140460921875 0.469969725 0.5935210421875 0.6490009453125001
1 0.2644789578125 0.7777663203125 0.5392638609375 0.9990539265624999 0.564349365625 0.994176915625 0.2654455578125 0.7578789031250001 0.2644789578125 0.7777663203125
3 0.690427521875 0.43030747343750003 0.6481696734375 0.43030747343750003 0.6481696734375 0.476996215625 0.690427521875 0.476996215625 0.690427521875 0.43030747343750003
3 0.8905577828125001 0.3887322609375 0.8313527046875 0.3887322609375 0.8313527046875 0.4423935671875 0.8905577828125001 0.4423935671875 0.8905577828125001 0.3887322609375
1 0.6041376078125 0.40910312187500003 0.6059779562500001 0.6253519390625 0.621416834375 0.614560075 0.61668670625 0.41657615937500003 0.6041376078125 0.40910312187500003
1 0.5399104875 0.3393481546875 0.5072638609375 0.339255440625 0.5088844359375 0.3614919578125 0.5399104875 0.3618476828125 0.5399104875 0.3393481546875
5 0.573902471875 0.38353831562499996 0.45002070781250003 0.38665184531249996 0.44138610624999997 0.4108032171875 0.5732418171875 0.41205014218749997 0.573902471875 0.38353831562499996