0 0.8110256765624999 0.395888465625 0.9386928359375 0.4215202171875 0.9432254703125 0.38051624687499996 0.815319784375 0.3538334234375 0.8110256765624999 0.395888465625
0 0.656394871875 0.6050918796875 0.685612334375 0.5932573921875 0.6726930921875 0.5561200375 0.6423837406249999 0.5696395546875 0.656394871875 0.6050918796875
0 0.5442125640625 0.58037873125 0.5893586453124999 0.589231178125 0.591697665625 0.546417496875 0.5488440671875 0.5386097109375 0.5442125640625 0.58037873125
0 0.398011096875 0.5565568875 0.52736754375 0.5823858421875 0.5310144625000001 0.5430179921875 0.4009478265625 0.5175666328124999 0.398011096875 0.5565568875
0 0.48246474531250005 0.8404931171875001 0.5273253265625 0.8481991765625001 0.5311130484375 0.8096242296874999 0.4873651703125 0.7995444468749999 0.48246474531250005 0.8404931171875001
2 0.6282188375 0.6138702609375 0.6361552171875 0.6260626859375 0.9754821171874999 0.4919305453125 0.9622301343749999 0.4795164140625 0.6282188375 0.6138702609375
0 0.555650965625 0.6593487859375 0.5501048234375 0.644301953125 0.5052727734375 0.6628783375 0.44013233124999995 0.7433574609375 0.4538730078125 0.75302358125 0.5139258421874999 0.6780765375 0.555650965625 0.6593487859375
3 0.562935609375 0.6627138234375 0.6300347828125 0.649265484375 0.6222028328125 0.610188728125 0.5551036593750001 0.623637065625 0.562935609375 0.6627138234375
3 0.416628084375 0.7975392125 0.4564669640625 0.7895545125 0.447348209375 0.7440573781250001 0.40750933125 0.7520420765625 0.416628084375 0.7975392125
3 0.77586755 0.5719988609375 0.8418012953125 0.5587841046875 0.834647840625 0.5230926359375 0.76871409375 0.53630739375 0.77586755 0.5719988609375
3 0.870029521875 0.5153941515625 0.9290778656249999 0.5035594 0.92342763125 0.47536810156250003 0.8643792875 0.48720285468749996 0.870029521875 0.5153941515625
1 0.43696081875 0.6009487859375 0.3476534078125 0.7173559546875 0.3736817125 0.7423554421875 0.45792231718750004 0.6250908328125 0.43696081875 0.6009487859375
1 0.46141833906249996 0.7817715328125 0.6423505625 0.80789100625 0.6463971671875 0.7740907515625 0.46573979843749996 0.7583039625 0.46141833906249996 0.7817715328125
1 0.5529387625 0.7710038703125 0.5601301546874999 0.738628415625 0.524750546875 0.7301665500000001 0.5181439890624999 0.7438318359375 0.49376455156250004 0.7181118015625 0.4960943453125 0.7503213984375 0.52413305625 0.7702932421875001 0.5529387625 0.7710038703125
1 0.5537139890625 0.7152988203125 0.5768755875 0.7380710234375 0.6589395921875 0.70130468125 0.6378652390624999 0.678275025 0.5537139890625 0.7152988203125
1 0.6667827843749999 0.69610366875 0.993491446875 0.5709797359375 0.993884103125 0.5372350140625 0.6452822828125 0.677010065625 0.6667827843749999 0.69610366875
5 0.08582665 0.9270727609374999 0.375910325 0.970215071875 0.3915715984375 0.7947202390625 0.0975979640625 0.7350684015625 0.08582665 0.9270727609374999
5 0.013332184375 0.6511512453125 0.3601502328125 0.7160746203125 0.3634711953125 0.6709786875 0.0030338734375 0.599768828125 0.013332184375 0.6511512453125
5 0.733652259375 0.44243183124999996 0.87954024375 0.473324153125 0.8917928109375 0.433372896875 0.7408439984374999 0.39832984531250004 0.733652259375 0.44243183124999996
1 0.3607437765625 0.6189459734375 0.42252834687499996 0.6310873 0.4258884515625 0.595579003125 0.360824590625 0.5811610359375 0.3607437765625 0.6189459734375
4 0.577947553125 0.4735023140625 0.6534592390625 0.4583679 0.6345198390625 0.363871603125 0.5590081515625 0.37900601875 0.577947553125 0.4735023140625
4 0.723943796875 0.860412071875 0.8049611265625 0.8441741890625 0.7859076703125 0.7491088140625 0.704890340625 0.765346696875 0.723943796875 0.860412071875
4 0.441913 0.997388609375 0.5107134296875 0.983599296875 0.494599146875 0.9031986515625 0.42579871718750006 0.9169879625 0.441913 0.997388609375
5 0.569949596875 0.897097059375 0.6423802671875001 0.8825801578125001 0.6329281140624999 0.8354195609374999 0.5604974453125 0.8499364640625 0.569949596875 0.897097059375