2 0.295465528125 0.9111995171875 0.3524858515625 0.8163224781249999 0.3348409671875 0.8048064125 0.28452383281250004 0.893625115625 0.244487934375 0.8232789468749999 0.2322721515625 0.8443048640624999 0.3255725203125 0.9963887671875 0.3419997359375 0.9794290218749999 0.295465528125 0.9111995171875
0 0.169122615625 0.815192871875 0.1268835609375 0.8174011359375 0.127648134375 0.861096815625 0.171451871875 0.85880675 0.170769203125 0.8197919265625 0.1691772265625 0.8183138953125001 0.169122615625 0.815192871875
3 0 0.527570903125 0.0012641296875 0.5287450828125 0.001318740625 0.5318661046875001 0.0029092609375000003 0.5333455687499999 0.048277681249999996 0.5309737015625 0.049815046875000005 0.5293307109375001 0.0513797328125 0.529248909375 0.0502601546875 0.46526454375000004 0 0.46789215312500004 0 0.527570903125
0 0.0702567484375 0.8922148640625001 0.109366434375 0.8901702046875 0.1087929875 0.8573974265625001 0.0696833015625 0.8594420875000001 0.0702567484375 0.8922148640625001
3 0.3387423796875 0.754777740625 0.3396435140625 0.8062780125 0.3818825703125 0.8040697484375 0.3864932125 0.79914220625 0.3856740046875 0.7523241484375001 0.3387423796875 0.754777740625
4 0 0.8448709703124999 0.0005213796875000001 0.8443132578125001 0.0020860625000000002 0.84423145625 0.0036780640625 0.8457108421875 0.0224513046875 0.844729375 0.0240432828125 0.8462074078124999 0.06315296875000001 0.8441627468749999 0.062716059375 0.8191932046874999 0.061124084375 0.8177151734375 0.06109676562500001 0.8161539843750001 0.059504767187499995 0.8146745953125001 0.059368251562499995 0.8068727156250001 0.060905617187500004 0.8052297234375001 0.060878299999999996 0.803668534375 0.0624156890625 0.8020269000000001 0.061951464062499996 0.7754961687499999 0 0.7787350015625 0 0.8448709703124999
4 0.2407284484375 0.3212988265625 0.23968650781249998 0.261751384375 0.159041725 0.26596750468749997 0.1600836671875 0.3255149484375 0.2407284484375 0.3212988265625
4 0.2528459828125 0.5333074328125 0.2516572578125 0.46537130781249997 0.1783774296875 0.4692023890625 0.17956615468749998 0.5371385125 0.2528459828125 0.5333074328125
4 0.6257488828125 0.8266271218749999 0.6242066015625001 0.7384849796874999 0.5204021421875 0.7439118921875 0.5219444234374999 0.832054034375 0.6257488828125 0.8266271218749999
4 0.64405510625 0.9824472546875 0.6426873515625 0.9042793765624999 0.5433639765625 0.9094720171875 0.5447317328125 0.9876398953125 0.64405510625 0.9824472546875
4 0.09529795937499999 1 0.103164740625 0.9995887234374999 0.10197815156250001 0.9317745687500001 0.0089992890625 0.93663551875 0.01010801875 1 0.09529795937499999 1
0 0.1813962546875 1 0.17916645625 0.8725660078124999 0.1360415390625 0.874820584375 0.1382318859375 1 0.1813962546875 1
0 0.33291553125 0.7571997703125 0.33052859687499997 0.6207854390625 0.28944456875 0.62293331875 0.291831503125 0.7593476484374999 0.33291553125 0.7571997703125
2 0.183912528125 0.7680240234375 0.1960804359375 0.752298859375 0.049066609375 0.5269947140625 0.036522340625 0.543459825 0.183912528125 0.7680240234375
1 0 0.35886261875000003 0.0542154625 0.4418341734375 0.066781009375 0.41245736875 0 0.315512440625 0 0.35886261875000003
1 0.248378096875 0.7452824515625001 0.2658565625 0.7153096890625 0.0669998078125 0.41760175312500003 0.0519021484375 0.446505965625 0.248378096875 0.7452824515625001
1 0.330457815625 0.8269651093749999 0.3323239453125 0.8267685281249999 0.26851619531250004 0.7226473328125 0.251356553125 0.748253328125 0.31702563906250003 0.8496199499999999 0.330457815625 0.8269651093749999
1 0.3985837578125 0.941676790625 0.34841199375 0.8662245234375 0.455922865625 0.7981018546875001 0.45309798125 0.7451124109375 0.416486746875 0.7517970484375 0.4176705640625 0.8044789187499999 0.343469059375 0.8482700375000001 0.3323623890625 0.8399633109375 0.3200537609375 0.85695189375 0.388077175 0.9625048359375 0.3985837578125 0.941676790625
1 0.4204892828125 0.8868098109375 0.4232854 0.9412006046875 0.455041253125 0.936031296875 0.45245839375 0.8797004984375001 0.40434755468750005 0.8546067875000001 0.41204888281249996 0.8445978625 0.40283597968749996 0.830398778125 0.32060608125 0.9660932734375001 0.332024759375 0.9828410859375 0.395607771875 0.8697308765624999 0.4204892828125 0.8868098109375
3 0.2387397015625 0.832393603125 0.23757137031250003 0.76562295 0.1891223890625 0.76815586875 0.19029071875 0.8349265234375001 0.2387397015625 0.832393603125
1 0.22587685781250003 0.936060465625 0.22487925937500003 0.87904724375 0.18700445937500002 0.8810273453124999 0.18800205781249998 0.9380405640625 0.22587685781250003 0.936060465625
5 0.391777053125 0.7326093640625 0.3851905765625 0.35618929062500004 0.3504510578125 0.35800547968749996 0.35703753437499997 0.73442555 0.391777053125 0.7326093640625
5 0.5612303187500001 0.7258731468749999 0.556296390625 0.44389689218750006 0.401632328125 0.4519827546875 0.40656625625 0.7339590078125 0.5612303187500001 0.7258731468749999
1 0.02062008125 0.5662261671875 0.0219241265625 0.5669840640625 0.14172550625 0.7459655921875 0.167676628125 0.731200465625 0.046549921875 0.54779163125 0.02062008125 0.5662261671875