4 0.42656216562499993 0.8390625 0.42656216562499993 0.878125 0.46718764375 0.878125 0.46718764375 0.8390625 0.42656216562499993 0.8390625
0 0.38750038125 0.6828125 0.38750038125 0.7046875 0.4031250953125 0.7046875 0.4031250953125 0.6828125 0.38750038125 0.6828125
4 0.6656247140625 0.7796875 0.7109374515625 0.7796875 0.71250038125 0.778125 0.7140625484374999 0.778125 0.7156247140625001 0.7765625 0.7156247140625001 0.7328125 0.6656247140625 0.7328125 0.6656247140625 0.7796875
4 0.323437834375 0.90625 0.3296872609375 0.90625 0.331250190625 0.9046875 0.3609374515625 0.9046875 0.36249961875 0.903125 0.36249961875 0.8703125 0.323437834375 0.8703125 0.323437834375 0.90625
4 0.7390625484375 0.80625 0.74218764375 0.80625 0.7453127390625001 0.809375 0.7906247140625 0.809375 0.79218764375 0.8078125 0.79218764375 0.7546875 0.7390625484375 0.7546875 0.7390625484375 0.80625
5 0.3781250953125 0.515625 0.3781250953125 0.5109375 0.376562165625 0.509375 0.3796872609375 0.50625 0.38750038125 0.50625 0.3890625484375 0.5046875 0.3906247140625 0.50625 0.39531273906250003 0.50625 0.39687490468750003 0.5078125 0.398437834375 0.5078125 0.4 0.509375 0.40156216562499997 0.509375 0.4031250953125 0.5109375 0.40468726093749996 0.5109375 0.40781235625 0.5140625 0.40781235625 0.515625 0.5093752859375 0.515625 0.5093752859375 0.41875 0.3609374515625 0.41875 0.3609374515625 0.5046875 0.36249961875 0.50625 0.3656247140625 0.50625 0.36718764375 0.5078125 0.36718764375 0.509375 0.36249961875 0.5140625 0.36249961875 0.515625 0.3781250953125 0.515625
5 0.8234378343750001 0.8625 0.8234378343750001 0.940625 0.98750038125 0.940625 0.98750038125 0.8625 0.8234378343750001 0.8625
4 0.2453127390625 0.8296875 0.2953127390625 0.8296875 0.2968749046875 0.828125 0.2968749046875 0.8265625 0.298437834375 0.825 0.298437834375 0.7859375 0.2453127390625 0.7859375 0.2453127390625 0.8296875
5 0.0796872609375 0.2609375 0.0796872609375 0.3328125 0.23125019062500002 0.3328125 0.23125019062500002 0.2609375 0.0796872609375 0.2609375
4 0.5515621656249999 0.6890625 0.5515621656249999 0.7296875 0.5796872609375 0.7296875 0.5812501906249999 0.73125 0.58750038125 0.73125 0.5890625484374999 0.7296875 0.59218764375 0.7296875 0.59218764375 0.6890625 0.5515621656249999 0.6890625
5 0.5687498093750001 0.196875 0.5687498093750001 0.2734375 0.7640625484375 0.2734375 0.7640625484375 0.196875 0.5687498093750001 0.196875
1 0.475 0.05625 0.4718749046875 0.059375 0.47031273906250004 0.059375 0.46718764375 0.0625 0.46406254843749994 0.0625 0.45781235625 0.06875 0.45625019062499994 0.06875 0.4546872609375 0.0703125 0.4531250953125 0.0703125 0.44843783437500007 0.075 0.44687490468749996 0.075 0.4453127390625 0.0765625 0.443749809375 0.0765625 0.4390625484375 0.08125 0.4359374515625 0.08125 0.43437528593749997 0.0828125 0.43281235625000003 0.0828125 0.4296872609375 0.0859375 0.42812509531250004 0.0859375 0.42656216562499993 0.0875 0.4218749046875 0.0875 0.4203127390625 0.0890625 0.41718764375 0.0890625 0.41406254843749996 0.0921875 0.41250038125 0.0921875 0.41093745156250006 0.09375 0.4093752859375 0.09375 0.40781235625 0.0953125 0.40625019062499995 0.0953125 0.40156216562499997 0.1 0.4 0.1 0.398437834375 0.1015625 0.39687490468750003 0.1015625 0.393749809375 0.1046875 0.39218764375 0.1046875 0.3906247140625 0.10625 0.38750038125 0.10625 0.3843752859375 0.109375 0.38281235625 0.109375 0.381250190625 0.1109375 0.3781250953125 0.1109375 0.376562165625 0.1125 0.373437834375 0.1125 0.3718749046875 0.1140625 0.3703127390625 0.1140625 0.36718764375 0.1171875 0.3656247140625 0.1171875 0.36249961875 0.1203125 0.3609374515625 0.1203125 0.356250190625 0.125 0.35468726093749997 0.125 0.35 0.1296875 0.348437834375 0.1296875 0.34531273906250004 0.1328125 0.343749809375 0.1328125 0.3406247140625 0.1359375 0.3390625484375 0.1359375 0.33750038125000004 0.1375 0.3343752859375 0.1375 0.3281250953125 0.14375 0.326562165625 0.14375 0.325 0.1453125 0.323437834375 0.1453125 0.3203127390625 0.1484375 0.31874980937499997 0.1484375 0.31718764374999997 0.15 0.31562471406250003 0.15 0.31406254843750003 0.1515625 0.31406254843750003 0.153125 0.30937528593749997 0.1578125 0.30781235625000003 0.1578125 0.3031250953125 0.1625 0.3 0.1625 0.298437834375 0.1640625 0.2968749046875 0.1640625 0.293749809375 0.1671875 0.29218764375 0.1671875 0.2906247140625 0.16875 0.28749961874999996 0.16875 0.2859374515625 0.1703125 0.28281235625 0.1703125 0.276562165625 0.1765625 0.275 0.1765625 0.27187490468750003 0.1796875 0.27031273906250003 0.1796875 0.268749809375 0.18125 0.2656247140625 0.18125 0.2640625484375 0.1828125 0.26250038125 0.1828125 0.2593752859375 0.1859375 0.25781235625 0.1859375 0.256250190625 0.1875 0.2546872609375 0.1875 0.2531250953125 0.1890625 0.251562165625 0.1890625 0.2468749046875 0.19375 0.2453127390625 0.19375 0.243749809375 0.1953125 0.243749809375 0.2015625 0.24218764375 0.203125 0.243749809375 0.2046875 0.243749809375 0.2078125 0.2453127390625 0.209375 0.2468749046875 0.209375 0.248437834375 0.2078125 0.251562165625 0.2078125 0.2531250953125 0.20625 0.256250190625 0.20625 0.25781235625 0.2046875 0.2609374515625 0.2046875 0.26250038125 0.203125 0.2656247140625 0.203125 0.268749809375 0.2 0.27031273906250003 0.2 0.27812509531249996 0.1921875 0.27968726093749996 0.1921875 0.281250190625 0.190625 0.28281235625 0.190625 0.28749961874999996 0.1859375 0.2906247140625 0.1859375 0.2968749046875 0.1796875 0.3 0.1796875 0.3031250953125 0.1765625 0.3046872609375 0.1765625 0.30625019062500003 0.175 0.30781235625000003 0.175 0.30937528593749997 0.1734375 0.31093745156249997 0.1734375 0.31250038125 0.171875 0.31406254843750003 0.171875 0.31718764374999997 0.16875 0.31874980937499997 0.16875 0.3203127390625 0.1671875 0.323437834375 0.1671875 0.325 0.165625 0.326562165625 0.165625 0.3296872609375 0.1625 0.331250190625 0.1625 0.33281235625 0.1609375 0.3343752859375 0.1609375 0.3390625484375 0.15625 0.3406247140625 0.15625 0.34218764375 0.1546875 0.34531273906250004 0.1546875 0.35 0.15 0.351562165625 0.15 0.35468726093749997 0.146875 0.356250190625 0.146875 0.356250190625 0.1453125 0.35781235625 0.14375 0.3593752859375 0.14375 0.3609374515625 0.1421875 0.3640625484375 0.1421875 0.36718764375 0.1390625 0.368749809375 0.1390625 0.3718749046875 0.1359375 0.375 0.1359375 0.376562165625 0.134375 0.3781250953125 0.134375 0.381250190625 0.13125 0.38281235625 0.13125 0.3843752859375 0.1296875 0.38750038125 0.1296875 0.3890625484375 0.128125 0.3906247140625 0.128125 0.39531273906250003 0.1234375 0.39687490468750003 0.1234375 0.40781235625 0.1125 0.4093752859375 0.1125 0.41093745156250006 0.1109375 0.41250038125 0.1109375 0.41406254843749996 0.109375 0.4156247140625 0.109375 0.4203127390625 0.1046875 0.42343783437500004 0.1046875 0.425 0.103125 0.42812509531250004 0.103125 0.42812509531250004 0.1015625 0.4296872609375 0.1 0.431250190625 0.1 0.43437528593749997 0.096875 0.4359374515625 0.096875 0.4390625484375 0.09375 0.44062471406250003 0.09375 0.44218764374999997 0.0921875 0.4453127390625 0.0921875 0.44687490468749996 0.090625 0.44843783437500007 0.090625 0.45156216562499996 0.0875 0.4531250953125 0.0875 0.4546872609375 0.0859375 0.45625019062499994 0.0859375 0.45781235625 0.084375 0.4593752859375 0.084375 0.46406254843749994 0.0796875 0.46718764375 0.0796875 0.46874980937500005 0.078125 0.47031273906250004 0.078125 0.47343783437500003 0.075 0.475 0.075 0.476562165625 0.0734375 0.4781250953125 0.0734375 0.4843752859375 0.0671875 0.48750038125 0.0671875 0.48906254843749997 0.065625 0.4906247140625 0.065625 0.49218764375 0.0640625 0.493749809375 0.0640625 0.4953127390625 0.0625 0.49843783437500006 0.0625 0.5 0.0609375 0.501562165625 0.0609375 0.50781235625 0.0546875 0.5093752859375 0.0546875 0.5140625484375 0.05 0.5156247140625 0.05 0.5156247140625 0.046875 0.49218764375 0.046875 0.4906247140625 0.0484375 0.48906254843749997 0.0484375 0.48750038125 0.05 0.4843752859375 0.05 0.48281235625 0.0515625 0.48125019062499996 0.0515625 0.476562165625 0.05625 0.475 0.05625
0 0.226562165625 0.5453125 0.226562165625 0.528125 0.21250038125 0.528125 0.21250038125 0.546875 0.225 0.546875 0.226562165625 0.5453125
0 0.5124996187499999 0.7921875 0.49843783437500006 0.7921875 0.49843783437500006 0.8125 0.50781235625 0.8125 0.5093752859375 0.8109375 0.5124996187499999 0.8109375 0.5140625484375 0.809375 0.5140625484375 0.8 0.5124996187499999 0.7984375 0.5124996187499999 0.7921875
1 0.5390625484375 0.7390625 0.5406247140625 0.7390625 0.54218764375 0.740625 0.5437498093750001 0.740625 0.5453127390625 0.7421875 0.5468749046875 0.7421875 0.55 0.7453125 0.55 0.746875 0.5515621656249999 0.746875 0.5531250953125 0.7484375 0.5593752859375 0.7484375 0.5640625484374999 0.753125 0.5656247140625 0.753125 0.56718764375 0.7546875 0.5703127390625 0.7546875 0.576562165625 0.7609375 0.5781250953125 0.7609375 0.5812501906249999 0.7640625 0.5812501906249999 0.765625 0.58281235625 0.765625 0.5843752859375 0.7671875 0.5906247140625001 0.7671875 0.59218764375 0.76875 0.593749809375 0.76875 0.5968749046874999 0.771875 0.5984378343750001 0.771875 0.6 0.7734375 0.60781235625 0.7734375 0.6140625484375 0.7796875 0.61718764375 0.7796875 0.618749809375 0.78125 0.6203127390625001 0.78125 0.623437834375 0.784375 0.625 0.784375 0.626562165625 0.7859375 0.6281250953125 0.7859375 0.6296872609374999 0.7875 0.631250190625 0.7875 0.6359374515625 0.7921875 0.6374996187499999 0.7921875 0.6390625484375 0.79375 0.6531250953125001 0.79375 0.65781235625 0.7984375 0.6593752859374999 0.7984375 0.6609374515625001 0.8 0.66249961875 0.8 0.66718764375 0.8046875 0.68281235625 0.8046875 0.68281235625 0.79375 0.6812501906249999 0.79375 0.6796872609375 0.7921875 0.6765621656249999 0.7921875 0.673437834375 0.7890625 0.6718749046875 0.7890625 0.6703127390625 0.7875 0.6687498093750001 0.7875 0.66718764375 0.7859375 0.6656247140625 0.7859375 0.66249961875 0.7828125 0.6609374515625001 0.7828125 0.6593752859374999 0.78125 0.6515621656249999 0.78125 0.6468749046875 0.7765625 0.643749809375 0.7765625 0.64218764375 0.775 0.6390625484375 0.775 0.6374996187499999 0.7734375 0.6359374515625 0.7734375 0.6343752859375 0.771875 0.63281235625 0.771875 0.6296872609374999 0.76875 0.626562165625 0.76875 0.6218749046875 0.7640625 0.618749809375 0.7640625 0.61718764375 0.7625 0.6140625484375 0.7625 0.6093752859375 0.7578125 0.60781235625 0.7578125 0.601562165625 0.7515625 0.6 0.7515625 0.5984378343750001 0.75 0.59218764375 0.75 0.5906247140625001 0.7484375 0.5890625484374999 0.7484375 0.5859374515625 0.7453125 0.5843752859375 0.7453125 0.58281235625 0.74375 0.576562165625 0.74375 0.5718749046875 0.7390625 0.5703127390625 0.7390625 0.5687498093750001 0.7375 0.56250038125 0.7375 0.5609374515625001 0.7359375 0.55781235625 0.7359375 0.5546872609375 0.7328125 0.5531250953125 0.7328125 0.5515621656249999 0.73125 0.548437834375 0.73125 0.5453127390625 0.728125 0.5437498093750001 0.728125 0.5406247140625 0.725 0.5359374515625001 0.725 0.5343752859374999 0.7234375 0.53281235625 0.7234375 0.5296872609375 0.7203125 0.5281250953125001 0.7203125 0.5265621656249999 0.71875 0.523437834375 0.71875 0.5218749046875 0.7171875 0.5140625484375 0.7171875 0.5140625484375 0.7265625 0.51718764375 0.7296875 0.518749809375 0.7296875 0.525 0.7359375 0.5343752859374999 0.7359375 0.5359374515625001 0.7375 0.53750038125 0.7375 0.5390625484375 0.7390625
4 0.46250038125000004 0.66875 0.47968726093749997 0.66875 0.48125019062499996 0.6671875 0.49687490468749995 0.6671875 0.49843783437500006 0.665625 0.49843783437500006 0.640625 0.46250038125000004 0.640625 0.46250038125000004 0.66875
0 0.23437528593749998 0.8328125 0.23437528593749998 0.8515625 0.248437834375 0.8515625 0.248437834375 0.8328125 0.23437528593749998 0.8328125
0 0.5640625484374999 0.8671875 0.5640625484374999 0.8515625 0.55 0.8515625 0.55 0.86875 0.56250038125 0.86875 0.5640625484374999 0.8671875
0 0.5296872609375 0.01875 0.5296872609375 0.0484375 0.54218764375 0.0484375 0.54218764375 0.01875 0.5296872609375 0.01875
4 0.5265621656249999 0.0265625 0.5265621656249999 0.0015625 0.48750038125 0.0015625 0.48750038125 0.025 0.4906247140625 0.025 0.49218764375 0.0265625 0.5046872609374999 0.0265625 0.506250190625 0.025 0.5093752859375 0.025 0.5109374515625 0.0265625 0.5265621656249999 0.0265625
5 0.3781250953125 0.7203125 0.3781250953125 0.7390625 0.4296872609375 0.7390625 0.431250190625 0.7375 0.4593752859375 0.7375 0.46093745156250004 0.7359375 0.46406254843749994 0.7359375 0.46406254843749994 0.7203125 0.3781250953125 0.7203125
4 0.3781250953125 0.3875 0.40781235625 0.3875 0.41093745156250006 0.384375 0.41093745156250006 0.35625 0.3796872609375 0.35625 0.3781250953125 0.3578125 0.3781250953125 0.3875
1 0.373437834375 0.590625 0.375 0.5921875 0.376562165625 0.5921875 0.38281235625 0.5984375 0.3859374515625 0.5984375 0.38750038125 0.6 0.3906247140625 0.6 0.39531273906250003 0.6046875 0.4 0.6046875 0.40156216562499997 0.60625 0.4031250953125 0.60625 0.40781235625 0.6109375 0.4093752859375 0.6109375 0.41093745156250006 0.6125 0.41250038125 0.6125 0.4156247140625 0.615625 0.41718764375 0.615625 0.41874980937500006 0.6171875 0.4218749046875 0.6171875 0.42812509531250004 0.6234375 0.43437528593749997 0.6234375 0.4359374515625 0.625 0.43750038125 0.625 0.4390625484375 0.6265625 0.44062471406250003 0.6265625 0.44218764374999997 0.628125 0.443749809375 0.628125 0.4453127390625 0.6296875 0.4531250953125 0.6296875 0.45781235625 0.634375 0.4593752859375 0.634375 0.46093745156250004 0.6359375 0.46874980937500005 0.6359375 0.47031273906250004 0.6375 0.47343783437500003 0.6375 0.476562165625 0.640625 0.48125019062499996 0.640625 0.48281235625 0.6421875 0.493749809375 0.6421875 0.4953127390625 0.64375 0.501562165625 0.64375 0.5046872609374999 0.646875 0.5046872609374999 0.6484375 0.506250190625 0.65 0.5109374515625 0.65 0.5109374515625 0.6421875 0.5093752859375 0.6421875 0.50781235625 0.640625 0.5046872609374999 0.640625 0.5031250953125 0.6390625 0.501562165625 0.6390625 0.49843783437500006 0.6359375 0.49687490468749995 0.6359375 0.4953127390625 0.634375 0.493749809375 0.634375 0.49218764375 0.6328125 0.48750038125 0.6328125 0.4859374515625 0.63125 0.4843752859375 0.63125 0.4781250953125 0.625 0.475 0.625 0.47343783437500003 0.6234375 0.4718749046875 0.6234375 0.46874980937500005 0.6203125 0.46718764375 0.6203125 0.4656247140625 0.61875 0.46250038125000004 0.61875 0.46093745156250004 0.6171875 0.4593752859375 0.6171875 0.45625019062499994 0.6140625 0.4546872609375 0.6140625 0.4531250953125 0.6125 0.45 0.6125 0.44843783437500007 0.6109375 0.44687490468749996 0.6109375 0.443749809375 0.6078125 0.44218764374999997 0.6078125 0.44062471406250003 0.60625 0.43750038125 0.60625 0.4359374515625 0.6046875 0.43281235625000003 0.6046875 0.431250190625 0.603125 0.431250190625 0.6015625 0.4296872609375 0.6015625 0.42812509531250004 0.6 0.425 0.6 0.42343783437500004 0.5984375 0.4218749046875 0.5984375 0.41874980937500006 0.5953125 0.41718764375 0.5953125 0.4156247140625 0.59375 0.40781235625 0.59375 0.4031250953125 0.5890625 0.40156216562499997 0.5890625 0.4 0.5875 0.39531273906250003 0.5875 0.393749809375 0.5859375 0.39218764375 0.5859375 0.3890625484375 0.5828125 0.3843752859375 0.5828125 0.38281235625 0.58125 0.3796872609375 0.58125 0.3781250953125 0.5796875 0.375 0.5796875 0.3718749046875 0.5765625 0.36718764375 0.5765625 0.3656247140625 0.578125 0.3640625484375 0.578125 0.36249961875 0.5796875 0.36249961875 0.5828125 0.3640625484375 0.584375 0.3656247140625 0.584375 0.3718749046875 0.590625 0.373437834375 0.590625
5 0.3 0.3484375 0.2156247140625 0.3484375 0.2156247140625 0.3765625 0.298437834375 0.3765625 0.3 0.375 0.3 0.36875 0.301562165625 0.3671875 0.301562165625 0.3546875 0.3 0.353125 0.3 0.3484375
5 0.057812356249999995 0.9109375 0.057812356249999995 0.9453125 0.34687490468750004 0.9453125 0.34687490468750004 0.9109375 0.057812356249999995 0.9109375
5 0.5984378343750001 0.05 0.6 0.0484375 0.6031250953125 0.0484375 0.6031250953125 0.0328125 0.55781235625 0.0328125 0.55781235625 0.05 0.5984378343750001 0.05
5 0.5515621656249999 0.9 0.5953127390625 0.9 0.5968749046874999 0.8984375 0.5984378343750001 0.9 0.625 0.9 0.625 0.8796875 0.5515621656249999 0.8796875 0.5515621656249999 0.9
5 0.156250190625 0.628125 0.156250190625 0.6484375 0.28281235625 0.6484375 0.28281235625 0.628125 0.156250190625 0.628125
5 0.2640625484375 0.4734375 0.2640625484375 0.471875 0.2656247140625 0.4703125 0.2656247140625 0.453125 0.0640625484375 0.453125 0.0640625484375 0.4734375 0.2640625484375 0.4734375
1 0.49218764375 0.7609375 0.4906247140625 0.7609375 0.48906254843749997 0.7625 0.48750038125 0.7625 0.4859374515625 0.7640625 0.4843752859375 0.7640625 0.47968726093749997 0.76875 0.4781250953125 0.76875 0.476562165625 0.7703125 0.47343783437500003 0.7703125 0.4718749046875 0.771875 0.47031273906250004 0.771875 0.46718764375 0.775 0.46406254843749994 0.775 0.46250038125000004 0.7765625 0.46093745156250004 0.7765625 0.45781235625 0.7796875 0.4453127390625 0.7796875 0.4453127390625 0.78125 0.4390625484375 0.7875 0.43750038125 0.7875 0.4359374515625 0.7890625 0.43437528593749997 0.7890625 0.431250190625 0.7921875 0.4296872609375 0.7921875 0.42812509531250004 0.79375 0.425 0.79375 0.42343783437500004 0.7953125 0.4203127390625 0.7953125 0.41718764375 0.7984375 0.4156247140625 0.7984375 0.4093752859375 0.8046875 0.40625019062499995 0.8046875 0.40468726093749996 0.80625 0.4 0.80625 0.398437834375 0.8078125 0.39687490468750003 0.8078125 0.39531273906250003 0.809375 0.393749809375 0.809375 0.39218764375 0.8109375 0.3906247140625 0.8109375 0.3890625484375 0.8125 0.38750038125 0.8125 0.3859374515625 0.8140625 0.3843752859375 0.8140625 0.38281235625 0.815625 0.381250190625 0.815625 0.376562165625 0.8203125 0.3718749046875 0.8203125 0.3703127390625 0.821875 0.368749809375 0.821875 0.36718764375 0.8234375 0.3656247140625 0.8234375 0.3640625484375 0.825 0.3609374515625 0.825 0.3593752859375 0.8265625 0.35781235625 0.8265625 0.35468726093749997 0.8296875 0.35312509531249997 0.8296875 0.351562165625 0.83125 0.35 0.83125 0.34687490468750004 0.834375 0.343749809375 0.834375 0.34218764375 0.8359375 0.34218764375 0.8484375 0.343749809375 0.85 0.34531273906250004 0.85 0.34687490468750004 0.8515625 0.348437834375 0.8515625 0.35 0.853125 0.35781235625 0.853125 0.36249961875 0.8484375 0.3640625484375 0.8484375 0.3656247140625 0.846875 0.36718764375 0.846875 0.368749809375 0.8453125 0.3703127390625 0.8453125 0.3718749046875 0.84375 0.373437834375 0.84375 0.375 0.8421875 0.3781250953125 0.8421875 0.38281235625 0.8375 0.3843752859375 0.8375 0.3859374515625 0.8359375 0.3890625484375 0.8359375 0.3906247140625 0.834375 0.39218764375 0.834375 0.39218764375 0.8328125 0.39531273906250003 0.8296875 0.39687490468750003 0.8296875 0.4031250953125 0.8234375 0.41093745156250006 0.8234375 0.41250038125 0.821875 0.41874980937500006 0.821875 0.4203127390625 0.8203125 0.42812509531250004 0.8203125 0.4296872609375 0.81875 0.43437528593749997 0.81875 0.4453127390625 0.8078125 0.4453127390625 0.80625 0.44687490468749996 0.8046875 0.44687490468749996 0.803125 0.45156216562499996 0.7984375 0.4531250953125 0.7984375 0.45781235625 0.79375 0.4593752859375 0.79375 0.46718764375 0.7859375 0.47031273906250004 0.7859375 0.4781250953125 0.778125 0.47968726093749997 0.778125 0.4843752859375 0.7734375 0.4859374515625 0.7734375 0.48750038125 0.771875 0.48906254843749997 0.771875 0.49218764375 0.76875 0.49218764375 0.7671875 0.493749809375 0.765625 0.4953127390625 0.765625 0.49843783437500006 0.7625 0.5 0.7625 0.501562165625 0.7609375 0.5156247140625 0.7609375 0.5156247140625 0.75 0.5 0.75 0.49843783437500006 0.7515625 0.49687490468749995 0.7515625 0.49687490468749995 0.753125 0.4953127390625 0.7546875 0.4953127390625 0.75625 0.493749809375 0.7578125 0.493749809375 0.759375 0.49218764375 0.7609375
3 0.31406254843750003 0.7859375 0.31406254843750003 0.8359375 0.356250190625 0.8359375 0.356250190625 0.7859375 0.31406254843750003 0.7859375
0 0.057812356249999995 0.9 0.057812356249999995 0.9171875 0.0781250953125 0.9171875 0.0781250953125 0.9 0.057812356249999995 0.9
0 0.5156247140625 0.3328125 0.5156247140625 0.353125 0.5343752859374999 0.353125 0.5343752859374999 0.3328125 0.5156247140625 0.3328125
5 0.28749961874999996 0.575 0.2906247140625 0.571875 0.2906247140625 0.5453125 0.2140625484375 0.5453125 0.2140625484375 0.5765625 0.23281235625000002 0.5765625 0.23437528593749998 0.575 0.2531250953125 0.575 0.2546872609375 0.5765625 0.2843752859375 0.5765625 0.2859374515625 0.575 0.28749961874999996 0.575
0 0.56718764375 0.646875 0.56718764375 0.628125 0.5531250953125 0.628125 0.5531250953125 0.6484375 0.5656247140625 0.6484375 0.56718764375 0.646875
0 0.5031250953125 0.6078125 0.5031250953125 0.60625 0.5046872609374999 0.6046875 0.5046872609374999 0.603125 0.506250190625 0.6015625 0.506250190625 0.6 0.50781235625 0.5984375 0.50781235625 0.5921875 0.506250190625 0.590625 0.506250190625 0.5890625 0.5046872609374999 0.5890625 0.5031250953125 0.5875 0.493749809375 0.5875 0.49218764375 0.5890625 0.48906254843749997 0.5890625 0.48906254843749997 0.6046875 0.4906247140625 0.6046875 0.49218764375 0.60625 0.493749809375 0.60625 0.4953127390625 0.6078125 0.5031250953125 0.6078125
1 0.3390625484375 0.565625 0.3390625484375 0.5640625 0.33750038125000004 0.5625 0.33750038125000004 0.5484375 0.3296872609375 0.5484375 0.3296872609375 0.5515625 0.3281250953125 0.553125 0.326562165625 0.553125 0.326562165625 0.665625 0.33750038125000004 0.665625 0.3406247140625 0.66875 0.3406247140625 0.5671875 0.3390625484375 0.565625
5 0.23593745156249998 0.865625 0.23593745156249998 0.8828125 0.27812509531249996 0.8828125 0.27968726093749996 0.88125 0.3031250953125 0.88125 0.3046872609375 0.8796875 0.30781235625000003 0.8796875 0.30781235625000003 0.865625 0.23593745156249998 0.865625
5 0.16562471406249998 0.4890625 0.16562471406249998 0.5203125 0.243749809375 0.5203125 0.243749809375 0.4890625 0.16562471406249998 0.4890625
1 0.6953127390625 0.809375 0.6968749046875 0.8109375 0.6984378343750001 0.8109375 0.7 0.8125 0.701562165625 0.8125 0.7031250953125 0.8140625 0.7046872609375 0.8140625 0.7062501906249999 0.815625 0.70781235625 0.815625 0.7093752859375 0.8171875 0.7218749046874999 0.8171875 0.725 0.8203125 0.726562165625 0.8203125 0.7281250953125 0.821875 0.7296872609375 0.821875 0.731250190625 0.8234375 0.7453127390625001 0.8234375 0.7468749046875 0.825 0.75 0.825 0.7531250953125 0.828125 0.756250190625 0.828125 0.75781235625 0.8296875 0.7640625484375 0.8296875 0.7656247140625 0.83125 0.76718764375 0.83125 0.7718749046875 0.8359375 0.773437834375 0.8359375 0.775 0.8375 0.7781250953125001 0.8375 0.7796872609375 0.8390625 0.7796872609375 0.840625 0.781250190625 0.8421875 0.80781235625 0.8421875 0.80781235625 0.8359375 0.806250190625 0.834375 0.8046872609375001 0.834375 0.8031250953125 0.8328125 0.8015621656249999 0.8328125 0.8 0.83125 0.7953127390625 0.83125 0.7937498093750001 0.8296875 0.79218764375 0.8296875 0.7890625484375 0.8265625 0.7859374515625001 0.8265625 0.7843752859374999 0.825 0.7796872609375 0.825 0.7781250953125001 0.8234375 0.7765621656249999 0.8234375 0.775 0.821875 0.773437834375 0.821875 0.7718749046875 0.8203125 0.7703127390625 0.8203125 0.7640625484375 0.8140625 0.7624996187499999 0.8140625 0.7609374515625 0.8125 0.75 0.8125 0.748437834375 0.8109375 0.743749809375 0.8109375 0.7406247140625 0.8078125 0.7390625484375 0.8078125 0.7375003812500001 0.80625 0.73281235625 0.80625 0.731250190625 0.8046875 0.7296872609375 0.8046875 0.726562165625 0.8015625 0.6656247140625 0.8015625 0.66718764375 0.803125 0.6687498093750001 0.803125 0.6703127390625 0.8046875 0.68750038125 0.8046875 0.6890625484374999 0.80625 0.6906247140625 0.80625 0.6937498093750001 0.809375 0.6953127390625 0.809375
0 0.7546872609374999 0.8609375 0.768749809375 0.8609375 0.7703127390625 0.859375 0.7718749046875 0.859375 0.7718749046875 0.8421875 0.7703127390625 0.840625 0.7546872609374999 0.840625 0.7546872609374999 0.8609375
3 0.5265621656249999 0.6359375 0.5281250953125001 0.6375 0.5515621656249999 0.6375 0.5515621656249999 0.59375 0.518749809375 0.59375 0.518749809375 0.6 0.51718764375 0.6015625 0.51718764375 0.603125 0.5156247140625 0.6046875 0.5140625484375 0.6046875 0.5140625484375 0.634375 0.5156247140625 0.6359375 0.5265621656249999 0.6359375
1 0.275 0.484375 0.2859374515625 0.484375 0.2859374515625 0.46875 0.28749961874999996 0.4671875 0.28749961874999996 0.4640625 0.2890625484375 0.4625 0.2890625484375 0.4609375 0.2906247140625 0.459375 0.2906247140625 0.440625 0.28281235625 0.440625 0.281250190625 0.4421875 0.27968726093749996 0.4421875 0.27812509531249996 0.44375 0.27812509531249996 0.4453125 0.276562165625 0.446875 0.276562165625 0.4484375 0.275 0.45 0.275 0.484375
3 0.531250190625 0.11875 0.53281235625 0.1171875 0.5343752859374999 0.1171875 0.5343752859374999 0.0703125 0.49843783437500006 0.0703125 0.49843783437500006 0.11875 0.531250190625 0.11875
5 0.41250038125 0.6984375 0.41250038125 0.715625 0.46718764375 0.715625 0.46718764375 0.6984375 0.41250038125 0.6984375
4 0.593749809375 0.596875 0.6218749046875 0.596875 0.623437834375 0.5953125 0.6281250953125 0.5953125 0.631250190625 0.5921875 0.631250190625 0.5625 0.593749809375 0.5625 0.593749809375 0.596875
0 0.5796872609375 0.8171875 0.5796872609375 0.8359375 0.5968749046874999 0.8359375 0.5968749046874999 0.8171875 0.5796872609375 0.8171875
3 0.425 0.56875 0.425 0.5921875 0.42656216562499993 0.59375 0.44218764374999997 0.59375 0.443749809375 0.5921875 0.443749809375 0.590625 0.4453127390625 0.5890625 0.4453127390625 0.56875 0.425 0.56875
2 0.5 0.08125 0.49843783437500006 0.0828125 0.4953127390625 0.0828125 0.4906247140625 0.0875 0.48906254843749997 0.0875 0.48281235625 0.09375 0.47968726093749997 0.09375 0.475 0.0984375 0.47343783437500003 0.0984375 0.4718749046875 0.1 0.47031273906250004 0.1 0.4656247140625 0.1046875 0.46406254843749994 0.1046875 0.46250038125000004 0.10625 0.45781235625 0.10625 0.45156216562499996 0.1125 0.44843783437500007 0.1125 0.44687490468749996 0.1140625 0.4453127390625 0.1140625 0.44062471406250003 0.11875 0.4359374515625 0.11875 0.43437528593749997 0.1203125 0.43281235625000003 0.1203125 0.42812509531250004 0.125 0.42656216562499993 0.125 0.425 0.1265625 0.42343783437500004 0.1265625 0.4203127390625 0.1296875 0.41874980937500006 0.1296875 0.41718764375 0.13125 0.41406254843749996 0.13125 0.41250038125 0.1328125 0.41093745156250006 0.1328125 0.40781235625 0.1359375 0.40625019062499995 0.1359375 0.40468726093749996 0.1375 0.4031250953125 0.1375 0.40156216562499997 0.1390625 0.4 0.1390625 0.398437834375 0.140625 0.39687490468750003 0.140625 0.39531273906250003 0.1421875 0.393749809375 0.1421875 0.39218764375 0.14375 0.3906247140625 0.14375 0.3890625484375 0.1453125 0.38750038125 0.1453125 0.3859374515625 0.146875 0.38281235625 0.146875 0.381250190625 0.1484375 0.3796872609375 0.1484375 0.3781250953125 0.15 0.376562165625 0.15 0.375 0.1515625 0.373437834375 0.1515625 0.3718749046875 0.153125 0.3703127390625 0.153125 0.368749809375 0.1546875 0.36718764375 0.1546875 0.3656247140625 0.15625 0.3640625484375 0.15625 0.3593752859375 0.1609375 0.35781235625 0.1609375 0.356250190625 0.1625 0.35468726093749997 0.1625 0.351562165625 0.165625 0.35 0.165625 0.34687490468750004 0.16875 0.34531273906250004 0.16875 0.343749809375 0.1703125 0.34218764375 0.1703125 0.3343752859375 0.178125 0.33281235625 0.178125 0.3296872609375 0.18125 0.3281250953125 0.18125 0.323437834375 0.1859375 0.3218749046875 0.1859375 0.31874980937499997 0.1890625 0.31718764374999997 0.1890625 0.31718764374999997 0.190625 0.31562471406250003 0.1921875 0.31250038125 0.1921875 0.31093745156249997 0.19375 0.30625019062500003 0.19375 0.3046872609375 0.1953125 0.3031250953125 0.1953125 0.301562165625 0.196875 0.3 0.196875 0.298437834375 0.1984375 0.2968749046875 0.1984375 0.2953127390625 0.2 0.293749809375 0.2 0.28749961874999996 0.20625 0.2843752859375 0.20625 0.28281235625 0.2078125 0.281250190625 0.2078125 0.276562165625 0.2125 0.275 0.2125 0.27187490468750003 0.215625 0.27031273906250003 0.215625 0.2656247140625 0.2203125 0.2640625484375 0.2203125 0.25781235625 0.2265625 0.2546872609375 0.2265625 0.2531250953125 0.228125 0.251562165625 0.228125 0.251562165625 0.246875 0.2531250953125 0.246875 0.2546872609375 0.2453125 0.2546872609375 0.24375 0.2593752859375 0.2390625 0.26250038125 0.2390625 0.2640625484375 0.2375 0.2656247140625 0.2375 0.268749809375 0.234375 0.27031273906250003 0.234375 0.273437834375 0.23125 0.275 0.23125 0.276562165625 0.2296875 0.27968726093749996 0.2296875 0.281250190625 0.228125 0.2843752859375 0.228125 0.28749961874999996 0.225 0.2890625484375 0.225 0.2906247140625 0.2234375 0.293749809375 0.2234375 0.2953127390625 0.221875 0.2968749046875 0.221875 0.3 0.21875 0.301562165625 0.21875 0.3031250953125 0.2171875 0.3046872609375 0.2171875 0.30625019062500003 0.215625 0.30937528593749997 0.215625 0.31250038125 0.2125 0.31406254843750003 0.2125 0.31562471406250003 0.2109375 0.31718764374999997 0.2109375 0.3218749046875 0.20625 0.325 0.20625 0.326562165625 0.2046875 0.3296872609375 0.2046875 0.331250190625 0.203125 0.33281235625 0.203125 0.3359374515625 0.2 0.3359374515625 0.1984375 0.3390625484375 0.1953125 0.3406247140625 0.1953125 0.34218764375 0.19375 0.343749809375 0.19375 0.34531273906250004 0.1921875 0.34687490468750004 0.1921875 0.35 0.1890625 0.351562165625 0.1890625 0.35468726093749997 0.1859375 0.356250190625 0.1859375 0.3609374515625 0.18125 0.36249961875 0.18125 0.3640625484375 0.1796875 0.36718764375 0.1796875 0.368749809375 0.178125 0.3703127390625 0.178125 0.375 0.1734375 0.376562165625 0.1734375 0.3781250953125 0.171875 0.3796872609375 0.171875 0.3843752859375 0.1671875 0.38750038125 0.1671875 0.3890625484375 0.165625 0.39218764375 0.165625 0.39531273906250003 0.1625 0.39687490468750003 0.1625 0.398437834375 0.1609375 0.40156216562499997 0.1609375 0.4031250953125 0.159375 0.40468726093749996 0.159375 0.40781235625 0.15625 0.4093752859375 0.15625 0.41093745156250006 0.1546875 0.41250038125 0.1546875 0.41406254843749996 0.153125 0.4156247140625 0.153125 0.41718764375 0.1515625 0.41874980937500006 0.1515625 0.4218749046875 0.1484375 0.42343783437500004 0.1484375 0.425 0.146875 0.42656216562499993 0.146875 0.4296872609375 0.14375 0.431250190625 0.14375 0.43281235625000003 0.1421875 0.4359374515625 0.1421875 0.43750038125 0.140625 0.4390625484375 0.140625 0.44218764374999997 0.1375 0.443749809375 0.1375 0.4453127390625 0.1359375 0.44687490468749996 0.1359375 0.45 0.1328125 0.45156216562499996 0.1328125 0.4546872609375 0.1296875 0.45781235625 0.1296875 0.4593752859375 0.128125 0.46093745156250004 0.128125 0.4656247140625 0.1234375 0.46718764375 0.1234375 0.46874980937500005 0.121875 0.47031273906250004 0.121875 0.476562165625 0.115625 0.4781250953125 0.115625 0.4843752859375 0.109375 0.4859374515625 0.109375 0.48906254843749997 0.10625 0.493749809375 0.10625 0.4953127390625 0.1046875 0.49687490468749995 0.1046875 0.49843783437500006 0.103125 0.5 0.103125 0.50781235625 0.0953125 0.5093752859375 0.0953125 0.5109374515625 0.09375 0.51718764375 0.09375 0.5203127390625 0.096875 0.5203127390625 0.0984375 0.5218749046875 0.1 0.5218749046875 0.103125 0.5203127390625 0.1046875 0.5203127390625 0.10625 0.518749809375 0.1078125 0.518749809375 0.11875 0.5203127390625 0.1203125 0.5203127390625 0.1359375 0.5218749046875 0.1375 0.5218749046875 0.1484375 0.5203127390625 0.15 0.5203127390625 0.16875 0.5218749046875 0.1703125 0.5218749046875 0.178125 0.523437834375 0.1796875 0.523437834375 0.18125 0.525 0.1828125 0.525 0.1859375 0.5265621656249999 0.1875 0.5265621656249999 0.203125 0.525 0.2046875 0.525 0.21875 0.523437834375 0.2203125 0.523437834375 0.2234375 0.525 0.225 0.525 0.2265625 0.523437834375 0.228125 0.523437834375 0.234375 0.5218749046875 0.2359375 0.5218749046875 0.2375 0.5203127390625 0.2390625 0.5203127390625 0.2421875 0.518749809375 0.24375 0.518749809375 0.246875 0.5343752859374999 0.246875 0.5343752859374999 0.228125 0.53281235625 0.2265625 0.53281235625 0.2171875 0.531250190625 0.215625 0.53281235625 0.2140625 0.53281235625 0.20625 0.531250190625 0.2046875 0.531250190625 0.203125 0.5296872609375 0.2015625 0.5296872609375 0.1953125 0.5281250953125001 0.19375 0.5281250953125001 0.1421875 0.5265621656249999 0.140625 0.5265621656249999 0.1390625 0.5281250953125001 0.1375 0.5281250953125001 0.1234375 0.5296872609375 0.121875 0.5296872609375 0.10625 0.5281250953125001 0.1046875 0.5281250953125001 0.1015625 0.5265621656249999 0.1 0.5265621656249999 0.0984375 0.525 0.0984375 0.523437834375 0.096875 0.523437834375 0.090625 0.525 0.0890625 0.525 0.084375 0.5265621656249999 0.0828125 0.5265621656249999 0.08125 0.5281250953125001 0.0796875 0.5281250953125001 0.0765625 0.5296872609375 0.075 0.5296872609375 0.0734375 0.531250190625 0.071875 0.531250190625 0.0703125 0.5343752859374999 0.0671875 0.5343752859374999 0.065625 0.5124996187499999 0.065625 0.5140625484375 0.0671875 0.5140625484375 0.06875 0.5156247140625 0.0703125 0.5156247140625 0.071875 0.50781235625 0.0796875 0.506250190625 0.0796875 0.5046872609374999 0.08125 0.5 0.08125
5 0.44218764374999997 0.171875 0.44218764374999997 0.1703125 0.443749809375 0.16875 0.443749809375 0.153125 0.4093752859375 0.153125 0.4093752859375 0.171875 0.44218764374999997 0.171875
2 0.5156247140625 0.7671875 0.51718764375 0.7671875 0.5203127390625 0.7703125 0.5218749046875 0.7703125 0.525 0.7734375 0.5281250953125001 0.7734375 0.53281235625 0.778125 0.5359374515625001 0.778125 0.53750038125 0.7796875 0.54218764375 0.7796875 0.5437498093750001 0.78125 0.5453127390625 0.78125 0.5468749046875 0.7828125 0.548437834375 0.7828125 0.55 0.784375 0.5515621656249999 0.784375 0.5531250953125 0.7859375 0.5609374515625001 0.7859375 0.56250038125 0.7875 0.5640625484374999 0.7875 0.5656247140625 0.7890625 0.56718764375 0.7890625 0.5687498093750001 0.790625 0.5718749046875 0.790625 0.575 0.79375 0.576562165625 0.79375 0.5796872609375 0.796875 0.5812501906249999 0.796875 0.58281235625 0.7984375 0.5859374515625 0.7984375 0.58750038125 0.8 0.5890625484374999 0.8 0.59218764375 0.803125 0.593749809375 0.803125 0.5953127390625 0.8046875 0.5968749046874999 0.8046875 0.6 0.8078125 0.6 0.809375 0.601562165625 0.8109375 0.6031250953125 0.8109375 0.6046872609375 0.8125 0.606250190625 0.8125 0.60781235625 0.8140625 0.6093752859375 0.8140625 0.6109374515625 0.815625 0.61718764375 0.815625 0.618749809375 0.8171875 0.623437834375 0.8171875 0.625 0.81875 0.626562165625 0.81875 0.6281250953125 0.8203125 0.6296872609374999 0.8203125 0.631250190625 0.821875 0.63281235625 0.821875 0.6343752859375 0.8234375 0.6359374515625 0.8234375 0.64218764375 0.8296875 0.643749809375 0.8296875 0.6453127390625 0.83125 0.65 0.83125 0.6515621656249999 0.8328125 0.656250190625 0.8328125 0.65781235625 0.834375 0.66249961875 0.834375 0.6640625484375 0.8359375 0.66718764375 0.8359375 0.6687498093750001 0.8375 0.6703127390625 0.8375 0.673437834375 0.840625 0.6765621656249999 0.840625 0.6781250953125 0.8421875 0.68281235625 0.8421875 0.6843752859375 0.84375 0.6859374515625001 0.84375 0.6890625484374999 0.846875 0.69218764375 0.846875 0.6937498093750001 0.8484375 0.6968749046875 0.8484375 0.6984378343750001 0.85 0.7 0.85 0.701562165625 0.8515625 0.7031250953125 0.8515625 0.7046872609375 0.853125 0.7062501906249999 0.853125 0.70781235625 0.8546875 0.7109374515625 0.8546875 0.71250038125 0.85625 0.7218749046874999 0.85625 0.7234378343750001 0.8578125 0.725 0.8578125 0.726562165625 0.859375 0.731250190625 0.859375 0.73281235625 0.8609375 0.7375003812500001 0.8609375 0.7390625484375 0.8625 0.74218764375 0.8625 0.743749809375 0.8640625 0.7453127390625001 0.8640625 0.748437834375 0.8671875 0.75 0.8671875 0.751562165625 0.86875 0.7531250953125 0.86875 0.7546872609374999 0.8703125 0.7656247140625 0.8703125 0.76718764375 0.871875 0.7796872609375 0.871875 0.781250190625 0.8734375 0.78281235625 0.8734375 0.7843752859374999 0.875 0.7859374515625001 0.875 0.78749961875 0.8765625 0.78749961875 0.878125 0.8093752859375 0.878125 0.8093752859375 0.8703125 0.806250190625 0.8703125 0.8046872609375001 0.86875 0.7890625484375 0.86875 0.78749961875 0.8671875 0.78749961875 0.865625 0.7859374515625001 0.865625 0.7843752859374999 0.8640625 0.773437834375 0.8640625 0.7718749046875 0.8625 0.7609374515625 0.8625 0.7593752859375 0.8609375 0.75781235625 0.8609375 0.756250190625 0.859375 0.756250190625 0.8578125 0.7546872609374999 0.8578125 0.7468749046875 0.85 0.74218764375 0.85 0.7406247140625 0.8484375 0.7359374515625 0.8484375 0.7343752859375 0.846875 0.731250190625 0.846875 0.7296872609375 0.8453125 0.726562165625 0.8453125 0.725 0.84375 0.7203127390625 0.84375 0.718749809375 0.8421875 0.7156247140625001 0.8421875 0.71250038125 0.8390625 0.7109374515625 0.8390625 0.7093752859375 0.8375 0.7046872609375 0.8375 0.7031250953125 0.8359375 0.7 0.8359375 0.6984378343750001 0.834375 0.6968749046875 0.834375 0.6953127390625 0.8328125 0.6906247140625 0.8328125 0.6890625484374999 0.83125 0.68750038125 0.83125 0.6859374515625001 0.8296875 0.6843752859375 0.8296875 0.68281235625 0.828125 0.6796872609375 0.828125 0.6781250953125 0.8265625 0.675 0.8265625 0.673437834375 0.825 0.6687498093750001 0.825 0.66718764375 0.8234375 0.6656247140625 0.8234375 0.6640625484375 0.821875 0.66249961875 0.821875 0.6609374515625001 0.8203125 0.6593752859374999 0.8203125 0.65781235625 0.81875 0.6546872609375 0.81875 0.6531250953125001 0.8171875 0.6515621656249999 0.8171875 0.648437834375 0.8140625 0.6468749046875 0.8140625 0.6453127390625 0.8125 0.63281235625 0.8125 0.625 0.8046875 0.623437834375 0.8046875 0.6218749046875 0.803125 0.618749809375 0.803125 0.61718764375 0.8015625 0.6125003812500001 0.8015625 0.6109374515625 0.8 0.60781235625 0.8 0.606250190625 0.7984375 0.6046872609375 0.7984375 0.601562165625 0.7953125 0.6 0.7953125 0.5984378343750001 0.79375 0.5953127390625 0.79375 0.593749809375 0.7921875 0.59218764375 0.7921875 0.5890625484374999 0.7890625 0.58750038125 0.7890625 0.5843752859375 0.7859375 0.58281235625 0.7859375 0.5718749046875 0.775 0.5687498093750001 0.775 0.56718764375 0.7734375 0.5656247140625 0.7734375 0.5640625484374999 0.771875 0.5609374515625001 0.771875 0.5593752859375 0.7703125 0.5562501906249999 0.7703125 0.5546872609375 0.76875 0.55 0.76875 0.548437834375 0.7671875 0.5453127390625 0.7671875 0.5437498093750001 0.765625 0.54218764375 0.765625 0.5406247140625 0.7640625 0.5390625484375 0.7640625 0.53750038125 0.7625 0.5343752859374999 0.7625 0.53281235625 0.7609375 0.531250190625 0.7609375 0.5296872609375 0.759375 0.5281250953125001 0.759375 0.5265621656249999 0.7578125 0.525 0.7578125 0.523437834375 0.75625 0.5218749046875 0.75625 0.5156247140625 0.75 0.5140625484375 0.75 0.5124996187499999 0.7484375 0.5109374515625 0.7484375 0.5093752859375 0.746875 0.50781235625 0.746875 0.506250190625 0.7453125 0.49687490468749995 0.7453125 0.49687490468749995 0.759375 0.49843783437500006 0.7609375 0.5046872609374999 0.7609375 0.506250190625 0.7625 0.5093752859375 0.7625 0.5124996187499999 0.765625 0.5140625484375 0.765625 0.5156247140625 0.7671875
2 0.3781250953125 0.559375 0.381250190625 0.559375 0.38281235625 0.5609375 0.38750038125 0.5609375 0.3890625484375 0.5625 0.3906247140625 0.5625 0.393749809375 0.565625 0.39531273906250003 0.565625 0.39687490468750003 0.5671875 0.4 0.5671875 0.40156216562499997 0.56875 0.4031250953125 0.56875 0.40625019062499995 0.571875 0.40781235625 0.571875 0.4093752859375 0.5734375 0.41093745156250006 0.5734375 0.41250038125 0.575 0.41406254843749996 0.575 0.41718764375 0.578125 0.41874980937500006 0.578125 0.4203127390625 0.5796875 0.4218749046875 0.5796875 0.42812509531250004 0.5859375 0.43281235625000003 0.5859375 0.43437528593749997 0.5875 0.4359374515625 0.5875 0.4390625484375 0.590625 0.4453127390625 0.590625 0.44687490468749996 0.5921875 0.4531250953125 0.5921875 0.45781235625 0.596875 0.4656247140625 0.596875 0.46718764375 0.5984375 0.47031273906250004 0.5984375 0.4718749046875 0.6 0.47343783437500003 0.6 0.476562165625 0.603125 0.4843752859375 0.603125 0.4843752859375 0.6015625 0.48281235625 0.6 0.48125019062499996 0.6 0.476562165625 0.5953125 0.475 0.5953125 0.47343783437500003 0.59375 0.47031273906250004 0.59375 0.46406254843749994 0.5875 0.46250038125000004 0.5875 0.45781235625 0.5828125 0.45625019062499994 0.5828125 0.4546872609375 0.58125 0.45156216562499996 0.58125 0.44843783437500007 0.578125 0.44843783437500007 0.5765625 0.44687490468749996 0.575 0.44218764374999997 0.575 0.44062471406250003 0.5734375 0.4390625484375 0.5734375 0.43750038125 0.571875 0.4359374515625 0.571875 0.43437528593749997 0.5703125 0.43281235625000003 0.5703125 0.431250190625 0.56875 0.4296872609375 0.56875 0.42812509531250004 0.5671875 0.42656216562499993 0.5671875 0.42343783437500004 0.5640625 0.4218749046875 0.5640625 0.4203127390625 0.5625 0.41718764375 0.5625 0.4156247140625 0.5609375 0.41406254843749996 0.5609375 0.41093745156250006 0.5578125 0.40781235625 0.5578125 0.40625019062499995 0.55625 0.40156216562499997 0.55625 0.39687490468750003 0.5515625 0.393749809375 0.5515625 0.39218764375 0.55 0.3890625484375 0.55 0.38750038125 0.5484375 0.3859374515625 0.5484375 0.3843752859375 0.546875 0.38281235625 0.546875 0.381250190625 0.5453125 0.36718764375 0.5453125 0.3656247140625 0.546875 0.36718764375 0.546875 0.368749809375 0.5484375 0.368749809375 0.55 0.3703127390625 0.5515625 0.3703127390625 0.553125 0.3718749046875 0.553125 0.3781250953125 0.559375
4 0.31562471406250003 0.125 0.27187490468750003 0.125 0.27187490468750003 0.1671875 0.293749809375 0.1671875 0.2953127390625 0.165625 0.30625019062500003 0.165625 0.30781235625000003 0.1640625 0.30937528593749997 0.1640625 0.31562471406250003 0.1578125 0.31562471406250003 0.125
5 0.0218749046875 0.234375 0.0218749046875 0.253125 0.2218749046875 0.253125 0.2218749046875 0.234375 0.0218749046875 0.234375
3 0.276562165625 0.434375 0.276562165625 0.496875 0.31874980937499997 0.496875 0.31874980937499997 0.434375 0.276562165625 0.434375