0 0.8238313828124999 0.23888084843750002 0.8505197140625 0.23654259375 0.8458695359374999 0.189611134375 0.8141777875 0.19238775624999999 0.8150080531249999 0.200767121875 0.8168409671875001 0.2022973484375 0.82016260625 0.235820653125 0.8238313828124999 0.23888084843750002
0 0.69822389375 0.2617194859375 0.699892190625 0.2615733203125 0.7017265796875 0.2631034171875 0.7250783171874999 0.2610574921875 0.7202620468750001 0.21244977187499997 0.690238596875 0.215080228125 0.6918995109375 0.2318428546875 0.6937337046875001 0.23337100312499998 0.696390978125 0.26018925937500004 0.69822389375 0.2617194859375
3 0.7495505812500001 0.3721901078125 0.7502149484375 0.3788951578125 0.7852432890625 0.37582620625 0.7867454953124999 0.37400377812499996 0.7884137890625 0.3738576140625 0.7899145234375 0.372035315625 0.796587709375 0.3714506546875 0.8002550140625001 0.3745109765625 0.8052599046875001 0.37407248125 0.80027754375 0.3237884984375 0.7368925749999999 0.3293418703125 0.740546203125 0.3662157546875 0.7423805921875 0.3677458515625 0.7440474171875 0.367599815625 0.7495505812500001 0.3721901078125
0 0.265752175 0.5765734625000001 0.46908412187500004 0.55875885625 0.46105925625 0.4777687015625 0.257727309375 0.49558330625 0.265752175 0.5765734625000001
0 0 0.6552165640625 0.0051890875 0.7075869140625 0.1509625875 0.6948152000000001 0.1428142640625 0.61257904375 0 0.6250914859375001 0 0.6552165640625
5 0.3366672640625 0.6041766375 0.47107337656250003 0.5924008625 0.4676049375 0.55739598125 0.33319882343749996 0.569171759375 0.3366672640625 0.6041766375
5 0.66792739375 0.321462909375 0.7374716609374999 0.3153699 0.73353831875 0.2756730421875 0.6639940531249999 0.2817660515625 0.66792739375 0.321462909375
5 0.5620543796875 0.41929545625 0.62724016875 0.4135843078125 0.6237099984375 0.3779564265625 0.5585242109374999 0.3836675765625 0.5620543796875 0.41929545625
5 0.8024050765625 0.032051484375 0.8020042921874999 0.02800660625 0.664336121875 0.023199128125 0.6663939828125 0.0439678796875 0.8024050765625 0.032051484375
1 0.1860626125 1 0.9588795453125 0.291564878125 0.9216858796875 0.28238888906250004 0.1514344453125 0.991500996875 0.1644807234375 1 0.1860626125 1
1 0.6772109656249999 0.4651169734375 0.7078000062500001 0.48244984375 0.8177605765625 0.3720876640625 0.7911872828125001 0.35938310625000003 0.6772109656249999 0.4651169734375
1 0.707165415625 0.47887834218750003 0.67931514375 0.46322413124999995 0.5264137265625 0.59678010625 0.5586608531249999 0.6174612703125 0.707165415625 0.47887834218750003
1 0.55743575 0.61887255625 0.5291635375 0.5971911609375 0.37894113281249997 0.7357949859375 0.4038352109375 0.7545164046874999 0.55743575 0.61887255625
1 0.40506914531250005 0.7559223703125 0.38150382656250004 0.7364011390625 0.2269074640625 0.87289221875 0.2546551359375 0.8926224062499999 0.40506914531250005 0.7559223703125
1 0.15490211250000002 0.9905078968750001 0.259528309375 0.8925783890625001 0.2260776140625 0.8714272859375001 0.11678735 0.971061521875 0.151462421875 0.9894149750000001 0.156992209375 0.9947236421874999 0.15490211250000002 0.9905078968750001
2 0.8286812749999999 0.0289381875 0.8561574937499999 0.2404828625 0.10415906562499999 0.9358281828124999 0.022404478125 0.8813315375 0.0273981609375 0.931729784375 0.0911400265625 0.9661132828125 0.1193188546875 0.96123488125 0.8805222890625 0.2694367796875 0.882128575 0.2327795609375 0.8565465609375 0.029911265625 0.8286812749999999 0.0289381875