5 0.7916268046875 0.2918901875 0.8533228390625001 0.41189272499999996 0.893711940625 0.4042579671875 0.8233043515625 0.29178231875 0.7916268046875 0.2918901875
0 0.8466956265625001 0.3145721375 0.8610645671875 0.3170096671875 0.8628952125 0.3156888625 0.8676848609375 0.3165013734375 0.8695153484375 0.31518165625 0.871111896875 0.31545249375 0.87294254375 0.314131690625 0.8889080328125001 0.31684005625 0.8907386781250001 0.315519253125 0.8923352281250001 0.3157900890625 0.8939734296875 0.304651865625 0.892610975 0.3027893890625 0.8910144265625 0.302518553125 0.8882893624999999 0.298794684375 0.8885234593750001 0.29720304375 0.8869269093750001 0.29693220781249996 0.884201846875 0.293208340625 0.8426915703125 0.2861665875 0.840860925 0.287487390625 0.8344747296874999 0.28640404375 0.8289829515625 0.29036536874999996 0.8287490140625 0.29195592187499997 0.82691836875 0.293276725 0.826450334375 0.2964589203125 0.8278127859375 0.298321396875 0.827344753125 0.301503590625 0.8287072046875 0.30336606875 0.8284732671875 0.304956621875 0.8298357187500001 0.3068191 0.829601621875 0.30841074062499996 0.8323266859375 0.31213460625 0.8371163328125 0.3129471171875 0.8384787843750001 0.31480959375 0.84486498125 0.315892940625 0.8466956265625001 0.3145721375
4 0.7186635453125 0.43963677343749996 0.5989223703125 0.41932402343749997 0.5909651499999999 0.473425675 0.7107063250000001 0.4937384234375 0.7186635453125 0.43963677343749996
4 0.625702140625 0.14823964218750002 0.627064753125 0.150101034375 0.6268306546875 0.151692671875 0.6281932671875 0.1535540640625 0.6279591703125 0.1551457046875 0.6320466859375 0.1607320484375 0.72464653125 0.17644057500000002 0.7264771765625 0.175119771875 0.728073725 0.175390609375 0.7348607796875 0.1292449875 0.63108509375 0.11164060625000001 0.625702140625 0.14823964218750002
4 0.48681177499999995 0.24699757656250002 0.3830360875 0.2293931921875 0.3769510046875 0.2707660640625 0.48072669062499995 0.2883704484375 0.48681177499999995 0.24699757656250002
0 0.4230990015625 0.1432023515625 0.38277485 0.1189410640625 0.3503929984375 0.1311011671875 0.3900798828125 0.15667538281249999 0.4230990015625 0.1432023515625
0 0.2422892078125 0.21584598906250002 0.30071118124999996 0.2170011796875 0.28314494843750004 0.192196090625 0.282436834375 0.1911456734375 0.23071010468750003 0.191070615625 0.2422892078125 0.21584598906250002
0 0.2892317140625 0.1154156 0.23389085468749998 0.10078194375 0.22522387500000002 0.12019655468749998 0.278209690625 0.1360130921875 0.2892317140625 0.1154156
0 0.25321884687499996 0 0.17257011875 0.179908078125 0.2089214 0.1920180828125 0.6090118890625 0.0411075125 0.7582262171874999 0.039092125 0.756049153125 0.0328517234375 0.6864007937500001 0.021036659375 0.58799470625 0.023029159375 0.21411326718749998 0.1667315390625 0.29894025 0 0.25321884687499996 0
1 0.6856467078125 0.0772304421875 0.2511712109375 0.23244773593749998 0.28945995625 0.259406109375 0.7102455875 0.0915553625 0.6856467078125 0.0772304421875
1 1 0.505159371875 0.9882535796875 0.4939114921875 0.9752386 0.4996723453125 0.8415716625 0.418740396875 0.80930368125 0.41817390468750004 0.9539162578125 0.4993880578125 0.9488812031249999 0.5078891546875 1 0.5384792875 1 0.505159371875
5 0.8706663406249999 0.6576303343750001 0.6948449437499999 0.33772288281249996 0.637985196875 0.3402189296875 0.805706196875 0.6564409703125 0.8706663406249999 0.6576303343750001