0 0 0.3057063296875 0.013825660937500001 0.3027856578125 0.00713398125 0.26631069375 0 0.267817746875 0 0.3057063296875
0 0.1100556796875 0.7008836734375 0.111359646875 0.698960465625 0.1320944 0.6945802484375 0.13398039687500002 0.6958295765625 0.196184665625 0.6826889234375 0.19589365 0.6811026546875001 0.1971977265625 0.6791800593749999 0.19137875625 0.647462059375 0.18949287343750001 0.6462133453125001 0.0953889828125 0.6660927953125 0.10208077499999998 0.702568371875 0.1100556796875 0.7008836734375
0 0.25941241875 0.6841579421875 0.2661042109375 0.7206335203124999 0.36180308125 0.7004171312499999 0.3551112890625 0.663941553125 0.25941241875 0.6841579421875
0 0.416593396875 0.655895415625 0.417897475 0.6539728218749999 0.42268242031250003 0.6529620015625001 0.42456830312499994 0.6542107171875 0.4612528703125 0.6464611015624999 0.46255695 0.64453850625 0.4657469109375 0.6438646265625 0.467050875 0.64194141875 0.4606500984375 0.607052109375 0.366546209375 0.6269315578125 0.37352890625 0.6649927921875001 0.416593396875 0.655895415625
1 0.240496403125 0.8248836687500001 0.2423822875 0.826132384375 0.25673711718750003 0.8230999265625 0.25499147187500004 0.813584771875 0.24933370625 0.8098380140625 0.247738725 0.810174953125 0.2439668421875 0.807676909375 0.24367594062500003 0.80609125625 0.2420809578125 0.8064281953125001 0.2383090765625 0.8039301515625 0.23671409531249998 0.8042670921875 0.23105632968749998 0.800520334375 0.227866365625 0.8011942140625001 0.22409448593749998 0.7986961703125 0.22380358125000002 0.7971105171875 0.221917696875 0.7958618015625001 0.2203227140625 0.796198740625 0.21277895156249998 0.7912026562500001 0.209588990625 0.7918765343749999 0.207703103125 0.7906278203125 0.2061081234375 0.790964759375 0.20045035625000002 0.7872180015625 0.19885537656250002 0.7875549421875 0.19508349375 0.7850568984375 0.194792478125 0.7834706296875 0.1929065921875 0.782221915625 0.18971663125 0.7828957937500001 0.1840588640625 0.7791490375000001 0.182463884375 0.7794859765625 0.180577996875 0.7782372625 0.17738803593750002 0.7789111421875 0.169844271875 0.7739150546875 0.168249290625 0.7742519953125 0.16259152500000001 0.7705052375 0.15461661875 0.7721899359375 0.15665328125 0.7832913593749999 0.1582482625 0.7829544203125 0.1657919140625 0.7879498921875 0.1660828171875 0.789535546875 0.171740696875 0.79328291875 0.1720315984375 0.794868571875 0.17580348125 0.797366615625 0.17899344374999998 0.7966927359375 0.1846512078125 0.8004394937500001 0.1862461921875 0.8001025546875 0.1956758375 0.8063473546875001 0.1972708203125 0.8060104156250001 0.20481447187500001 0.8110058890625 0.2095994140625 0.8099950687499999 0.217143178125 0.81499115625 0.2187381609375 0.814654215625 0.2225099296875 0.8171516453125 0.2228009453125 0.8187379140625 0.22468682968749998 0.8199866281249999 0.2262818109375 0.8196496874999999 0.2338255765625 0.8246457749999999 0.23701553749999998 0.8239718953124999 0.238901421875 0.8252206093750001 0.240496403125 0.8248836687500001
5 0.729329096875 0.5453517015625 0.7438764078125 0.624646090625 0.8555250921875001 0.6010603015625 0.8409777796875 0.5217659140625 0.729329096875 0.5453517015625
0 0.8155566171874999 0.4464163734375 0.8168605812499999 0.44449316562499996 0.8156968546875 0.4381499328125 0.7215929640625001 0.4580293828125 0.7285756609375 0.496090615625 0.8210845687500001 0.47654810625 0.8223885359375 0.4746248984375 0.8194791625000001 0.4587665109375 0.8175931656250001 0.4575171828125 0.8155566171874999 0.4464163734375
0 0.3259450453125 0.8842581890625001 0.32419928750000004 0.8747424203125 0.32550336562500004 0.8728198265625 0.3240486234375 0.8648903265625 0.31128877187500004 0.8675858453125 0.3150710796875 0.8882024218750001 0.3246409671875 0.886180784375 0.3259450453125 0.8842581890625001
0 0.6362591203125 0.5979593578125 0.6403324453125 0.6201622046875 0.6977517671875 0.6080323703125 0.6936784421875 0.5858295234375 0.6362591203125 0.5979593578125
1 0.1499823390625 0.78305285 0.151577321875 0.782715909375 0.1534633171875 0.783965240625 0.16622316875 0.781269721875 0.1647684265625 0.7733402218750001 0.1628824296875 0.7720908921875 0.16259152500000001 0.7705052375 0.1588196421875 0.76800719375 0.1585287390625 0.766421540625 0.15475685781249998 0.763923496875 0.1531618765625 0.7642604359375 0.1475041109375 0.7605136796874999 0.145909128125 0.7608506187499999 0.14402324375 0.759601903125 0.14083328281250002 0.7602757828125 0.1370614 0.7577777390625 0.1367703828125 0.756191471875 0.13488450000000002 0.7549427578125 0.13328951875 0.755279696875 0.12574586875 0.7502842249999999 0.12415088593750001 0.7506211640625 0.12226488906249999 0.7493718359375 0.1206699078125 0.7497087765625 0.1131262578125 0.744713303125 0.1115312734375 0.74505024375 0.1096452765625 0.7438009140624999 0.109354375 0.742215259375 0.10181061093749999 0.7372191734375 0.1002156296875 0.7375561140625 0.09832974531250001 0.7363073984375 0.0967347640625 0.7366443375 0.0891911125 0.731648865625 0.0875961328125 0.7319858046875 0.085710134375 0.7307364765625 0.0841151515625 0.7310734171875 0.080343271875 0.7285753749999999 0.069178403125 0.730933953125 0.0709241625 0.740449721875 0.07846781093750001 0.74544519375 0.08006279375 0.7451082546875 0.0989220890625 0.7575978546875 0.09921299375 0.7591835109375 0.10109899062500001 0.7604328390624999 0.1026939734375 0.7600958984374999 0.1083517375 0.76384265625 0.1099467203125 0.763505715625 0.1118326046875 0.76475443125 0.113427584375 0.7644174921875 0.12097134843749999 0.769413578125 0.1225663296875 0.7690766375 0.13010998125 0.7740721109375001 0.1317049640625 0.7737351703125 0.13547684375 0.7762332140625 0.1357677484375 0.7778188703125 0.137653746875 0.7790681984375001 0.1392487265625 0.7787312578125001 0.141134609375 0.779979971875 0.1427295921875 0.7796430328125 0.1465014734375 0.7821410765625 0.14809645625 0.7818041359375 0.1499823390625 0.78305285
0 0 0.180508278125 0.009258640625 0.178552390625 0.0048944125 0.1547638890625 0 0.155797834375 0 0.180508278125
0 0.49013863906250005 0.44267734531249997 0.49421185 0.46487957656249995 0.50537671875 0.4625209984375 0.5013035078125 0.4403187671875 0.49013863906250005 0.44267734531249997
4 0.47209544687499994 0.5881606500000001 0.47849633437500005 0.6230505734375 0.48038221875 0.6242992890625 0.50271195625 0.6195821328125 0.504016034375 0.6176595375 0.5072059953125 0.6169856578124999 0.5085099625 0.61506245 0.5024000890625 0.58175879375 0.47209544687499994 0.5881606500000001
1 0.3147592125 0.8503790859375 0.3127226640625 0.8392782765625 0.3089507796875 0.8367802328125 0.30576081875 0.8374541125 0.2925592890625 0.8287112671875001 0.2909643078125 0.8290482078125001 0.2871925375 0.8265507781249999 0.28559755781249996 0.8268877171875 0.2799397890625 0.8231409609375 0.278344809375 0.8234779 0.27268693125 0.8197305281249999 0.2710919484375 0.8200674671874999 0.2692060640625 0.818818753125 0.2660161015625 0.8194926328125 0.2584724515625 0.8144971609375 0.25528248750000004 0.815171040625 0.2515106078125 0.812672996875 0.2419407203125 0.8146946359375 0.244268284375 0.8273817125 0.2536979328125 0.8336265140625001 0.2552929140625 0.833289575 0.2590646828125 0.835787003125 0.2593557 0.837373271875 0.261241584375 0.8386219875 0.262836565625 0.838285046875 0.2647225625 0.839534375 0.265013465625 0.84112003125 0.2687853484375 0.8436180734375001 0.2703803296875 0.8432811328125001 0.2741520984375 0.8457785624999999 0.2744431140625 0.8473648328125 0.27632899843750003 0.8486135453125 0.2779239796875 0.84827660625 0.2911255109375 0.8570194499999999 0.2914164140625 0.8586051046875 0.2951882953125 0.8611031484374999 0.3063531625 0.85874456875 0.3076572421875 0.8568219734375001 0.30925222343750003 0.8564850343750001 0.31055618749999997 0.8545618265625 0.31215116875 0.8542248875 0.3147592125 0.8503790859375
0 0 0.2233394578125 0.0056583859375 0.22214412343749998 0.006962351562499999 0.22022091562499999 0.0034710609375 0.20119060625000001 0 0.20192386718750002 0 0.2233394578125
1 0.44809315625 0.710193009375 0.44838405937500003 0.7117786640625 0.4457760171875 0.715624465625 0.444181034375 0.71596140625 0.4428769578125 0.7178840015625 0.4431679734375 0.7194702687500001 0.44055993125 0.723316071875 0.43896495 0.7236530125 0.437660871875 0.7255756046874999 0.43795177656249995 0.7271612609375 0.43664781250000007 0.72908446875 0.4350528296875 0.7294214078125 0.4337487515625 0.7313440015625 0.4321537703125 0.7316809421875 0.42824165000000003 0.7374493390625 0.42664667031250003 0.7377862796875 0.425342703125 0.7397094875 0.423747721875 0.7400464265625 0.42244364375 0.7419690203125 0.42564403281249996 0.7594136765624999 0.43042897656249995 0.75840285625 0.431733053125 0.7564802609375 0.43651799843749994 0.7554694421875 0.4378219625 0.753546234375 0.43941694531250003 0.75320929375 0.44202510000000006 0.74936410625 0.44362008125 0.749027165625 0.44883616562500006 0.7413355625 0.4504311484375 0.740998621875 0.4556473453125 0.7333076296875001 0.457242328125 0.732970690625 0.459850371875 0.7291248875 0.4614453515625 0.7287879484374999 0.4611543359375 0.7272016796874999 0.4624584140625 0.725279084375 0.46216750937500006 0.72369343125 0.46347147499999997 0.7217702234375001 0.4631805703125 0.7201845687499999 0.4657886140625 0.716338765625 0.46738359531249996 0.716001825 0.47259979375 0.7083108359375 0.47419477656250003 0.7079738953125 0.4794108625 0.7002822890625 0.48100584218750003 0.69994535 0.48622203906249994 0.6922543578125 0.48781702187500003 0.69191741875 0.48912098593750003 0.6899942109375 0.48883008281249996 0.6884085578125 0.49013416093749995 0.6864859625 0.4917291421875 0.686149021875 0.49694522812499997 0.6784574171875 0.49854020937500004 0.678120478125 0.49984428750000004 0.6761978828124999 0.50143926875 0.6758609437499999 0.5027432328125 0.6739377359375001 0.5043382140625 0.6736007953125001 0.5082503359375 0.6678323984375 0.509845315625 0.667495459375 0.5111493953124999 0.6655728640625 0.5108583796875 0.6639865953124999 0.5134665328125 0.6601414078125 0.516656496875 0.659467528125 0.5205686171874999 0.65369913125 0.5221635984375 0.6533621921874999 0.5234675625 0.651438984375 0.52506254375 0.65110204375 0.5263666234375 0.6491794484375 0.527961603125 0.648842509375 0.5305696453125 0.6449967062499999 0.5288239984375 0.6354815515625 0.51127920625 0.6391878906249999 0.5086711640625 0.6430336921875 0.5070761828125 0.64337063125 0.5057721046875 0.6452932265625 0.5041771234375 0.645630165625 0.500265003125 0.6513985625000001 0.4986700234375 0.6517355031250001 0.4973659453125 0.653658096875 0.4976569609375 0.655244365625 0.4950489171875 0.6590901687499999 0.4918589546875 0.6597640484375 0.4905548765625 0.6616866421875 0.48895989531249995 0.6620235812499999 0.48504777499999996 0.6677919796875 0.48345279531249996 0.66812891875 0.47823670937499996 0.6758205234375 0.4766417265625 0.6761574640625 0.47142552968749996 0.6838484546875 0.4698305484375 0.6841853953125 0.4685264703125 0.6861079890624999 0.46693148906250004 0.686444928125 0.4578032828125 0.6999049296875001 0.45620830156250003 0.7002418703125 0.4496881390625 0.70985606875 0.44809315625 0.710193009375
1 0.0465577625 0.73406545625 0.0481527453125 0.733728515625 0.0519246265625 0.736226559375 0.05351960625 0.73588961875 0.0554054921875 0.7371383328125 0.058595454687500007 0.736464453125 0.0604814515625 0.73771378125 0.0636714140625 0.7370399015625 0.0655572984375 0.7382886171874999 0.06715227968750001 0.7379516781250001 0.06903816562500001 0.73920039375 0.0722281265625 0.7385265140625 0.074114125 0.7397758421875 0.0773040859375 0.7391019625 0.075267425 0.7280005390625 0.07149554218750001 0.7255024953125 0.07120464062500001 0.7239168406250001 0.0696096578125 0.7242537812500001 0.060180009374999996 0.7180089796875 0.0585850296875 0.7183459203125 0.05669914375 0.7170972046874999 0.0551041625 0.71743414375 0.0494463953125 0.7136873875 0.0462564328125 0.714361265625 0.042484549999999996 0.7118632234375 0.0421935359375 0.7102769546875 0.040307651562500005 0.709028240625 0.0387126703125 0.70936518125 0.03116901875 0.7043697078125 0.027979056250000002 0.7050435875 0.026093059374999998 0.7037942593750001 0.0244980796875 0.7041311984374999 0.0188403109375 0.7003844406249999 0.017245331250000002 0.7007213796875 0.010256359375 0.696093221875 0.014534906249999998 0.7194146953125 0.015660775 0.7191768546875 0.0232045375 0.724172940625 0.0263945015625 0.7234990609375 0.0320522671875 0.7272458187499999 0.0336472484375 0.7269088781249999 0.035533134375 0.72815759375 0.0371281140625 0.7278206546875 0.0408999984375 0.7303186984375001 0.0411909 0.7319043515625 0.043076896875 0.7331536796875 0.044671878124999995 0.732816740625 0.0465577625 0.73406545625
3 0.536704959375 0.470729428125 0.5348189640625 0.4694801 0.53423715625 0.46630878906250006 0.5071224765625 0.47203676562499997 0.516141721875 0.521198809375 0.540066440625 0.5161447109374999 0.5452826375 0.5084537203124999 0.53888175 0.473563796875 0.5369958625 0.47231508125 0.536704959375 0.470729428125
1 0.58326074375 0.48066236250000005 0.5848557249999999 0.48032542187500005 0.586741721875 0.48157474999999994 0.588336703125 0.48123781093750007 0.5902225890625 0.482486525 0.59181756875 0.482149584375 0.6012472171875001 0.4883943859375 0.6028421984375 0.4880574453125 0.604728084375 0.48930616093749996 0.6063230640625 0.48896922187499997 0.6082090609375 0.49021855 0.60980404375 0.48988160937499997 0.611689928125 0.491130325 0.61198083125 0.4927159796875 0.6195245953125 0.49771206718750005 0.6211195765624999 0.49737512656250005 0.6230054593750001 0.498623840625 0.6261954234375 0.4979499609375 0.6280814203125 0.4991992890625 0.6296764015625 0.4988623484375 0.6334481703125 0.501359778125 0.6350431515625 0.5010228390625 0.6444728 0.5072676390625 0.64606778125 0.5069307000000001 0.6592693125 0.5156735453125 0.6608642921875 0.5153366046875 0.662750178125 0.5165853203124999 0.665940140625 0.5159114406249999 0.673483903125 0.5209075265625 0.6737748078125 0.52249318125 0.6753697875 0.5221562421875 0.6791416703125 0.5246542843750001 0.6794325734375 0.5262399390625 0.6810275546875 0.525903 0.6866853203125001 0.52964975625 0.6869763375 0.531236025 0.688862221875 0.532484740625 0.689153125 0.53407039375 0.6948110046875 0.537817765625 0.6995959484375 0.536806946875 0.7008999140625 0.5348837390625001 0.70249489375 0.5345467984375001 0.703798971875 0.5326242046874999 0.7035079546875 0.5310379359375 0.704812034375 0.5291153421875 0.70248446875 0.5164282640625 0.6968267015625 0.5126815062500001 0.6952317203125 0.5130184453125 0.6933458359375 0.51176973125 0.6917508546875 0.512106671875 0.686092975 0.5083593 0.6844979953125 0.5086962390624999 0.682612109375 0.5074475234375 0.6810171281249999 0.5077844640625 0.6715874796875 0.5015396625 0.6699925 0.501876603125 0.6681066140625 0.5006278890625 0.6678155984374999 0.4990416203125 0.6659297140625 0.49779290625000006 0.66534779375 0.4946209828125 0.659690028125 0.49087422500000005 0.659399125 0.48928857031249995 0.6556272421875 0.4867905265625 0.6540322625 0.4871274671875 0.650260378125 0.4846294234375 0.6486653984374999 0.4849663640625 0.644893628125 0.48246893437500005 0.6432986484375001 0.48280587343750003 0.639526765625 0.4803078296875 0.637931784375 0.4806447703125 0.6360457875 0.4793954421875 0.6344508078125 0.47973238125 0.632564921875 0.4784836671875 0.630969940625 0.4788206078125 0.6290840546875 0.47757189218749996 0.627489075 0.47790883125 0.6218313078125 0.474162075 0.6215402921875001 0.47257580624999995 0.6158825265625001 0.468829046875 0.6142875453125 0.4691659875 0.6124016609375 0.4679172734375 0.610806678125 0.4682542140625 0.6070347968750001 0.46575617031250005 0.60674389375 0.46417051562499995 0.6051489140624999 0.46450745624999995 0.5976051484375 0.45951136875 0.5960101671875 0.45984830781249997 0.5941242828125 0.45859959375 0.592529303125 0.458936534375 0.5887574203125 0.45643849062499997 0.5823774953124999 0.45778625 0.5804916109375 0.45653753437500005 0.577301646875 0.4572114140625 0.569757884375 0.452215328125 0.568162903125 0.45255226875 0.5606192515624999 0.44755679531250003 0.559024271875 0.447893734375 0.5571382734375 0.4466444078125 0.55554329375 0.446981346875 0.542341875 0.43823911718749997 0.542050859375 0.4366528484375 0.5363930921875 0.43290609062499996 0.525228225 0.43526466875000003 0.5233423390625 0.43401595468750004 0.5217473578125 0.43435289375 0.5198613609375 0.433103565625 0.5182663796875 0.43344050625 0.5163804953125 0.432191790625 0.516089590625 0.43060613593749997 0.51420359375 0.4293568078125 0.5126086140624999 0.4296937484375 0.516390921875 0.45031032499999996 0.517695 0.44838773125 0.5224799421874999 0.4473769109375 0.5375673562500001 0.4573684703125 0.5391623375 0.4570315296875 0.5410482234375 0.4582802453125 0.5426432046875 0.4579433046875 0.5483009703125 0.46169006250000005 0.5498959515624999 0.4613531234375 0.5574397156249999 0.46634921093750004 0.559034696875 0.46601227031250003 0.562806465625 0.4685097 0.5630974828124999 0.4700959671875 0.5649833671875 0.47134468125 0.5665783484375 0.47100774218749997 0.5684643453125 0.472257071875 0.5700593265625 0.47192013125 0.5719452109375001 0.4731688453125 0.5722361140625 0.4747545015625 0.5738310953125 0.4744175609375 0.5794888625 0.47816431875000004 0.579779878125 0.4797505859375 0.581374859375 0.479413646875 0.58326074375 0.48066236250000005
1 0.0478722671875 0.7502613953124999 0.0591878 0.7577549125 0.059769720312499997 0.760926834375 0.065427484375 0.7646735921875 0.0657183875 0.766259246875 0.0676043859375 0.767508575 0.0691993671875 0.767171634375 0.0767430171875 0.7721671078125001 0.07993298125000001 0.771493228125 0.081818978125 0.77274255625 0.09138886406249999 0.7707209171875 0.09704663125 0.774467675 0.0986416125 0.7741307359375 0.10241338124999999 0.776628165625 0.10270439687499999 0.7782144343749999 0.1045902828125 0.7794631484375001 0.1048812984375 0.781049415625 0.11242495 0.7860448890625 0.1140199328125 0.7857079484375 0.119677696875 0.78945470625 0.1212726796875 0.7891177671875 0.123158675 0.7903670968750001 0.12475365624999998 0.7900301562500001 0.128525428125 0.7925275859375 0.1301204078125 0.792190646875 0.1320064046875 0.793439975 0.1336013875 0.793103034375 0.14114503750000001 0.7980985078125 0.14274001875 0.7977615671875 0.1465119 0.8002596093750001 0.146802803125 0.801845265625 0.1486888015625 0.80309459375 0.15028378125 0.802757653125 0.1578274328125 0.8077531265625 0.1594224140625 0.8074161859375 0.163194296875 0.8099142296874999 0.1634852 0.811499884375 0.1650801796875 0.81116294375 0.1688520625 0.8136609874999999 0.17044704375 0.8133240484375 0.1761048109375 0.8170708046874999 0.1776997921875 0.8167338656249999 0.1852435546875 0.821729953125 0.1868385359375 0.8213930125 0.1924963015625 0.8251397703125001 0.194091284375 0.8248028312500001 0.197863165625 0.8273008734375 0.1994581484375 0.826963934375 0.20700179687500003 0.83195940625 0.208596778125 0.831622465625 0.2142545453125 0.835369225 0.2158495265625 0.8350322859375 0.2215072921875 0.8387790421875 0.22310227500000002 0.838442103125 0.22498827187499998 0.83969143125 0.2265832515625 0.839354490625 0.234126903125 0.8443499640625 0.23572188593750001 0.844013025 0.25835306406249997 0.85900066875 0.2599480453125 0.858663728125 0.2656058109375 0.8624104875 0.26720079375 0.8620735484375001 0.2690866765625 0.8633222625 0.2722766390625 0.8626483828125 0.2741626359375 0.8638977109375 0.27575761875000004 0.8635607703125 0.281415384375 0.8673075296875 0.283010365625 0.866970590625 0.2848962515625 0.868219303125 0.3008460609375 0.8648499062499999 0.3034541046875 0.8610041046875001 0.30287229843749996 0.8578327937499999 0.30098630000000004 0.8565834656250001 0.300695396875 0.8549978125000001 0.29692351562499997 0.8524997687500001 0.29054359218750003 0.853847528125 0.2867717078125 0.8513494843749999 0.28648080625 0.8497638296875 0.2845949203125 0.8485151140625 0.282999940625 0.8488520546875 0.28111394375 0.8476027265624999 0.2795189609375 0.847939665625 0.2776330765625 0.8466909515625 0.2773420609375 0.8451046828125 0.2757470796875 0.8454416218749999 0.2719753109375 0.84294419375 0.2703803296875 0.8432811328125001 0.2647225625 0.839534375 0.26312758125 0.8398713156250001 0.2536979328125 0.8336265140625001 0.2521029515625 0.8339634546875001 0.2502169546875 0.8327141265625 0.2499260515625 0.8311284703125 0.24804016718750002 0.8298797562500001 0.24644518437500001 0.8302166968750001 0.24078730625000003 0.826469325 0.239192325 0.8268062640625 0.2373064390625 0.8255575484375001 0.23411647812499997 0.826231428125 0.2265728265625 0.8212359578124999 0.22497784531249998 0.821572896875 0.2212059640625 0.819074853125 0.2209149484375 0.8174885859375 0.21902906406249997 0.8162398703125 0.2174340828125 0.816576809375 0.20989043125 0.8115813375 0.20351050625 0.812929096875 0.199738625 0.8104310546875 0.199447609375 0.8088447859375 0.1975617234375 0.8075960703125 0.19596674218750001 0.8079330109375 0.1903089765625 0.804186253125 0.1887139953125 0.8045231921875 0.1868281109375 0.8032744781250001 0.18363814843749998 0.8039483578125 0.1760943828125 0.798952271875 0.174499403125 0.7992892109375 0.170727521875 0.7967911671875 0.1704366171875 0.7952055125 0.168550734375 0.7939567984375 0.1669557515625 0.7942937390625 0.16318387031249998 0.7917956953124999 0.1628928546875 0.7902094265625 0.1534633171875 0.783965240625 0.1502733546875 0.7846391203125 0.1483873578125 0.783389790625 0.14679237812499998 0.7837267296875 0.1430204953125 0.7812286875 0.14142551406249998 0.781565628125 0.1395396296875 0.7803169125 0.1379446484375 0.7806538515625 0.13417276718749999 0.7781558093750001 0.1338818625 0.7765701546875 0.1322868828125 0.77690709375 0.12285723281250001 0.77066229375 0.12126225312500001 0.7709992328124999 0.11560448593749999 0.767252475 0.11400950624999999 0.767589415625 0.1121236203125 0.7663407 0.11052864062500001 0.7666776390625001 0.102984875 0.7616815531250001 0.10138989375 0.7620184937500001 0.09761801406250001 0.75952045 0.097327109375 0.7579347953125 0.0822396953125 0.7479432359375 0.0819487921875 0.7463575828125 0.08006279375 0.7451082546875 0.0797718890625 0.7435226 0.074114125 0.7397758421875 0.0725191421875 0.74011278125 0.0706331453125 0.738863453125 0.0658482015625 0.7398742734375 0.06396231718749999 0.7386255578124999 0.060772353125 0.7392994374999999 0.05888647031250001 0.738050721875 0.0541015265625 0.7390615406250001 0.0522155296875 0.7378122125 0.0506205484375 0.738149153125 0.044962782812500005 0.7344023953125001 0.0433678 0.734739334375 0.03959591875 0.7322412921875 0.0393050140625 0.7306556375000001 0.03741913125 0.729406921875 0.03582415 0.7297438625 0.028280385937500003 0.7247477765625 0.026685403125 0.725084715625 0.022913521875000002 0.722586671875 0.0213185421875 0.7229236125 0.017546771875 0.7204261828125 0.014825921875 0.7210009625 0.018026309375 0.7384456171875 0.020747160937500002 0.7378708375 0.0245189296875 0.74036826875 0.026113910937500002 0.7400313281249999 0.0298857921875 0.7425293703125 0.031480775 0.7421924296875 0.033366771875 0.743441759375 0.0349617515625 0.74310481875 0.04061951875 0.746851578125 0.0422145 0.7465146390624999 0.0459862703125 0.7490120671875 0.0462772859375 0.7505983359374999 0.0478722671875 0.7502613953124999
4 0.5078759109375001 0.5212978546875 0.5091798765625 0.519374646875 0.5033610203125 0.48765725781249997 0.46827143437499996 0.495069934375 0.4749632265625 0.5315455124999999 0.47974817031250006 0.5305346921874999 0.48105213593749996 0.528611484375 0.504976853125 0.5235573875 0.50628093125 0.52163479375 0.5078759109375001 0.5212978546875
5 0.2676991921875 0.7202965796874999 0.2703176609375 0.7345693125 0.329331965625 0.7221025390625 0.326713496875 0.70782980625 0.2676991921875 0.7202965796874999
0 0.4967110453125 0.5236564328125 0.5002023359375001 0.5426867421875 0.512962184375 0.5399912234375 0.50947089375 0.5209609140625 0.4967110453125 0.5236564328125
3 0.29313078125 0.8137646546875 0.298076815625 0.840724465625 0.2999628125 0.8419737953125 0.30155779531250004 0.8416368546875 0.303443678125 0.8428855687500001 0.3050386609375 0.8425486281250001 0.3069246578125 0.8437979578125001 0.32287446875 0.840428559375 0.324178434375 0.8385053515625 0.3528880953125 0.832440434375 0.3541921734375 0.830517840625 0.3489551234375 0.8019717609375 0.29313078125 0.8137646546875
0 0.42045327656250003 0.5595337328125 0.41958045312500003 0.5547761546875 0.41769456875 0.553527440625 0.41740355156250003 0.5519411734374999 0.4187076296875 0.550018578125 0.417543903125 0.5436753453125001 0.4047840546875 0.5463708640625 0.40856624999999996 0.5669868296875 0.41973111718749995 0.5646282499999999 0.4191493109375 0.5614569406250001 0.42045327656250003 0.5595337328125
4 0.62231469375 0.5580745765625 0.6239096734375 0.5577376359375 0.6252136390625 0.5558144265625 0.6188128609375 0.5209251171875 0.5916981828125001 0.52665309375 0.5986808781249999 0.5647143265625 0.6210106140625 0.5599971703125 0.62231469375 0.5580745765625
3 0.5475220937499999 0.6199999109375 0.5488261718749999 0.618077315625 0.53806116875 0.55939950625 0.49978162031249995 0.5674860625 0.512001365625 0.6340933718749999 0.5391160453125 0.6283653953125 0.540420009375 0.6264421875 0.5420149921874999 0.626105246875 0.5459271125 0.6203368499999999 0.5475220937499999 0.6199999109375
1 0.5652071249999999 0.6080271328125 0.5572322187500001 0.6097118312500001 0.5546241765625 0.613557634375 0.551434215625 0.6142315140625 0.5501301359374999 0.6161541078125 0.5504211515625 0.6177403765625 0.547813109375 0.621586178125 0.544623146875 0.6222600593750001 0.5407110265624999 0.6280284546875 0.5391160453125 0.6283653953125 0.5378119671875 0.6302879906250001 0.5314320421875001 0.6316357484374999 0.53463243125 0.6490804046875 0.5426073375 0.64739570625 0.5439114140625 0.6454731109375 0.545506396875 0.6451361703125 0.54941851875 0.639367775 0.5557984421875 0.638020015625 0.5610145281250001 0.630328409375 0.5626095078125 0.62999146875 0.5639135859375 0.6280688765625 0.5636225687499999 0.6264826078125 0.56883876875 0.6187916171875 0.5673840265625001 0.610862115625 0.565498140625 0.6096134015625 0.5652071249999999 0.6080271328125
5 0.162690059375 0.689764659375 0.10208077499999998 0.702568371875 0.104408340625 0.71525545 0.10629422343749999 0.716504165625 0.1653085296875 0.7040373921875 0.162690059375 0.689764659375
0 0.5852660140625 0.43740756718749996 0.5881755 0.45326656718749997 0.60891025625 0.44888635 0.6060007703125 0.43302734843749996 0.5852660140625 0.43740756718749996
5 0.7053058437499999 0.631146378125 0.7034199578125 0.6298976625 0.7025471359375 0.6251400859375 0.7006611390625 0.6238907578124999 0.7000793328125 0.6207194484375 0.6981933359375 0.6194701203124999 0.5689998578125001 0.6467622453125 0.5676958937500001 0.6486854531249999 0.5723510234375 0.6740596078125 0.7079244265625 0.6454197234375 0.7053058437499999 0.631146378125
3 0.7245650046875001 0.582599590625 0.7271730484375001 0.5787537875 0.72368175625 0.559723478125 0.721795871875 0.5584747640625001 0.7209229374999999 0.5537165734375 0.7190370500000001 0.5524678578125 0.718164228125 0.54771028125 0.71627834375 0.546461565625 0.715405409375 0.541703375 0.686695746875 0.5477682921875 0.6942603609375 0.589001446875 0.7245650046875001 0.582599590625
5 0.4117562125 0.56631295 0.41437479374999997 0.5805862937499999 0.471794115625 0.5684564609375 0.469175534375 0.554183115625 0.4117562125 0.56631295
5 0.7888939296874999 0.481700634375 0.710739853125 0.49821068593750006 0.713358434375 0.51248403125 0.7899175296875 0.49631091875 0.7912214953125 0.4943877109375 0.7888939296874999 0.481700634375
5 0.3751238875 0.6646558515625001 0.377451453125 0.6773429296875 0.4284908484375 0.6665608546875 0.42979492812500003 0.6646382609375 0.436174853125 0.6632905015625 0.434138190625 0.6521890781249999 0.3751238875 0.6646558515625001
1 0.37520740625000004 0.8096047421874999 0.373903328125 0.8115273359374999 0.37230834687500003 0.8118642765624999 0.37259936250000003 0.8134505437499999 0.3712952859375 0.8153731390625 0.3697003046875 0.8157100796875 0.36839633906249997 0.8176332875 0.365206378125 0.8183071671875 0.359990178125 0.8259981578125 0.3583951984375 0.8263350984375 0.3544830765625 0.83210349375 0.3512931140625 0.8327773734375 0.34998914999999997 0.8347005812500001 0.34839416875 0.8350375218750001 0.3518854609375 0.8540678312500001 0.364645309375 0.8513723125 0.3659493875 0.8494497187500001 0.36754436875 0.8491127796875 0.36884833437500003 0.847189571875 0.3704433140625 0.84685263125 0.3756595140625 0.839161640625 0.37725449375000003 0.8388247 0.37696347812500003 0.8372384328125 0.37826755625 0.8353158374999999 0.3798625375 0.8349788968749999 0.3863827015625 0.8253646984375 0.38797768125 0.8250277578125 0.391889803125 0.8192593625000001 0.3934847828125 0.8189224218750001 0.3960928265625 0.81507661875 0.3976878078125 0.8147396796875 0.401599928125 0.8089712828125 0.40319490937499997 0.8086343421875 0.40449898749999996 0.8067117484375 0.4042079703125 0.8051254796875 0.4068161265625 0.8012802906250001 0.40841110625 0.8009433515625 0.409715075 0.79902014375 0.4113100546875 0.798683203125 0.4152221765625 0.7929148078125 0.41681715625000004 0.7925778671875 0.41812123437500004 0.7906552718750001 0.41971621406250004 0.7903183328125001 0.42362833593750004 0.7845499359375 0.4252233171875 0.784212996875 0.430439403125 0.7765213906249999 0.43203438437499997 0.7761844499999999 0.4346424265625 0.77233865 0.4362374078125 0.772001709375 0.4375414859375 0.7700791140625001 0.43913646718750005 0.769742175 0.44044054375 0.76781958125 0.4452254875 0.7668087609375001 0.44652945156249996 0.7648855515624999 0.442456240625 0.742683321875 0.4249114484375 0.746389659375 0.4236073703125 0.748312253125 0.42201238906249994 0.7486491921875 0.42070842500000005 0.7505724 0.41911344375 0.750909340625 0.41650540156250004 0.75475514375 0.41679630312500004 0.7563407984375 0.4141882609375 0.7601866 0.41447916406249996 0.7617722546875 0.4040468796875 0.77715485 0.4024519 0.777491790625 0.3959317359375 0.7871059890625001 0.39433675468749996 0.7874429296875001 0.3946276578125 0.789028584375 0.39332369218749996 0.7909517921875 0.3917287125 0.7912887328125 0.38912055625 0.795133921875 0.3875255765625 0.7954708609375001 0.3836135671875 0.8012398718749999 0.3820185859375 0.8015768109374999 0.3807145078125 0.8034994046874999 0.3791195265625 0.8038363453124999 0.37941043125 0.8054220000000001 0.37680238906249997 0.8092678031249999 0.37520740625000004 0.8096047421874999
0 0.7024740421875 0.4983097296875 0.7053835265624999 0.5141687296875 0.7245233015625 0.5101254515625 0.7216138171875001 0.49426645156250004 0.7024740421875 0.4983097296875
3 0.65666126875 0.5195193484375 0.6359265140625 0.5238995656250001 0.641745371875 0.5556169515625 0.6608851453125 0.5515736734375001 0.6621892218750001 0.5496510812500001 0.65666126875 0.5195193484375