1 0.5796034718749999 1 0.1442572078125 0.23269750312499998 0.106796921875 0.22966063750000001 0.5371867484374999 1 0.5796034718749999 1
3 0.3263327453125 0.8344514999999999 0.3334849203125 0.7989280828124999 0.285156384375 0.7881155234375 0.2780042109375 0.823638940625 0.3263327453125 0.8344514999999999
1 0.22326606718750003 0.531146234375 0.0645415390625 0.24769591562499998 0.038973746875 0.24522385937500002 0.0353836671875 0.2630550578125 0.18379625625 0.5243991109375 0.22326606718750003 0.531146234375
1 0.1809591890625 0.5217927390625 0.2264993828125 0.5960151734375 0.26354859531249997 0.6033651515625 0.2232767234375 0.5303214015625 0.1809591890625 0.5217927390625
1 0.302568903125 0.6749984515625 0.2669004828125 0.6051688562499999 0.22837574374999997 0.59666395 0.267388421875 0.6669944625 0.302568903125 0.6749984515625
1 0.2702364984375 0.6682202609375001 0.267729840625 0.667337428125 0.42819428593750003 0.9608119859375 0.4727999859375 0.970791634375 0.3106597921875 0.677067978125 0.2702364984375 0.6682202609375001
1 0.4892049703125 1 0.47402571250000003 0.9698558937499999 0.43129009375000005 0.9617196124999999 0.44924286718750006 1 0.4892049703125 1
1 0.13838243125 0.6134440765625 0.0277870375 0.585124115625 0.0003674140625 0.6068261703125 0.1047408953125 0.6348589859375 0.13838243125 0.6134440765625
2 0.42364137968750004 1 0.028112975000000002 0.2991671375 0.020624371875 0.33636153593749996 0.1547400921875 0.5684931578125 0.089866278125 0.5519971609375001 0.07047304843749999 0.568259215625 0.1678636453125 0.589720165625 0.4005653546875 1 0.42364137968750004 1
0 0.191367165625 0.6935187859374999 0.196819296875 0.7018249015625 0.1964779875 0.70352011875 0.212835090625 0.728438621875 0.2503316875 0.7368277484375 0.25101430625 0.7334373171874999 0.248287884375 0.7292841796875 0.2486291953125 0.7275889624999999 0.24590277343750003 0.7234358265624999 0.24624408125000002 0.7217406125 0.2435183734375 0.7175876328124999 0.2438596828125 0.7158924171875001 0.2424961140625 0.71381576875 0.242837425 0.712120553125 0.23738529375 0.7038144390625 0.237726603125 0.7021192234375 0.2363637484375 0.700042734375 0.2367050578125 0.69834751875 0.235342203125 0.696271028125 0.23363732812500002 0.6958895968750001 0.232274471875 0.6938131078125 0.1947778765625 0.68542398125 0.1906862171875 0.6880517078125 0.192049784375 0.69012835625 0.191367165625 0.6935187859374999
4 0.10926035468749999 0.490904996875 0.05642485781249999 0.47908409374999994 0.05028128750000001 0.5095979749999999 0.103116784375 0.5214188796875 0.10926035468749999 0.490904996875
0 0.0587401203125 0.76836913125 0.0669315453125 0.72768395625 0.0655686921875 0.72560746875 0.0331853 0.718362321875 0.0246525640625 0.7607427125 0.0587401203125 0.76836913125
4 0.349477509375 0.9609694515625 0.3556210796875 0.93045556875 0.3542582234375 0.9283790812499999 0.30483105625 0.9173207234375 0.2983461765625 0.9495298203125 0.349477509375 0.9609694515625
4 0.18455146718749998 0.6831360234375 0.1368284625 0.6724589390625 0.1303435828125 0.7046680375000001 0.17806658749999998 0.715345121875 0.18455146718749998 0.6831360234375
0 0 0.48594748593750003 0.0083557765625 0.4878169265625 0.016547203125 0.44713175156249996 0 0.44342964062499995 0 0.48594748593750003
4 0.50323284375 0.9138766453124999 0.45721471406249997 0.90358099375 0.45107114375 0.9340948750000001 0.4970892734375 0.944390528125 0.50323284375 0.9138766453124999
4 0.2551679515625 0.47394480000000005 0.207444946875 0.4632677140625 0.201301378125 0.493781596875 0.2490243828125 0.50445868125 0.2551679515625 0.47394480000000005
0 0.2516494828125 0.9249097374999999 0.2594996 0.8859197765625 0.2581360328125 0.8838431281249999 0.22575264218750002 0.87659798125 0.2175612140625 0.9172831578125 0.2516494828125 0.9249097374999999
3 0 0.5656684515625 0.0799206171875 0.5835491187499999 0.0833337125 0.5665969609375 0.08197085625 0.564520471875 0.082653475 0.5611300406249999 0.08469895 0.5598160984375 0.08538156875 0.5564256671875001 0.0840187140625 0.5543491781250001 0.08606657031250001 0.544177884375 0.084703715625 0.54210139375 0.0850450234375 0.5404061796875 0.0833401484375 0.5400247453125 0.0819772921875 0.53794825625 0.0802731296875 0.537566984375 0.0775467078125 0.533413846875 0.0639119703125 0.5303633421875 0.061865784374999996 0.5316771265625 0.05163937656249999 0.5293891671875001 0.050276520312499996 0.527312678125 0.004258390625 0.5170170265625 0 0.5381676015625 0 0.5656684515625
3 0 0.6577904515624999 0.2871521 0.7220350921875001 0.316846021875 0.5745513265625 0.31548245625 0.5724746781250001 0.3120741265625 0.57171213125 0.3107105609375 0.569635484375 0.3090063953125 0.5692542109375001 0.306279975 0.5651010750000001 0.307303903125 0.5600154265625 0.30457819218750004 0.55586245 0.3028733171875 0.5554810171875 0.3015104609375 0.5534045265625 0.2998062984375 0.553023253125 0.295717021875 0.546793628125 0.29605833125 0.5450984125 0.29196905625 0.5388687859375 0.290264890625 0.5384875124999999 0.288901325 0.5364108640625 0.0059730468750000005 0.4731112234375 0 0.502778153125 0 0.6577904515624999
1 0 0.6737346453125 0.045466003125 0.6839067703125 0.04955695 0.681278884375 0.051261828125 0.6816603171875 0.0614899078125 0.6750907640625 0.0631947828125 0.675472196875 0.0652402546875 0.6741582546875 0.065581565625 0.6724630390625 0.0676270390625 0.671149096875 0.0679683484375 0.6694538828125001 0.070014534375 0.668140096875 0.07035584375000001 0.66644488125 0.068992278125 0.664368234375 0.069674896875 0.6609778015625001 0.0669491875 0.656824825 0 0.6418462593750001 0 0.6737346453125
1 0 0.6347599515625 0.0035476421874999996 0.6355536671875 0.0045715703125 0.6304680203124999 0.00661704375 0.629154078125 0.0069583546874999996 0.6274588609375 0.009003828125 0.62614491875 0.012416921875 0.6091927625 0.01446310625 0.607878978125 0.0178762015625 0.590926821875 0.0165126359375 0.5888501734375 0 0.5851557953125 0 0.6347599515625