0 0.798892659375 0.5328925640625 0.8214725921875001 0.5313139437500001 0.8189309234375 0.48768407343750003 0.7931244984375 0.4894882671875 0.794254128125 0.5088793218750001 0.795961509375 0.5103824578125 0.7971852765625 0.53138943125 0.798892659375 0.5328925640625
4 0.731979425 0.385055415625 0.772300934375 0.3822364359375 0.77382004375 0.380507728125 0.7834981453125 0.37983110781249996 0.7852055265625 0.3813342421875 0.806172215625 0.3798684078125 0.8017478296875 0.3039201171875 0.734006646875 0.308656075 0.73410078125 0.31027199687499996 0.731062559375 0.3137294109375 0.727837446875 0.3139548875 0.731979425 0.385055415625
5 0.705978125 0.6059110578125 0.707589990625 0.6057983671875 0.7092973734375 0.607301503125 0.8254262984375 0.5991826296875 0.821190184375 0.52646618125 0.817965071875 0.5266916562499999 0.8145503078124999 0.5236853875 0.69842138125 0.5318042593750001 0.7024692234375001 0.6012888656250001 0.7041766046875 0.6027920015625 0.704270740625 0.604407921875 0.705978125 0.6059110578125
0 0.1971615984375 0.21152059374999999 0.195454215625 0.21001745781249997 0.014809221875 0.22264681406250003 0.0196101515625 0.305058790625 0.20348025937499997 0.292203959375 0.198773465625 0.21140790312500002 0.1971615984375 0.21152059374999999
0 0.808137775 0.0244029671875 0.782331346875 0.0262071609375 0.7847788796875 0.068221109375 0.7864848828125 0.069724340625 0.8106794453124999 0.06803283593750001 0.808137775 0.0244029671875
0 0.124098053125 0 0.095883784375 0.0019725312500000003 0.0959322796875 0.002804975 0.09441316875 0.0045336828125 0.09554279843749999 0.0239247375 0.09725018125 0.025427871875 0.098862046875 0.025315181250000002 0.10227681250000001 0.0283214515625 0.10237094843750001 0.029937373437499998 0.10398281406250001 0.029824682812499996 0.10569019843750001 0.0313278171875 0.1073034453125 0.031215031250000004 0.11242421250000001 0.0357245328125 0.11403745937500001 0.035611746875 0.11574484375 0.0371148828125 0.11896995625 0.03688940625 0.12048906562499999 0.0351606984375 0.1221023125 0.0350479125 0.1251391546875 0.031590595312500004 0.12504501875000001 0.029974671874999997 0.1265641296875 0.0282459640625 0.12609345 0.0201663609375 0.1306494015625 0.014980334375000001 0.1305552671875 0.0133644140625 0.132074378125 0.0116357046875 0.13139653906249998 0 0.124098053125 0
0 0.625476853125 0.5028314468749999 0.6222517375 0.5030569234375 0.6205443546875 0.5015537890624999 0.618931109375 0.501666575 0.6172237265625 0.5001634390625 0.615611859375 0.5002761312499999 0.6139044765625 0.4987729953125 0.43164623437499994 0.5115151375 0.43616475625 0.58907935 0.43787213906250005 0.5905824859375 0.6298071015625 0.5771638203125 0.625476853125 0.5028314468749999
0 0.5810637328125 0.324216215625 0.5971920625 0.3230886421875 0.59455625625 0.2778428515625 0.56713658125 0.27975983125 0.5695841140625 0.3217737796875 0.571291496875 0.323276915625 0.5793563515625 0.3227130796875 0.5810637328125 0.324216215625
3 0.600869959375 0.16382627656249998 0.60614156875 0.2543178578125 0.677109246875 0.2493563265625 0.6718376375 0.15886474374999998 0.600869959375 0.16382627656249998
1 0.0683986671875 0.6699559046875 0.066327678125 0.634405640625 0.053424462500000006 0.6353077359375 0.029749209375000002 0.6622543765625 0.0320085046875 0.7010370859374999 0.0374585328125 0.6948340421875 0.0390717796875 0.6947212546875 0.049702796875 0.682620496875 0.049608659375 0.6810045765625 0.0511263921875 0.6792759640625 0.052739637500000006 0.679163178125 0.054258748437500004 0.677434471875 0.0574838625 0.6772089953125 0.059002973437499995 0.6754802890625 0.060616220312500003 0.6753675015625 0.06517217187499999 0.6701814765624999 0.0683986671875 0.6699559046875
2 0.6418518 0.172318646875 0.6403326890625001 0.17404735468750002 0.640426825 0.175663275 0.6389077140625 0.17739198437499998 0.6308428609375001 0.1779558171875 0.6293251296875 0.17968442812500002 0.6244853890625001 0.1800227875 0.6229676578125 0.1817513984375 0.619741165625 0.18197696875 0.6182220546874999 0.183705678125 0.6166101875 0.1838183671875 0.6150910781250001 0.18554707343750002 0.6151852124999999 0.18716299375 0.6060733078125 0.197535046875 0.60616744375 0.19915096875 0.600091 0.2060657984375 0.5952526390624999 0.206404059375 0.593733528125 0.2081327671875 0.5921216625 0.20824545625000002 0.5906025515625 0.2099741640625 0.5889893046875 0.21008695 0.5798773984375 0.2204590015625 0.5782641515625 0.2205717875 0.5721890890625 0.2274865203125 0.5705758421875 0.22759930625 0.56905673125 0.22932801406249997 0.5674448640625 0.229440703125 0.5675389984375 0.231056625 0.5660198890625 0.23278533124999998 0.5644066421875 0.23289811875000002 0.558331578125 0.23981285156249998 0.5567183328125 0.2399256375 0.553681490625 0.2433829546875 0.5520682453125 0.2434957421875 0.5459931796874999 0.250410475 0.5443813140625 0.25052316406249997 0.53982398125 0.2557092875 0.5382107328125 0.25582207343749996 0.53365478125 0.26100809687500004 0.532041534375 0.2611208828125 0.5290046921875 0.264578203125 0.5273914468750001 0.2646909890625 0.5228354937499999 0.269877015625 0.5212222468750001 0.2699898015625 0.5151471828124999 0.2769045328125 0.513535315625 0.2770172234375 0.5074588734375001 0.2839320515625 0.50584700625 0.2840447421875 0.50432789375 0.28577345 0.5044220312500001 0.2873893703125 0.5029029203125 0.2891180765625 0.5012896734375001 0.2892308640625 0.49977194375 0.290959475 0.49815869687500003 0.2910722609375 0.496639584375 0.29280096875 0.49502633749999997 0.29291375468749997 0.4935086078125 0.294642365625 0.4918953609375 0.294755153125 0.49037625 0.296483859375 0.48553788906250006 0.296822121875 0.4840187796875 0.298550828125 0.480793665625 0.2987763046875 0.47775544375 0.3022337203125 0.477849578125 0.30384964062500003 0.47633046874999996 0.305578346875 0.476424603125 0.30719426875 0.47490687343750004 0.3089228796875 0.475001009375 0.3105388015625 0.4689259453125 0.3174535328125 0.4673127 0.3175663203125 0.464274478125 0.321023734375 0.46266261093749994 0.321136425 0.4550684359375 0.329779865625 0.45516257187500003 0.33139578593749996 0.44908750781249995 0.3383105171875 0.4474742625 0.3384233046875 0.4459551515625 0.3401520125 0.42821357656250003 0.341392371875 0.42669446562499996 0.3431210796875 0.4271651453125 0.3512006828125 0.42564741406250006 0.35292929375000004 0.42574154999999997 0.3545452171875 0.4029590265625 0.3804755359375 0.4013471609375 0.3805882265625 0.3983089375 0.384045640625 0.396697071875 0.3841583328125 0.38606467499999997 0.39625918437499996 0.3844514296875 0.396371971875 0.378376365625 0.40328670468750005 0.3767644984375 0.40339939375 0.376858634375 0.40501531718750006 0.36622761875 0.41711607500000003 0.3646143734375 0.4172288609375 0.36005841875 0.4224148859375 0.358445171875 0.422527671875 0.35692606250000003 0.42425637812500006 0.3536995671875 0.4244819515625 0.3521818359375 0.4262105625 0.350568590625 0.4263233484375 0.34753036875 0.429780765625 0.34591850156250004 0.42989345468750007 0.34439939062499997 0.4316221609375 0.34278614375 0.4317349484375 0.3367110828125 0.4386496796875 0.3350992140625 0.43876236874999996 0.3290241515625 0.445677103125 0.3274109046875 0.44578988906249994 0.3228535703125 0.45097601249999997 0.3212417046875 0.4510887015625 0.31972259375 0.45281740781249996 0.318109346875 0.45293019375 0.31355339375 0.45811621875 0.311940146875 0.45822900625 0.3104210375 0.45995771406249997 0.30880916875 0.460070403125 0.298176771875 0.47217125624999995 0.2965649078125 0.472283946875 0.295045796875 0.47401265625000005 0.29343255 0.4741254421875 0.2873574859375 0.48104017499999996 0.28574561875 0.4811528640625 0.281188284375 0.486338984375 0.2795750390625 0.486451771875 0.27805730781250004 0.48818038281250004 0.27644406250000003 0.48829316875 0.274924953125 0.49002187812500003 0.2733117046875 0.49013466406250006 0.2687557515625 0.49532068906250004 0.2671425046875 0.495433475 0.2641056625 0.4988907921875 0.26249241562500003 0.49900357968750003 0.2609733046875 0.5007322859375 0.2593614390625 0.5008449749999999 0.257842328125 0.5025736828125 0.2546172140625 0.5027991593750001 0.245503928125 0.5131713062500001 0.2455980640625 0.514787228125 0.24255984375 0.5182446421875 0.24265397812499997 0.5198605640625 0.23506118437499998 0.5285039078125 0.23344793749999998 0.52861669375 0.22585376406250002 0.5372601343750001 0.224241896875 0.537372825 0.218165453125 0.5442876515624999 0.2165535859375 0.54440034375 0.213515365625 0.54785775625 0.21190211875 0.54797054375 0.190640084375 0.5721720609375 0.1890268390625 0.5722848453125 0.1844708875 0.5774708703125 0.18285763906250002 0.5775836578125 0.17678257656250002 0.5844983906250001 0.17516933125 0.5846111781250001 0.17213248750000001 0.5880684953124999 0.17051924062499998 0.5881812828124999 0.1659632890625 0.5933673078125 0.164350040625 0.59348009375 0.1461248515625 0.6142242921875 0.1445116046875 0.6143370781249999 0.1399556515625 0.6195231031249999 0.1383424046875 0.619635890625 0.1368246734375 0.6213645015625 0.13359818125 0.6215900734375001 0.13208045 0.6233186859375001 0.130467203125 0.623431471875 0.1289480921875 0.6251601796874999 0.1273348453125 0.625272965625 0.12125978281250001 0.6321876984375 0.1196465359375 0.6323004828125 0.118128803125 0.6340290937499999 0.1149023109375 0.6342546671875 0.1133832015625 0.6359833734375 0.111771334375 0.6360960625 0.11025222187499999 0.6378247703125 0.108638975 0.63793755625 0.107119865625 0.6396662656250001 0.1055079984375 0.63977895625 0.10398888749999999 0.6415076625 0.102375640625 0.6416204484375 0.088706403125 0.657178621875 0.0888005375 0.6587945421875 0.084244584375 0.6639805671875 0.0826313390625 0.6640933546875 0.07503854374999999 0.672736696875 0.07513267968750001 0.67435261875 0.07361356875 0.6760813265625 0.0720003234375 0.6761941124999999 0.065925259375 0.683108846875 0.0643120125 0.6832216328125 0.0627942828125 0.6849502421875 0.061181034375 0.6850630296875 0.042955845312500004 0.7058072265625001 0.0413425984375 0.7059200140625 0.0337484234375 0.7145634546874999 0.07890967343750001 0.711406115625 0.08194789375 0.7079487 0.083561140625 0.7078359140625 0.08659798125 0.7043785953125 0.0882112296875 0.704265809375 0.089730340625 0.7025371015624999 0.09134220625 0.7024244125 0.09286131875 0.70069570625 0.0944745640625 0.70058291875 0.09599367343750001 0.6988542125 0.0992187890625 0.6986287359375 0.1007379 0.696900028125 0.102351146875 0.69678724375 0.10387025624999999 0.695058534375 0.10548212500000001 0.6949458453124999 0.110038075 0.68975981875 0.11165132343749999 0.6896470328125 0.11468954687499999 0.6861896187500001 0.11630141093749999 0.6860769296875 0.12085874375000001 0.68089080625 0.120764609375 0.6792748859375 0.131395625 0.667174128125 0.13130148749999998 0.6655582078125 0.14800756718750002 0.6465427140625 0.1496208140625 0.646429928125 0.1511399265625 0.644701221875 0.15275179375 0.6445885312499999 0.1603459671875 0.635945090625 0.1619592140625 0.63583230625 0.17259022968749999 0.623731546875 0.1742034765625 0.6236187609375 0.1757225875 0.6218900546875 0.1773344546875 0.6217773640625001 0.1834095171875 0.6148626296875 0.1850227640625 0.6147498453125 0.186541875 0.6130211359375 0.186447740625 0.6114052156249999 0.18796685 0.6096765093750001 0.1895787171875 0.6095638203125 0.19413605 0.6043776953125 0.195749296875 0.604264909375 0.19726702812500002 0.6025362999999999 0.1988802734375 0.6024235124999999 0.201917115625 0.5989661953125001 0.20353036093750002 0.5988534078125001 0.208086315625 0.5936673828125001 0.2096995625 0.5935545984374999 0.20960542499999998 0.5919386765625 0.21112453750000001 0.59020996875 0.2110304 0.588594046875 0.21558635312500002 0.583408021875 0.2171996015625 0.5832952359375 0.2187187109375 0.581566528125 0.220330578125 0.5814538390624999 0.22792475156249997 0.5728103984375 0.22953799843749997 0.5726976125000001 0.2294438625 0.571081690625 0.23248070625 0.5676243734375 0.234093953125 0.5675115875000001 0.2462440796875 0.553682121875 0.24785732500000002 0.553569334375 0.2493764375 0.551840628125 0.250988303125 0.5517279375 0.252507415625 0.5499992296875 0.2541206609375 0.5498864453125 0.2571588828125 0.5464290296875001 0.25877075 0.546316340625 0.2633267015625 0.5411303140625 0.2649399484375 0.5410175265625 0.26797817031250004 0.5375601140625 0.2695900375 0.5374474234375 0.2802224328125 0.5253465687500001 0.2818343 0.525233878125 0.2833534109375 0.523505171875 0.284966659375 0.5233923859375 0.2880048796875 0.5199349718749999 0.289616746875 0.51982228125 0.29113585625 0.5180935734375 0.29274910468750004 0.5179807875 0.29730505625000003 0.5127947625 0.298918303125 0.512681975 0.30043603281250003 0.5109533640625 0.3020492796875 0.510840578125 0.312680296875 0.49873981875 0.3142935453125 0.49862703281250004 0.32036860625 0.4917123 0.3219818546875 0.49159951562500004 0.3250186953125 0.488142196875 0.32663194375 0.48802941093749996 0.335745228125 0.4776572625 0.337358475 0.4775444765625 0.3434321578125 0.470629840625 0.3450454046875 0.47051705468750005 0.34808362656249997 0.46705963749999996 0.3479894921875 0.4654437171875 0.349507221875 0.46371510625 0.35112046874999997 0.463602321875 0.35263957968750004 0.4618736125 0.3542528265625 0.46176082812499997 0.3633647296875 0.45138877656250004 0.364977978125 0.451275990625 0.3680162 0.44781857656249996 0.36962806718749996 0.4477058859375 0.37114717656249996 0.445977178125 0.3710530421875 0.4443612578125 0.3725721515625 0.4426325515625 0.3724780171875 0.44101662968750005 0.3755148578125 0.4375593109375 0.3754207234375 0.43594338906249996 0.3814957859375 0.42902865625000003 0.3847222796875 0.428803084375 0.3862400109375 0.42707447343749994 0.3926929984375 0.4266233296875 0.39421072968750004 0.4248947171875 0.39905046718750004 0.4245563578125 0.40208731093749994 0.421099040625 0.4037005578125 0.420986253125 0.4067373984375 0.4175289359375 0.4066432625 0.415913015625 0.40816237343750006 0.41418430781250004 0.40806823750000004 0.4125683875 0.4095873484375 0.41083968125 0.4094932125 0.40922375781250003 0.4125300546875 0.4057664390625 0.4141433015625 0.4056536546875 0.41404916406250003 0.40403773281250005 0.41860511718750004 0.3988517078125 0.420218365625 0.39873892187500004 0.42781253750000003 0.39009547968749997 0.42942440625 0.389982790625 0.42933027187499995 0.3883668703125 0.43996266562499997 0.3762660140625 0.44157453281250003 0.376153325 0.44309364218749997 0.37442461875 0.44299950781249997 0.372808696875 0.4475554609375 0.36762267187500003 0.44916870624999994 0.3675098859375 0.45068781874999997 0.365781178125 0.4539143109375 0.36555560468750004 0.45543204218750005 0.36382699375 0.45704528906249997 0.3637142078125 0.45856440000000004 0.3619855015625 0.4601762671875 0.3618728109375 0.46169537656250004 0.360144103125 0.46160124218750004 0.3585281828125 0.4631203515625 0.3567994765625 0.4630262171875 0.3551835546875 0.464545328125 0.353454846875 0.46445119375 0.35183892656250004 0.46900714375 0.3466529 0.470620390625 0.3465401140625 0.4721381203125 0.344811503125 0.4753646171875 0.34458593125000003 0.4768837265625 0.34285722343749997 0.4801088390625 0.3426317484375 0.48162795 0.340903040625 0.48324119843749996 0.3407902546875 0.48627804062499996 0.3373329359375 0.48789128593750003 0.33722015 0.48941039531249997 0.33549144218750004 0.49102226406250005 0.3353787515625 0.49254137499999995 0.33365004374999996 0.49415462187500003 0.333537259375 0.49871057343749997 0.328351234375 0.500323821875 0.32823844687500003 0.5033606625 0.3247811296875 0.5049739093750001 0.32466834218749996 0.5064930203125 0.32293963593749997 0.5081062671875001 0.3228268484375 0.5096239984375 0.3210982390625 0.5112372453125 0.320985453125 0.5127563562499999 0.31925674375 0.5143696015625 0.3191439578125 0.5189255546875 0.3139579328125 0.5188314203125 0.3123420125 0.537056609375 0.2915978140625 0.5386698562500001 0.291485028125 0.54474491875 0.28457029375 0.5463581671875 0.2844575078125 0.5493950078125 0.2810001890625 0.5510082546875 0.2808874046875 0.552525984375 0.27915879375 0.55897759375 0.27870774374999996 0.560496703125 0.27697903749999997 0.56040256875 0.275363115625 0.5619216781249999 0.27363440781250004 0.56173340625 0.270402565625 0.5678084703125 0.263487834375 0.567714334375 0.2618719140625 0.5692334453125001 0.260143203125 0.5708453125 0.2600305140625 0.573883534375 0.2565731 0.57549678125 0.2564603140625 0.5800527328125 0.2512742890625 0.5816659796875 0.2511615015625 0.5862219328125 0.245975475 0.5878351796875 0.24586269062500002 0.5908720203125 0.24240537187500003 0.59248526875 0.24229258593749997 0.5970412203125 0.2371065609375 0.598654465625 0.23699377500000002 0.601691309375 0.23353645625000002 0.6015971734375001 0.2319205359375 0.603116284375 0.23019182656249998 0.6030221484375 0.22857590625 0.604541259375 0.2268472 0.604447121875 0.22523127812500002 0.6074853453125 0.2217738640625 0.6090972125 0.22166117500000002 0.615172275 0.214746440625 0.616785521875 0.2146336546875 0.618304634375 0.212904946875 0.618210496875 0.211289025 0.619728228125 0.209560415625 0.6196340921875 0.20794449375 0.6226723140625 0.20448707968750002 0.624285559375 0.20437429375 0.6258032921875001 0.20264568437500002 0.6274165375 0.20253289687499998 0.6350107140625 0.19388945625 0.63823720625 0.1936638828125 0.6397549359375 0.19193527187499998 0.6396608015624999 0.1903193515625 0.642699021875 0.1868619359375 0.6523757421874999 0.1861854125 0.651340246875 0.1684102796875 0.6497270015625001 0.168523065625 0.6482092703125 0.1702516765625 0.6449827781249999 0.17047725 0.6434636671875 0.17220595625 0.6418518 0.172318646875
5 0.68772236875 0.0701390703125 0.6920526171875 0.14447144375 0.8130199046875 0.1360143109375 0.808689653125 0.06168193749999999 0.68772236875 0.0701390703125
4 0.069307815625 0.5465821609375 0.07101519687499999 0.548085296875 0.14359611875 0.543010978125 0.1466329625 0.539553659375 0.1482462078125 0.5394408734375 0.14976531875000001 0.537712165625 0.15299043437499998 0.5374866890625001 0.14884845468750002 0.4663861609375 0.06175245 0.472475265625 0.065894428125 0.5435757953125 0.06760181093749999 0.5450789296874999 0.067695946875 0.5466948515625 0.069307815625 0.5465821609375
5 0.7381422890625 0.185056759375 0.8768511468750001 0.1753592671875 0.8783702578125 0.1736305609375 0.8993383265625001 0.1721646296875 0.9010457093750001 0.1736677640625 0.9091091828125 0.173104025 0.9106282921875 0.17137531875 0.94127308125 0.1692328625 0.9429804640624999 0.1707359984375 0.99459331875 0.1671276109375 0.9923340578125 0.12834550312499998 0.7391095203125 0.14604908125 0.7392036562500001 0.1476650015625 0.7376845453125 0.1493937078125 0.7360712984375 0.1495064953125 0.7381422890625 0.185056759375
1 0.2445124671875 0.19036264687499999 0.2462198484375 0.19186578125 0.246408121875 0.19509762343749998 0.24802136875 0.1949848359375 0.24972737031249997 0.1964880671875 0.2513406171875 0.19637528124999998 0.2547553828125 0.19938155 0.2548495171875 0.20099747343750002 0.26167766875 0.2070101078125 0.2617718046875 0.20862603124999998 0.2634778078125 0.21012926250000002 0.26509105312500003 0.21001647499999998 0.2667984359375 0.21151960937499997 0.2668925734375 0.21313553125 0.26859995625 0.21463866718750002 0.268694090625 0.2162545875 0.272107475 0.219260953125 0.27533396875 0.21903538125000002 0.27703997343750003 0.2205386125 0.2818797109375 0.22020025312499997 0.283585715625 0.221703484375 0.28519896093749997 0.2215906984375 0.2869063453125 0.22309383437500002 0.2885195921875 0.22298104687500003 0.29022559375 0.224484278125 0.291838840625 0.22437149218750002 0.29354622343750003 0.225874628125 0.29515946875 0.2257618421875 0.296865471875 0.2272650734375 0.2984787203125 0.2271522875 0.30189348437499997 0.23015855625 0.3035067296875 0.2300457703125 0.305212734375 0.2315490015625 0.30682598125 0.231436215625 0.3085333625 0.23293935000000002 0.31014522968749997 0.232826659375 0.3135599953125 0.2358329296875 0.3151732421875 0.23572014375 0.318586628125 0.2387265109375 0.3201998734375 0.2386137234375 0.3253206421875 0.243123225 0.3269338890625 0.2430104375 0.328641271875 0.2445135734375 0.3302531375 0.244400884375 0.3370812890625 0.2504135203125 0.33869453437499997 0.250300734375 0.3506448328125 0.26082277343750004 0.35073896875 0.2624386953125 0.359273121875 0.2699545625 0.3593672578125 0.27157048437500003 0.3661954078125 0.2775831203125 0.3678086546875 0.277470334375 0.3712220390625 0.2804767015625 0.37283528593750004 0.2803639140625 0.3745426703125 0.2818670484375 0.37463680625 0.2834829703125 0.3763441875 0.2849861046875 0.3764383234375 0.2866020265625 0.3781443265625 0.28810525781249996 0.37823846250000004 0.2897211796875 0.37994584531250003 0.29122431249999997 0.3815590921875 0.29111152812499996 0.3918020078125 0.30013043281249996 0.3918961421875 0.30174635625 0.3936021453125 0.3032495875 0.3936962796875 0.3048655078125 0.3954036640625 0.306368640625 0.3954978 0.3079845625 0.3972051828125 0.309487696875 0.39729931875 0.31110361875 0.3990053203125 0.31260684843750003 0.41029666875000004 0.3118174421875 0.4118143984375 0.3100888328125 0.41987925156249994 0.309524996875 0.421586634375 0.3110281328125 0.4393282078125 0.30978777343749997 0.43885752968749997 0.30170816875 0.4372442828125 0.301820953125 0.43553828125000005 0.300317721875 0.43392503437499996 0.30043050937500004 0.42709688281249997 0.2944178734375 0.4270027484375 0.2928019515625 0.425295365625 0.2912988171875 0.424165734375 0.2719077640625 0.425684846875 0.27017905625 0.4254024375 0.2653312921875 0.4185742859375 0.25931865625 0.41696104062500006 0.25943144375 0.41525503906249994 0.25792821093749996 0.4136417921875 0.25804099687500004 0.40851964374999994 0.2535315921875 0.4069077765625 0.2536442828125 0.4034930109375 0.2506380140625 0.40187976562500005 0.2507508 0.3984663796875 0.24774443281249997 0.3968531328125 0.24785722031250002 0.39514575 0.246354084375 0.393533884375 0.24646677499999997 0.3918265015625 0.2449636375 0.3902132546875 0.24507642500000001 0.3867998703125 0.24207005937499998 0.3851866234375 0.24218284531249998 0.383479240625 0.24067971093749999 0.3818673734375 0.2407924 0.37674522499999996 0.23628299687499998 0.3751319796875 0.23639578125 0.3734259765625 0.23489255 0.3718127296875 0.2350053375 0.3683979640625 0.231999065625 0.36678609687499997 0.23211175625 0.3650787140625 0.230608621875 0.3618522203125 0.23083419374999997 0.35843883593750003 0.227827828125 0.3568255890625 0.2279406140625 0.3534122046875 0.22493424687500002 0.3517989578125 0.225047034375 0.34667818906250003 0.22053753125000003 0.34506494375 0.22065031875000002 0.3416501765625 0.21764404843750002 0.3400383109375 0.21775673750000002 0.338330928125 0.21625360468750002 0.33671768125 0.21636639062500002 0.333304296875 0.2133600234375 0.33169105 0.2134728109375 0.3299836671875 0.21196967500000002 0.3283704203125 0.2120824625 0.32154365 0.206069728125 0.3199304015625 0.20618251562499998 0.3165156375 0.20317624531249998 0.3164215015625 0.20156032499999998 0.3148096359375 0.2016730140625 0.313102253125 0.2001698796875 0.31148900625 0.200282665625 0.3063682390625 0.19577316250000001 0.30314174375 0.1959987359375 0.301435740625 0.19449550468750001 0.2998224953125 0.1946082921875 0.2981151140625 0.19310515625 0.29650186562499997 0.1932179421875 0.2930884796875 0.190211578125 0.2914752328125 0.1903243625 0.2897678515625 0.188821228125 0.2881546046875 0.188934015625 0.2830338375 0.1844245125 0.2814205890625 0.1845372984375 0.2780072046875 0.1815309328125 0.2763939578125 0.18164371875000002 0.271273190625 0.17713421875 0.26965994375 0.17724700468750001 0.267953940625 0.1757437734375 0.2663406953125 0.175856559375 0.2646333125 0.174353425 0.2645391765625 0.1727375046875 0.26283179218749997 0.17123436718750001 0.26273765625 0.169618446875 0.257616890625 0.165108946875 0.25116528125 0.1655599953125 0.24509021718750001 0.172474728125 0.24518435468750002 0.17409064999999999 0.24366524374999998 0.17581935625 0.2445124671875 0.19036264687499999
4 0.72806315 0.2344364890625 0.7316403125 0.29584149375 0.8348660234375 0.2886247171875 0.8312888609375 0.22721971562499998 0.72806315 0.2344364890625
5 0.0824188390625 0.299045171875 0.08439569218750001 0.3329795140625 0.200524615625 0.32486064375 0.19854776406250002 0.2909263 0.0824188390625 0.299045171875
5 0.402954071875 0.1857755953125 0.4046600734375 0.1872788265625 0.4982090640625 0.1807385765625 0.4997281734375 0.17900986875 0.52392135625 0.1773184625 0.5254404671875 0.1755897546875 0.531892075 0.17513870625 0.5334098046875 0.1734100953125 0.5350230515625001 0.173297309375 0.5328579265625 0.1361311234375 0.39576093437500004 0.14571592656250001 0.3980201953125 0.1844980328125 0.39963344218749997 0.18438524843749998 0.40134082343750005 0.18588838125 0.402954071875 0.1857755953125
5 0.433071209375 0.508170509375 0.439943128125 0.62613275 0.631878090625 0.6127140828125001 0.6250061734375 0.49475184375000003 0.433071209375 0.508170509375
0 0.24570540312500003 0.0718365703125 0.24852947812499998 0.12031420468750001 0.25023686093749997 0.1218173390625 0.2503309953125 0.123433259375 0.25715914687499997 0.1294458953125 0.2587710140625 0.12933320625 0.2604783953125 0.1308363390625 0.2798332171875 0.12948319531250002 0.2815406015625 0.13098632968749999 0.291217321875 0.13030980625 0.2929247046875 0.13181294062499999 0.29453795 0.13170015468750002 0.2960570609375 0.1299714484375 0.3218634890625 0.1281672546875 0.323569490625 0.1296704859375 0.3332475921875 0.12899386562499998 0.3347667015625 0.12726515625 0.3573466375 0.1256865359375 0.35905401875 0.12718967187500002 0.552602228125 0.11365821875 0.548930928125 0.05063729375 0.49570482812499994 0.0543584671875 0.49418571718750004 0.056087175 0.40063810625 0.062627328125 0.398930721875 0.0611241953125 0.24570540312500003 0.0718365703125
1 0.4901634828125 0.3484188109375 0.4918694875 0.3499220421875 0.4919636234375 0.3515379640625 0.49367100625000004 0.3530410984375 0.49385927812499997 0.356272940625 0.495566659375 0.35777607499999997 0.4956607953125 0.359391996875 0.497368178125 0.36089513125 0.4974623125 0.362511053125 0.4991683171875 0.3640142859375 0.4992624515625 0.36563020625 0.5026772187499999 0.368636475 0.502771353125 0.3702523953125 0.5198424187499999 0.3852839375 0.5214542843750001 0.3851712484375 0.5248690515625001 0.38817751718750004 0.5249631875 0.3897934390625 0.5266691906250001 0.3912966703125 0.5282824359375 0.3911838859375 0.5351105859375 0.39719652031249997 0.536723834375 0.3970837328125 0.543551984375 0.4030963703125 0.546777096875 0.40287089531250003 0.553606628125 0.408883434375 0.5552184953125 0.40877074375 0.5620466453125 0.41478338125 0.5636598921875 0.41467059375000004 0.572195425 0.4221863640625 0.5738072921875 0.42207367500000004 0.5840502078124999 0.4310925796875 0.585663453125 0.43097979531249997 0.5941976062500001 0.43849566093750003 0.5958108531249999 0.438382875 0.59922561875 0.4413891453125 0.6008374843750001 0.44127645624999995 0.6042522515625001 0.444282725 0.605865496875 0.44416993906249996 0.6109862640625 0.448679440625 0.6125995125 0.448566653125 0.6143055140625 0.45006988437500006 0.6159187609375001 0.4499570984375 0.6193335265625 0.45296337031249995 0.6209467734375 0.452850584375 0.626067540625 0.45736008437500003 0.62767940625 0.45724739375 0.6310941734375 0.4602536625 0.6311883093749999 0.46186958437500003 0.63280155625 0.46175679843750006 0.637922321875 0.46626630156250004 0.6524387843749999 0.46525141875 0.6539578953125 0.4635227109375 0.652734128125 0.44251573437499997 0.6478943890625 0.44285409375 0.64618700625 0.44135095937499996 0.6445751390625001 0.44146365000000004 0.6394529921875 0.4369542453125 0.6378411234375 0.43706693437500005 0.6361337406249999 0.4355637984375 0.6345204953125 0.435676584375 0.629399728125 0.431167084375 0.6277864796875 0.43127986875 0.6004738796875 0.40722932500000003 0.59886063125 0.4073421125 0.5869117140625 0.396819975 0.585299846875 0.3969326640625 0.5801777 0.392423259375 0.5800835656250001 0.3908073390625 0.578470315625 0.390920125 0.564814015625 0.378894853125 0.56320215 0.3790075421875 0.5597873843750001 0.3760012734375 0.5581741375 0.376114059375 0.5479326 0.36709505781249996 0.5463193546875 0.36720784375000004 0.5394912046875 0.3611952078125 0.5378779578125 0.36130799375 0.5361719546875 0.3598047609375 0.5345587078125 0.3599175484375 0.5294379390625 0.355408046875 0.52782469375 0.355520834375 0.5261173125 0.3540176984375 0.5228921984375 0.3542431734375 0.5211848156250001 0.352740040625 0.51957156875 0.3528528265625 0.5110360375 0.3453370546875 0.5094241687500001 0.34544974375000004 0.5077167859375 0.343946609375 0.5012651796875 0.3443976578125 0.4995577953125 0.3428945234375 0.4963326828125 0.34312 0.49291791875 0.3401137296875 0.4896928046875 0.34033920625 0.489881075 0.34357104843749997 0.48836196562499995 0.34529975468749996 0.49006934687500003 0.3468028890625 0.4901634828125 0.3484188109375
0 0.41536706875 0.42666062968749996 0.41809700625 0.47352234062500004 0.44712854843749994 0.471492671875 0.44439860781249996 0.42463095937500006 0.41536706875 0.42666062968749996
5 0.39328864218750004 0.5758519046874999 0.3949946453125 0.5773551375 0.39651375624999996 0.5756264296875 0.4029653625 0.57517538125 0.4046727453125 0.576678515625 0.4159627125 0.5758892062500001 0.41379758750000006 0.5387230203125 0.2767005953125 0.5483078234375001 0.2788657203125 0.585474009375 0.38693117187500004 0.5779188765625001 0.38844890312499997 0.5761902640625001 0.39328864218750004 0.5758519046874999
1 0.7185925937500001 0.40546135312500003 0.7202999765625 0.4069644890625 0.720582384375 0.4118122515625 0.7190632734375 0.41354095781250005 0.719157409375 0.415156878125 0.7208647906250001 0.41666001562500005 0.722747509375 0.4489784375 0.7212283984375001 0.45070714375 0.72216975625 0.4668663546875 0.7238771390625 0.46836949062500005 0.724159546875 0.4732172546875 0.7258669281250001 0.4747203890625 0.725961065625 0.47633631093749995 0.7293744515625 0.479342675 0.7294685859375 0.48095859531249996 0.732881971875 0.4839649625 0.73449521875 0.4838521765625 0.7362026015625001 0.4853553125 0.7378158499999999 0.48524252656250005 0.7395218515625 0.4867457578125 0.750813196875 0.4859563515625 0.7417761546875 0.330827921875 0.7143564796875 0.332744903125 0.7160638625 0.3342480375 0.7185113953125 0.3762619875 0.7169922843750001 0.37799069531249996 0.7185925937500001 0.40546135312500003
4 0.231357675 0.32595002812499996 0.3103902046875 0.3204246625 0.3119093171875 0.3186959546875 0.3167476765625 0.31835769375 0.3182667875 0.316628984375 0.3198800359375 0.3165162 0.32139914531249997 0.3147874921875 0.3182926625 0.26146209531250003 0.224743671875 0.2680023453125 0.22785015468749997 0.3213277421875 0.2295575375 0.3228308765625 0.22965167343749998 0.3244467984375 0.231357675 0.32595002812499996
1 0.35220633125 0.37104376875 0.3491694890625 0.3745010875 0.34755624375 0.3746138734375 0.343000290625 0.3797998984375 0.3413870421875 0.3799126859375 0.3398679328125 0.38164139218750004 0.338254684375 0.38175417968750003 0.32762366875 0.3938549375 0.326011803125 0.3939676265625 0.3244926921875 0.395696334375 0.324586828125 0.39731225625 0.3230677171875 0.3990409625 0.3214544703125 0.39915374843749996 0.319935359375 0.40088245625 0.3183234921875 0.40099514531249997 0.3122484296875 0.4079098796875 0.31063518125 0.408022665625 0.30456011875 0.4149373984375 0.302946871875 0.41505018437499996 0.296871809375 0.42196491875 0.29525856093749997 0.422077703125 0.29374083125 0.4238063140625 0.292127584375 0.4239191 0.28757163124999996 0.4291051265625 0.285958384375 0.42921791249999997 0.279883321875 0.43613264531249996 0.278270075 0.43624543281249994 0.2721950125 0.4431601640625 0.27058176562499997 0.44327295 0.2645067015625 0.4501876828125 0.262894834375 0.45030037343749996 0.25985661250000003 0.4537577875 0.258243365625 0.453870575 0.255206525 0.4573278921875 0.253593278125 0.45744067812500006 0.24903732343749999 0.46262670312500004 0.24742407656249998 0.4627394890625 0.2459049671875 0.4644681984375 0.24106660624999998 0.4648064609375 0.2395474953125 0.46653516718750004 0.23793562812500002 0.4666478578125 0.23641651874999997 0.46837656406250006 0.234803271875 0.46848935156250004 0.233284159375 0.4702180578125 0.233378296875 0.471833978125 0.2303414546875 0.47529129687499994 0.23043559062500002 0.4769072171875 0.2258796375 0.48209324374999996 0.22597377500000002 0.48370916406250003 0.21686048906250002 0.4940813140625 0.21524724218750002 0.4941940984375 0.2137295109375 0.495922709375 0.21382364687500002 0.49753862968749996 0.21230453593749998 0.4992673390625 0.21069128906249998 0.4993801234375 0.1985411625 0.5132095890625 0.196927915625 0.5133223765625 0.1923719625 0.5185084015625 0.1907600953125 0.5186210906250001 0.189240984375 0.5203497984375 0.18762773906250002 0.5204625843749999 0.1861086265625 0.5221912921875 0.18449538125 0.5223040765625 0.1845895171875 0.5239200015625001 0.181552675 0.5273773171875 0.179939428125 0.5274901046875 0.1662701890625 0.5430482765625 0.164658325 0.5431609671875 0.164752459375 0.5447768875000001 0.1617142375 0.5482343015625 0.16010237031250002 0.5483469921874999 0.149469975 0.560447846875 0.1509761484375 0.586302584375 0.168717721875 0.5850622265625 0.1747927859375 0.57814749375 0.1764060328125 0.57803470625 0.188556159375 0.5642052421875 0.191782653125 0.5639796687499999 0.2160829078125 0.5363207375 0.21769477343750002 0.5362080484375 0.2237712171875 0.5292932171875 0.225383084375 0.529180528125 0.2314581484375 0.522265796875 0.2313640125 0.5206498765625 0.2344022328125 0.517192459375 0.23430809843749997 0.5155765390625 0.24949506718749997 0.4982897546875 0.2511083125 0.4981769671875 0.254146534375 0.4947195546875 0.25575840156249996 0.4946068640625 0.2663894171875 0.48250610624999996 0.2680026640625 0.48239331874999997 0.27407772812500003 0.47547858749999994 0.275690975 0.47536580156249997 0.27872781562500004 0.47190848125 0.2803410625 0.471795696875 0.28489839687499996 0.46660957343750004 0.2865102625 0.466496884375 0.291066215625 0.461310859375 0.2926794625 0.46119807343749997 0.2941985734375 0.45946936406249994 0.29581182031250003 0.45935657812499997 0.3003677734375 0.454170553125 0.30198101875 0.454057765625 0.3034987515625 0.45232915625 0.305111996875 0.4522163703125 0.312706171875 0.44357292968750006 0.3143194171875 0.44346014218749996 0.3142252828125 0.441844221875 0.3157443921875 0.44011551562499995 0.317356259375 0.440002825 0.31887537187500004 0.4382741171875 0.32048861875 0.43816133125 0.3220063484375 0.436432721875 0.3236195953125 0.436319934375 0.323525459375 0.43470401406250003 0.3265636828125 0.43124659843749996 0.328176928125 0.4311338125 0.334251990625 0.42421907968749994 0.3358638578125 0.4241063890625 0.34041981093749996 0.4189203640625 0.34203305781250004 0.418807578125 0.3450712796875 0.41535016406249997 0.346683146875 0.41523747499999997 0.351240478125 0.4100513515625 0.35285234375 0.4099386625 0.3589287875 0.403023834375 0.36054065468749996 0.40291114375000003 0.3650979890625 0.3977250203125 0.3667098546875 0.39761233125 0.368228965625 0.3958836234375 0.37145407812500003 0.395658146875 0.372973190625 0.393929440625 0.3745864375 0.39381665312499997 0.376105546875 0.392087946875 0.37771741406250003 0.39197525781250003 0.3807556359375 0.38851784375 0.3788729203125 0.35619941875 0.36758294999999996 0.3569887296875 0.358469665625 0.367360878125 0.3568578 0.36747356875000003 0.3538195796875 0.3709309828125 0.35220633125 0.37104376875