3 0.6641099828125 0.504776625 0.7541882796875 0.5058247796875001 0.7558090796875 0.3665335640625 0.6657307828125 0.3654854078125 0.6641099828125 0.504776625
3 0.50596549375 0.9147665343750001 0.5963335562500001 0.9158180625 0.5981029015625 0.7637608499999999 0.507734840625 0.7627093234375 0.50596549375 0.9147665343750001
3 0.41367463750000005 0.906315725 0.75507388125 0.9102882640625 0.7614693671875 0.360661421875 0.4200701265625 0.3566888828125 0.41367463750000005 0.906315725
1 0.5629328218749999 0.48747550781250004 0.563801978125 0.4127802390625 0.43850030156250003 0.5131640875000001 0.43976873593750004 0.584949678125 0.5629328218749999 0.48747550781250004
1 0.5609470140624999 0.484359771875 0.6822676484375 0.38568668125 0.6868911640625 0.30759186875 0.564814975 0.4044038328125 0.5609470140624999 0.484359771875
1 0.68416229375 0.33991920468750003 0.7414890046875 0.30016323749999996 0.6832731625 0.1568561515625 0.620941809375 0.20500692968749998 0.68416229375 0.33991920468750003
1 0 0.9777679640624999 0.4396066046875 0.596619115625 0.43928337968750003 0.5050748140625 0 0.8816194953125001 0 0.9777679640624999
3 0.18659457968749998 0.8997822937500001 0.255401278125 0.90058293125 0.2563788515625 0.8165705125 0.187572153125 0.8157698734375 0.18659457968749998 0.8997822937500001
1 0 0.7880205921875 0.7468352640625 0.1384462015625 0.7505713671875001 0.0350670421875 0 0.6931992984375 0 0.7880205921875
1 0.7929845953125 1 0.7942448390625 0.7696059703125 0.7383946875 0.7251465828125 0.7317145859374999 1 0.7929845953125 1
1 0.6276042625 0.9510945656249999 0.7239430859375 0.9534416765625 0.7243284937500001 0.8685833437499999 0.6264160249999999 0.8657376125 0.6276042625 0.9510945656249999
1 0.6342826875 0.859082521875 0.678316440625 0.8605372812500001 0.6797365203125 0.6805329234374999 0.6330904765625001 0.6434237875 0.6342826875 0.859082521875
4 0.4087193015625 0.828962659375 0.46966275468749996 0.8296717984375 0.4707902875 0.7327718015625 0.40984683437499997 0.732062659375 0.4087193015625 0.828962659375
4 0.32071138125 0.5588537046875001 0.38103578437499996 0.5595556421875 0.3821060203125 0.4675796734375 0.32178161875 0.466877734375 0.32071138125 0.5588537046875001
4 0.566627009375 0.3515847703125 0.6310081656250001 0.35233391406250003 0.63208476875 0.259810828125 0.5677036140625 0.2590616859375 0.566627009375 0.3515847703125
0 0.759599190625 0.6119510640625 0.8420513234375001 0.6129104812499999 0.8427589203125001 0.5520997546874999 0.7603067875 0.5511403375 0.759599190625 0.6119510640625
0 0.3604133828125 0.989182715625 0.4416010734375 0.9901274203125 0.4423921375 0.9221434187499999 0.3612044484375 0.9211987140625 0.3604133828125 0.989182715625
0 0.871591446875 0.7912525203125 0.9520152046874999 0.7921883375000001 0.9527487375 0.7291486265625 0.8723249796875001 0.7282128125 0.871591446875 0.7912525203125
2 0.06900898125 1 0.5506163296875 0.5969218359374999 0.5463787 0.7672892421874999 0.5616936390625 0.7666142390624999 0.5664059609375001 0.5829617640625 0.6706684390625 0.5044719328125 0.671820103125 0.4702536421875 0.0412593328125 1 0.06900898125 1
1 0.6055561093749999 0.601541409375 0.67385931875 0.5525542171875 0.6724488453124999 0.497050890625 0.6002240921875 0.557805634375 0.6055561093749999 0.601541409375
1 0.943724321875 0.7356767546875 0.948201603125 0.6913194609375 0.825165471875 0.6804376609375 0.822401340625 0.7316446125 0.943724321875 0.7356767546875