0 0.214062834375 0.571875 0.235937165625 0.571875 0.2375 0.5703125 0.2375 0.55 0.239062834375 0.5484375 0.239062834375 0.5296875 0.214062834375 0.5296875 0.214062834375 0.571875
4 0.289062834375 0.35625 0.285937165625 0.353125 0.285937165625 0.3515625 0.220312834375 0.3515625 0.220312834375 0.425 0.24062433125 0.425 0.242187165625 0.4234375 0.251562834375 0.4234375 0.25312566875 0.425 0.292187165625 0.425 0.292187165625 0.35625 0.289062834375 0.35625
5 0.33125 0.6328125 0.332812834375 0.63125 0.332812834375 0.5640625 0.220312834375 0.5640625 0.217187165625 0.5671875 0.214062834375 0.5671875 0.214062834375 0.6375 0.326562834375 0.6375 0.32812566875 0.6359375 0.329687165625 0.6359375 0.33125 0.634375 0.33125 0.6328125
0 0.79687566875 0.221875 0.79687566875 0.3 0.975 0.3 0.975 0.2203125 0.8 0.2203125 0.798437165625 0.221875 0.79687566875 0.221875
0 0.223437165625 0.1234375 0.223437165625 0.0828125 0.198437165625 0.0828125 0.198437165625 0.125 0.22187566875 0.125 0.223437165625 0.1234375
0 0.8531243312499999 0 0.8531243312499999 0.003125 0.85 0.00625 0.85 0.025 0.851562834375 0.0265625 0.851562834375 0.028125 0.85625 0.0328125 0.85625 0.040625 0.857812834375 0.0421875 0.857812834375 0.04375 0.860937165625 0.046875 0.8625 0.046875 0.8640628343750001 0.0484375 0.867187165625 0.0484375 0.86875 0.046875 0.8703128343750001 0.046875 0.875 0.0421875 0.876562834375 0.0421875 0.8781256687500001 0.040625 0.8796871656249999 0.040625 0.8796871656249999 0.0390625 0.882812834375 0.0359375 0.8843743312499999 0.0359375 0.8859371656249999 0.034375 0.8859371656249999 0.015625 0.8843743312499999 0.0140625 0.8843743312499999 0.0125 0.882812834375 0.0125 0.88125 0.0109375 0.88125 0.009375 0.8796871656249999 0.0078125 0.8796871656249999 0 0.8531243312499999 0
0 0.5875 0.603125 0.5890628343750001 0.6015625 0.5890628343750001 0.5265625 0.4125 0.5265625 0.41093716562499993 0.528125 0.40937566875 0.528125 0.40781283437500004 0.5296875 0.40625 0.5296875 0.40468716562499996 0.53125 0.40156283437500007 0.53125 0.40156283437500007 0.603125 0.5875 0.603125
0 0.41875 0.35625 0.43437433125 0.35625 0.43593716562499996 0.3546875 0.44375 0.3546875 0.445312834375 0.353125 0.445312834375 0.3125 0.41875 0.3125 0.41875 0.35625
3 0.3375 0.203125 0.3375 0.290625 0.40625 0.290625 0.40625 0.203125 0.3375 0.203125
1 0.9656256687500001 0.6625 0.967187165625 0.6640625 0.967187165625 0.665625 0.9781243312499999 0.6765625 0.9796871656249999 0.6765625 0.9875 0.684375 0.9890628343750001 0.684375 0.9906256687500001 0.6859375 0.992187165625 0.6859375 0.9953128343750001 0.6890625 0.998437165625 0.6890625 0.998437165625 0.65 0.9906256687500001 0.65 0.960937165625 0.6203125 0.9484371656249999 0.6203125 0.9484371656249999 0.6546875 0.951562834375 0.6546875 0.95625 0.659375 0.9578128343750001 0.659375 0.9593756687500001 0.6609375 0.9625 0.6609375 0.9640628343750001 0.6625 0.9656256687500001 0.6625
2 0.38437566875 0.2421875 0.385937165625 0.24375 0.3875 0.24375 0.39062566875 0.246875 0.39062566875 0.2484375 0.392187165625 0.25 0.392187165625 0.2515625 0.39375 0.253125 0.395312834375 0.253125 0.40156283437500007 0.259375 0.40312433125 0.259375 0.40625 0.2625 0.40625 0.2640625 0.40781283437500004 0.265625 0.40781283437500004 0.2671875 0.40937566875 0.26875 0.40937566875 0.2703125 0.4125 0.2734375 0.414062834375 0.2734375 0.41875 0.278125 0.42031283437500006 0.278125 0.42343716562499994 0.28125 0.425 0.28125 0.429687165625 0.2859375 0.43125 0.2859375 0.43593716562499996 0.290625 0.4375 0.290625 0.44062566875 0.29375 0.44218716562499993 0.29375 0.44375 0.2953125 0.44375 0.296875 0.45 0.303125 0.45 0.30625 0.45156283437500006 0.3078125 0.45156283437500006 0.309375 0.45312566875 0.3109375 0.45937566875 0.3109375 0.460937165625 0.3125 0.4625 0.3125 0.46562433125 0.315625 0.46718716562499996 0.315625 0.47343716562499993 0.321875 0.475 0.321875 0.49375 0.340625 0.49375 0.3421875 0.49843716562499996 0.346875 0.5 0.346875 0.501562834375 0.3484375 0.50312566875 0.3484375 0.5046871656249999 0.35 0.50625 0.35 0.507812834375 0.3515625 0.50937566875 0.3515625 0.5125 0.3546875 0.514062834375 0.3546875 0.51875 0.359375 0.5203128343750001 0.359375 0.52187566875 0.3609375 0.523437165625 0.3609375 0.525 0.3625 0.5265628343750001 0.3625 0.529687165625 0.365625 0.53125 0.365625 0.532812834375 0.3671875 0.5359371656249999 0.3671875 0.5375 0.36875 0.54062566875 0.36875 0.5421871656249999 0.3703125 0.54375 0.3703125 0.548437165625 0.375 0.548437165625 0.3765625 0.55 0.378125 0.55 0.3796875 0.5515628343750001 0.38125 0.5515628343750001 0.3828125 0.55312566875 0.384375 0.554687165625 0.384375 0.55625 0.3859375 0.5578128343750001 0.3859375 0.55937433125 0.3875 0.5625 0.3875 0.564062834375 0.3890625 0.56562566875 0.3890625 0.570312834375 0.39375 0.570312834375 0.3953125 0.57187566875 0.396875 0.5734371656249999 0.396875 0.58437566875 0.4078125 0.58437566875 0.409375 0.585937165625 0.409375 0.59375 0.4171875 0.595312834375 0.4171875 0.6 0.421875 0.6 0.4234375 0.601562834375 0.4234375 0.6046871656249999 0.4265625 0.6046871656249999 0.428125 0.60625 0.4296875 0.60625 0.43125 0.607812834375 0.4328125 0.607812834375 0.434375 0.610937165625 0.4375 0.6125 0.4375 0.61562433125 0.440625 0.6203128343750001 0.440625 0.62187433125 0.4421875 0.62812566875 0.4421875 0.6296871656249999 0.44375 0.632812834375 0.44375 0.639062834375 0.45 0.639062834375 0.4515625 0.642187165625 0.4546875 0.642187165625 0.45625 0.64375 0.4578125 0.64375 0.459375 0.6453128343750001 0.4609375 0.64687433125 0.4609375 0.65 0.4640625 0.6515628343750001 0.4640625 0.6609371656249999 0.4734375 0.6625 0.4734375 0.664062834375 0.475 0.66562566875 0.475 0.6671871656249999 0.4765625 0.6671871656249999 0.478125 0.670312834375 0.48125 0.67187566875 0.48125 0.67812433125 0.4875 0.679687165625 0.4875 0.689062834375 0.496875 0.69062566875 0.496875 0.69375 0.5 0.695312834375 0.5 0.701562834375 0.50625 0.70312566875 0.50625 0.7140628343750001 0.5171875 0.71562566875 0.5171875 0.717187165625 0.51875 0.71875 0.51875 0.7234371656249999 0.5234375 0.725 0.5234375 0.726562834375 0.525 0.72812433125 0.525 0.73125 0.528125 0.732812834375 0.528125 0.73437566875 0.5296875 0.735937165625 0.5296875 0.74687566875 0.540625 0.748437165625 0.540625 0.751562834375 0.54375 0.75312566875 0.54375 0.757812834375 0.5484375 0.75937433125 0.5484375 0.7625 0.5515625 0.764062834375 0.5515625 0.76562566875 0.553125 0.767187165625 0.553125 0.76875 0.5546875 0.7703128343750001 0.5546875 0.782812834375 0.5671875 0.78437566875 0.5671875 0.7875 0.5703125 0.7875 0.571875 0.789062834375 0.571875 0.79687566875 0.5796875 0.798437165625 0.5796875 0.8 0.58125 0.8015628343750001 0.58125 0.80625 0.5859375 0.80625 0.5875 0.8078128343750001 0.5890625 0.8078128343750001 0.590625 0.8093756687500001 0.590625 0.814062834375 0.5953125 0.8156256687500001 0.5953125 0.81875 0.5984375 0.820312834375 0.5984375 0.8218743312499999 0.6 0.8234371656249999 0.6 0.82812566875 0.6046875 0.829687165625 0.6046875 0.83125 0.60625 0.83125 0.6078125 0.8328128343750001 0.609375 0.8343756687500001 0.609375 0.8406256687500001 0.615625 0.842187165625 0.615625 0.84375 0.6171875 0.845312834375 0.6171875 0.85625 0.628125 0.857812834375 0.628125 0.8656256687500001 0.6359375 0.867187165625 0.6359375 0.86875 0.6375 0.8703128343750001 0.6375 0.8875 0.6546875 0.8875 0.65625 0.898437165625 0.6671875 0.898437165625 0.66875 0.9031256687500001 0.6734375 0.904687165625 0.6734375 0.907812834375 0.6765625 0.9093756687500001 0.6765625 0.914062834375 0.68125 0.9156243312499999 0.68125 0.9171871656249999 0.6828125 0.91875 0.6828125 0.920312834375 0.684375 0.923437165625 0.684375 0.925 0.6859375 0.9265628343750001 0.6859375 0.9281256687500001 0.6875 0.929687165625 0.6875 0.93125 0.6890625 0.9328128343750001 0.6890625 0.935937165625 0.6921875 0.9375 0.6921875 0.9406256687500001 0.6953125 0.98437566875 0.6953125 0.976562834375 0.6875 0.975 0.6875 0.95625 0.66875 0.954687165625 0.66875 0.95312566875 0.6671875 0.951562834375 0.6671875 0.945312834375 0.6609375 0.94375 0.6609375 0.9421871656249999 0.659375 0.9421871656249999 0.6578125 0.9343756687500001 0.65 0.9328128343750001 0.65 0.9281256687500001 0.6453125 0.9281256687500001 0.64375 0.914062834375 0.6296875 0.9125 0.6296875 0.9109371656249999 0.628125 0.9093756687500001 0.628125 0.907812834375 0.6265625 0.90625 0.6265625 0.904687165625 0.625 0.9031256687500001 0.625 0.9015628343750001 0.6234375 0.898437165625 0.6234375 0.8968756687500001 0.621875 0.8953128343750001 0.621875 0.889062834375 0.615625 0.8875 0.615625 0.8859371656249999 0.6140625 0.8843743312499999 0.6140625 0.882812834375 0.6125 0.8796871656249999 0.6125 0.8781256687500001 0.6109375 0.876562834375 0.6109375 0.8718756687500001 0.60625 0.8703128343750001 0.60625 0.851562834375 0.5875 0.85 0.5875 0.845312834375 0.5828125 0.84375 0.5828125 0.8406256687500001 0.5796875 0.8390628343750001 0.5796875 0.8328128343750001 0.5734375 0.83125 0.5734375 0.826562834375 0.56875 0.825 0.56875 0.8031256687500001 0.546875 0.8015628343750001 0.546875 0.798437165625 0.54375 0.79687566875 0.54375 0.79062433125 0.5375 0.789062834375 0.5375 0.78125 0.5296875 0.779687165625 0.5296875 0.77187566875 0.521875 0.77187566875 0.5203125 0.76875 0.5171875 0.76875 0.515625 0.75937433125 0.50625 0.75625 0.50625 0.7546871656249999 0.5046875 0.75312566875 0.5046875 0.751562834375 0.503125 0.75 0.503125 0.74687566875 0.5 0.7453128343750001 0.5 0.74062566875 0.4953125 0.7390628343750001 0.4953125 0.7375 0.49375 0.735937165625 0.49375 0.73437566875 0.4921875 0.732812834375 0.4921875 0.72812433125 0.4875 0.726562834375 0.4875 0.720312834375 0.48125 0.71875 0.48125 0.717187165625 0.4796875 0.71562566875 0.4796875 0.704687165625 0.46875 0.70312566875 0.46875 0.701562834375 0.4671875 0.7 0.4671875 0.695312834375 0.4625 0.69375 0.4625 0.6921871656249999 0.4609375 0.69062566875 0.4609375 0.685937165625 0.45625 0.68437433125 0.45625 0.67812433125 0.45 0.6765628343750001 0.45 0.670312834375 0.44375 0.66875 0.44375 0.6671871656249999 0.4421875 0.66562566875 0.4421875 0.6625 0.4390625 0.6609371656249999 0.4390625 0.65937566875 0.4375 0.65625 0.4375 0.654687165625 0.4359375 0.65312433125 0.4359375 0.648437165625 0.43125 0.64687433125 0.43125 0.6359371656249999 0.4203125 0.6359371656249999 0.41875 0.63437566875 0.41875 0.62812566875 0.4125 0.626562834375 0.4125 0.61562433125 0.4015625 0.6140628343750001 0.4015625 0.610937165625 0.3984375 0.60937566875 0.3984375 0.585937165625 0.375 0.585937165625 0.3734375 0.58437566875 0.371875 0.58437566875 0.3640625 0.5828128343750001 0.3625 0.56562566875 0.3625 0.564062834375 0.3609375 0.5625 0.3609375 0.55625 0.3546875 0.55625 0.353125 0.548437165625 0.3453125 0.54687566875 0.3453125 0.54375 0.3421875 0.5421871656249999 0.3421875 0.5359371656249999 0.3359375 0.5359371656249999 0.334375 0.53437566875 0.3328125 0.53437566875 0.33125 0.532812834375 0.3296875 0.532812834375 0.328125 0.529687165625 0.325 0.5265628343750001 0.325 0.525 0.3234375 0.5203128343750001 0.3234375 0.51875 0.321875 0.517187165625 0.321875 0.51562566875 0.3203125 0.514062834375 0.3203125 0.5125 0.31875 0.5109371656249999 0.31875 0.50937566875 0.3171875 0.507812834375 0.3171875 0.50625 0.315625 0.50625 0.3140625 0.5046871656249999 0.3125 0.50312566875 0.3125 0.49687433125 0.30625 0.49531283437500007 0.30625 0.48906283437500003 0.3 0.4875 0.3 0.48281283437500006 0.2953125 0.48125 0.2953125 0.47812566875 0.2921875 0.476562834375 0.2921875 0.47187566875 0.2875 0.47031283437500004 0.2875 0.46562433125 0.2828125 0.46406283437500007 0.2828125 0.45781283437500003 0.2765625 0.45625 0.2765625 0.45312566875 0.2734375 0.45156283437500006 0.2734375 0.445312834375 0.2671875 0.44375 0.2671875 0.44218716562499993 0.265625 0.44218716562499993 0.2640625 0.44062566875 0.2640625 0.43906283437500004 0.2625 0.4375 0.2625 0.43125 0.25625 0.429687165625 0.25625 0.42031283437500006 0.246875 0.41875 0.246875 0.41718716562499997 0.2453125 0.41562566875 0.2453125 0.414062834375 0.24375 0.40937566875 0.24375 0.40312433125 0.2375 0.40312433125 0.2359375 0.39375 0.2265625 0.39375 0.225 0.392187165625 0.2234375 0.39062566875 0.2234375 0.389062834375 0.221875 0.385937165625 0.221875 0.38437566875 0.2203125 0.379687165625 0.2203125 0.37812566875 0.21875 0.370312834375 0.21875 0.36875 0.2171875 0.36875 0.215625 0.367187165625 0.2140625 0.36562566875 0.2140625 0.364062834375 0.2125 0.360937165625 0.2125 0.35937566875 0.2109375 0.357812834375 0.2109375 0.357812834375 0.228125 0.367187165625 0.228125 0.370312834375 0.23125 0.370312834375 0.2328125 0.37187433125 0.234375 0.375 0.234375 0.382812834375 0.2421875 0.38437566875 0.2421875
5 0.2 0.11875 0.2 0.190625 0.317187165625 0.190625 0.317187165625 0.11875 0.2 0.11875
4 0.9421871656249999 0.5359375 0.9421871656249999 0.534375 0.94375 0.5328125 0.94375 0.4640625 0.85937566875 0.4640625 0.85937566875 0.5328125 0.8625 0.5328125 0.8640628343750001 0.534375 0.8656256687500001 0.534375 0.86875 0.5375 0.939062834375 0.5375 0.9406256687500001 0.5359375 0.9421871656249999 0.5359375
5 0.139062834375 0.23125 0.14062566875 0.2328125 0.275 0.2328125 0.275 0.1984375 0.273437165625 0.1984375 0.27187433125 0.196875 0.27187433125 0.1953125 0.026562834375 0.1953125 0.026562834375 0.2328125 0.076562834375 0.2328125 0.07812566875 0.23125 0.107812834375 0.23125 0.10937566875 0.2328125 0.117187165625 0.2328125 0.11875 0.23125 0.139062834375 0.23125
1 0.725 0.19375 0.720312834375 0.1984375 0.71875 0.1984375 0.71562566875 0.2015625 0.7140628343750001 0.2015625 0.70937566875 0.20625 0.7078128343750001 0.20625 0.70625 0.2078125 0.704687165625 0.2078125 0.701562834375 0.2109375 0.7 0.2109375 0.6984371656249999 0.2125 0.69687433125 0.2125 0.695312834375 0.2140625 0.6921871656249999 0.2140625 0.6875 0.21875 0.685937165625 0.21875 0.68437433125 0.2203125 0.6828128343750001 0.2203125 0.6828128343750001 0.221875 0.679687165625 0.225 0.67812433125 0.225 0.67187566875 0.23125 0.670312834375 0.23125 0.66875 0.2328125 0.6671871656249999 0.2328125 0.664062834375 0.2359375 0.6625 0.2359375 0.6609371656249999 0.2375 0.65937566875 0.2375 0.65625 0.240625 0.654687165625 0.240625 0.65 0.2453125 0.648437165625 0.2453125 0.6453128343750001 0.2484375 0.64375 0.2484375 0.64062566875 0.2515625 0.6375 0.2515625 0.6359371656249999 0.253125 0.63437566875 0.253125 0.63125 0.25625 0.6296871656249999 0.25625 0.62812566875 0.2578125 0.626562834375 0.2578125 0.62187433125 0.2625 0.6203128343750001 0.2625 0.61875 0.2640625 0.617187165625 0.2640625 0.6140628343750001 0.2671875 0.6125 0.2671875 0.610937165625 0.26875 0.60937566875 0.26875 0.607812834375 0.2703125 0.60625 0.2703125 0.60312566875 0.2734375 0.601562834375 0.2734375 0.5984371656249999 0.2765625 0.59687566875 0.2765625 0.592187165625 0.28125 0.59062433125 0.28125 0.5890628343750001 0.2828125 0.5875 0.2828125 0.58125 0.2890625 0.58125 0.29375 0.5828128343750001 0.2953125 0.5828128343750001 0.3140625 0.58125 0.315625 0.58125 0.3171875 0.575 0.3234375 0.5734371656249999 0.3234375 0.57187566875 0.325 0.570312834375 0.325 0.570312834375 0.3328125 0.5875 0.3328125 0.5890628343750001 0.33125 0.59687566875 0.33125 0.5984371656249999 0.3328125 0.60937566875 0.3328125 0.610937165625 0.33125 0.610937165625 0.3296875 0.6125 0.328125 0.6125 0.3265625 0.6140628343750001 0.325 0.6140628343750001 0.3234375 0.61562433125 0.321875 0.61562433125 0.3203125 0.625 0.3109375 0.626562834375 0.3109375 0.62812566875 0.309375 0.62812566875 0.3078125 0.6296871656249999 0.30625 0.6296871656249999 0.3046875 0.63125 0.303125 0.63125 0.3015625 0.632812834375 0.3 0.63437566875 0.3 0.6375 0.296875 0.639062834375 0.296875 0.6453128343750001 0.290625 0.6453128343750001 0.2890625 0.65312433125 0.28125 0.65312433125 0.2796875 0.664062834375 0.26875 0.66562566875 0.26875 0.67187566875 0.2625 0.673437165625 0.2625 0.675 0.2609375 0.6765628343750001 0.2609375 0.68125 0.25625 0.6828128343750001 0.25625 0.685937165625 0.253125 0.6875 0.253125 0.69062566875 0.25 0.6921871656249999 0.25 0.69375 0.2484375 0.695312834375 0.2484375 0.69687433125 0.246875 0.6984371656249999 0.246875 0.701562834375 0.24375 0.70312566875 0.24375 0.704687165625 0.2421875 0.70625 0.2421875 0.7078128343750001 0.240625 0.70937566875 0.240625 0.710937165625 0.2390625 0.7125 0.2390625 0.7140628343750001 0.2375 0.71562566875 0.2375 0.717187165625 0.2359375 0.72187566875 0.2359375 0.7234371656249999 0.234375 0.726562834375 0.234375 0.7296871656249999 0.23125 0.7296871656249999 0.2296875 0.73125 0.228125 0.73125 0.2265625 0.732812834375 0.225 0.73437566875 0.225 0.735937165625 0.2234375 0.735937165625 0.221875 0.742187165625 0.215625 0.742187165625 0.2140625 0.7453128343750001 0.2109375 0.74687566875 0.2109375 0.748437165625 0.209375 0.75 0.209375 0.75 0.20625 0.751562834375 0.2046875 0.751562834375 0.190625 0.75 0.1890625 0.75 0.1875 0.74375 0.18125 0.7375 0.18125 0.732812834375 0.1859375 0.732812834375 0.1875 0.73125 0.1890625 0.73125 0.190625 0.7296871656249999 0.1921875 0.72812433125 0.1921875 0.726562834375 0.19375 0.725 0.19375
4 0.1875 0.2796875 0.1875 0.3390625 0.2875 0.3390625 0.2875 0.2796875 0.1875 0.2796875
5 0.8015628343750001 0.2984375 0.8015628343750001 0.33125 0.914062834375 0.33125 0.914062834375 0.2984375 0.8015628343750001 0.2984375
5 0.59687566875 0.2125 0.5984371656249999 0.2109375 0.6 0.2109375 0.601562834375 0.209375 0.60312566875 0.209375 0.60312566875 0.171875 0.47031283437500004 0.171875 0.47031283437500004 0.2078125 0.47187566875 0.2078125 0.47343716562499993 0.209375 0.47968716562499997 0.209375 0.48125 0.2109375 0.5046871656249999 0.2109375 0.50625 0.2125 0.59687566875 0.2125
5 0.40156283437500007 0.5234375 0.40156283437500007 0.6375 0.5875 0.6375 0.5875 0.5234375 0.40156283437500007 0.5234375
0 0.6984371656249999 0.15 0.7 0.1515625 0.701562834375 0.1515625 0.70312566875 0.15 0.7125 0.15 0.7140628343750001 0.1484375 0.732812834375 0.1484375 0.73437566875 0.146875 0.735937165625 0.146875 0.742187165625 0.140625 0.742187165625 0.1390625 0.74375 0.1375 0.74375 0.090625 0.595312834375 0.090625 0.59375 0.0921875 0.50312566875 0.0921875 0.501562834375 0.090625 0.45 0.090625 0.45 0.1515625 0.6375 0.1515625 0.639062834375 0.15 0.6609371656249999 0.15 0.6625 0.1515625 0.67187566875 0.1515625 0.673437165625 0.15 0.6984371656249999 0.15
1 0.49375 0.3796875 0.492187165625 0.38125 0.48906283437500003 0.38125 0.4875 0.3828125 0.48593716562499994 0.3828125 0.48125 0.3875 0.47968716562499997 0.3875 0.47812566875 0.3890625 0.476562834375 0.3890625 0.47031283437500004 0.3953125 0.46875 0.3953125 0.45937566875 0.4046875 0.45781283437500003 0.4046875 0.45468716562499994 0.4078125 0.45312566875 0.4078125 0.44062566875 0.4203125 0.43906283437500004 0.4203125 0.43906283437500004 0.421875 0.43437433125 0.4265625 0.43281283437500007 0.4265625 0.42187566875 0.4375 0.42031283437500006 0.4375 0.395312834375 0.4625 0.39375 0.4625 0.389062834375 0.4671875 0.3875 0.4671875 0.385937165625 0.46875 0.38437566875 0.46875 0.379687165625 0.4734375 0.37812566875 0.4734375 0.376562834375 0.475 0.37187433125 0.475 0.37187433125 0.4953125 0.373437165625 0.496875 0.3875 0.496875 0.392187165625 0.4921875 0.39375 0.4921875 0.39375 0.490625 0.39687566875 0.4875 0.398437165625 0.4875 0.40312433125 0.4828125 0.40468716562499996 0.4828125 0.40781283437500004 0.4796875 0.40937566875 0.4796875 0.41093716562499993 0.478125 0.4125 0.478125 0.41718716562499997 0.4734375 0.41875 0.4734375 0.42187566875 0.4703125 0.42343716562499994 0.4703125 0.42656283437500003 0.4671875 0.42812566875 0.4671875 0.43593716562499996 0.459375 0.4375 0.459375 0.44687566875 0.45 0.44843716562499997 0.45 0.45625 0.4421875 0.45781283437500003 0.4421875 0.46406283437500007 0.4359375 0.46562433125 0.4359375 0.47187566875 0.4296875 0.475 0.4296875 0.48125 0.4234375 0.48281283437500006 0.4234375 0.48906283437500003 0.4171875 0.49062566875 0.4171875 0.492187165625 0.415625 0.492187165625 0.4140625 0.49531283437500007 0.4109375 0.49687433125 0.4109375 0.5125 0.3953125 0.5125 0.39375 0.51562566875 0.390625 0.51562566875 0.3890625 0.517187165625 0.3875 0.517187165625 0.3859375 0.51875 0.384375 0.51875 0.3828125 0.5203128343750001 0.38125 0.5203128343750001 0.378125 0.52187566875 0.3765625 0.52187566875 0.375 0.523437165625 0.3734375 0.523437165625 0.371875 0.525 0.3703125 0.523437165625 0.36875 0.523437165625 0.365625 0.5203128343750001 0.365625 0.517187165625 0.36875 0.514062834375 0.36875 0.5125 0.3703125 0.50625 0.3703125 0.5046871656249999 0.371875 0.50312566875 0.371875 0.49531283437500007 0.3796875 0.49375 0.3796875
0 0.57187566875 0.44375 0.57187566875 0.4890625 0.6 0.4890625 0.6 0.44375 0.57187566875 0.44375
5 0.6359371656249999 0.5875 0.74062566875 0.5875 0.74062566875 0.5515625 0.607812834375 0.5515625 0.607812834375 0.5875 0.61875 0.5875 0.6203128343750001 0.5859375 0.626562834375 0.5859375 0.62812566875 0.5875 0.6296871656249999 0.5859375 0.63437566875 0.5859375 0.6359371656249999 0.5875
1 0.3 0.515625 0.30312433125 0.5125 0.30312433125 0.5109375 0.304687165625 0.509375 0.304687165625 0.5046875 0.30625 0.503125 0.30625 0.4875 0.304687165625 0.4859375 0.304687165625 0.4546875 0.30625 0.453125 0.30625 0.4515625 0.304687165625 0.45 0.304687165625 0.4453125 0.30625 0.44375 0.30625 0.4171875 0.304687165625 0.415625 0.304687165625 0.375 0.30625 0.3734375 0.279687165625 0.3734375 0.279687165625 0.5234375 0.29062566875 0.5234375 0.292187165625 0.521875 0.29375 0.521875 0.295312834375 0.5203125 0.29687566875 0.5203125 0.3 0.5171875 0.3 0.515625
4 0.773437165625 0.3328125 0.773437165625 0.33125 0.775 0.3296875 0.775 0.278125 0.68437433125 0.278125 0.68437433125 0.3296875 0.685937165625 0.33125 0.6875 0.33125 0.689062834375 0.3328125 0.69375 0.3328125 0.695312834375 0.334375 0.77187566875 0.334375 0.773437165625 0.3328125
1 0.6453128343750001 0.4125 0.64687433125 0.4125 0.6515628343750001 0.4171875 0.65312433125 0.4171875 0.65937566875 0.4234375 0.6609371656249999 0.4234375 0.66562566875 0.428125 0.6671871656249999 0.428125 0.670312834375 0.43125 0.67187566875 0.43125 0.6765628343750001 0.4359375 0.67812433125 0.4359375 0.68437433125 0.4421875 0.685937165625 0.4421875 0.689062834375 0.4453125 0.689062834375 0.446875 0.69062566875 0.446875 0.6921871656249999 0.4484375 0.69375 0.4484375 0.695312834375 0.45 0.69687433125 0.45 0.6984371656249999 0.4515625 0.6984371656249999 0.453125 0.7 0.453125 0.7078128343750001 0.4609375 0.70937566875 0.4609375 0.710937165625 0.4625 0.7125 0.4625 0.717187165625 0.4671875 0.71875 0.4671875 0.720312834375 0.46875 0.72187566875 0.46875 0.726562834375 0.4734375 0.72812433125 0.4734375 0.732812834375 0.478125 0.73437566875 0.478125 0.7375 0.48125 0.7390628343750001 0.48125 0.7453128343750001 0.4875 0.74687566875 0.4875 0.757812834375 0.4984375 0.75937433125 0.4984375 0.7625 0.5015625 0.764062834375 0.5015625 0.779687165625 0.5171875 0.779687165625 0.51875 0.782812834375 0.521875 0.782812834375 0.5234375 0.789062834375 0.5296875 0.79062433125 0.5296875 0.79687566875 0.5359375 0.798437165625 0.5359375 0.8234371656249999 0.5609375 0.826562834375 0.5609375 0.8390628343750001 0.5734375 0.8406256687500001 0.5734375 0.8468756687500001 0.5796875 0.8640628343750001 0.5796875 0.8640628343750001 0.5546875 0.8531243312499999 0.54375 0.851562834375 0.54375 0.8484371656249999 0.540625 0.8484371656249999 0.5390625 0.8468756687500001 0.5390625 0.8328128343750001 0.525 0.83125 0.525 0.82812566875 0.521875 0.82812566875 0.5203125 0.826562834375 0.5203125 0.825 0.51875 0.8234371656249999 0.51875 0.8218743312499999 0.5171875 0.820312834375 0.5171875 0.8156256687500001 0.5125 0.814062834375 0.5125 0.8015628343750001 0.5 0.8 0.5 0.798437165625 0.4984375 0.798437165625 0.496875 0.79687566875 0.4953125 0.795312834375 0.4953125 0.7859371656249999 0.4859375 0.7859371656249999 0.484375 0.78125 0.4796875 0.78125 0.478125 0.77812566875 0.475 0.77812566875 0.4734375 0.7765628343750001 0.471875 0.775 0.471875 0.773437165625 0.4703125 0.77187566875 0.4703125 0.7703128343750001 0.46875 0.76562566875 0.46875 0.764062834375 0.4671875 0.7625 0.4671875 0.757812834375 0.4625 0.75625 0.4625 0.75312566875 0.459375 0.751562834375 0.459375 0.748437165625 0.45625 0.74687566875 0.45625 0.74062566875 0.45 0.7390628343750001 0.45 0.732812834375 0.44375 0.73125 0.44375 0.725 0.4375 0.7234371656249999 0.4375 0.71875 0.4328125 0.717187165625 0.4328125 0.71562566875 0.43125 0.7140628343750001 0.43125 0.7078128343750001 0.425 0.70625 0.425 0.7 0.41875 0.6984371656249999 0.41875 0.6921871656249999 0.4125 0.69062566875 0.4125 0.689062834375 0.4109375 0.6875 0.4109375 0.685937165625 0.409375 0.685937165625 0.4078125 0.68437433125 0.40625 0.6828128343750001 0.40625 0.67187566875 0.3953125 0.670312834375 0.3953125 0.66875 0.39375 0.6671871656249999 0.39375 0.6625 0.3890625 0.6609371656249999 0.3890625 0.657812834375 0.3859375 0.65625 0.3859375 0.65312433125 0.3828125 0.6515628343750001 0.3828125 0.642187165625 0.3734375 0.63125 0.3734375 0.63125 0.4046875 0.63437566875 0.4078125 0.6359371656249999 0.4078125 0.6375 0.409375 0.639062834375 0.409375 0.64062566875 0.4109375 0.64375 0.4109375 0.6453128343750001 0.4125