3 0.129181028125 0.27997801093749997 0.096273615625 0.288631390625 0.1042737 0.33169113125 0.137181109375 0.323037753125 0.129181028125 0.27997801093749997
1 0.183126190625 0.3090717 0.1558506015625 0.3019472890625 0.154615403125 0.3242333109375 0.18422915 0.3395209984375 0.183126190625 0.3090717
5 0 0.3046740140625 0.057472579687500004 0.3257496640625 0.056858454687500004 0.21379805 0 0.1847432609375 0 0.3046740140625
5 0.059423340625 0.3871222140625 0.060125609375 0.387794446875 0.1821177703125 0.4464774 0.1827954296875 0.42115472499999995 0.0596164625 0.36293387187500004 0.059423340625 0.3871222140625
5 0.1581823265625 0.338402490625 0.1365080765625 0.3276447078125 0.13632577343750002 0.35028233124999997 0.1607588734375 0.3639354453125 0.1581823265625 0.338402490625
5 0.3238209921875 0.44098731406249997 0.2666259015625 0.41501663281249995 0.2662918046875 0.43818399062499996 0.3222904890625 0.46438631875 0.3238209921875 0.44098731406249997
0 0.4320324234375 0.46880437031250005 0.34212073125 0.42822783124999997 0.34264585937500003 0.47882532656250004 0.43261395468749997 0.5195415953125 0.4320324234375 0.46880437031250005
1 0.4568850859375 0.43232641406249994 0.45875472031250003 0.4060390984375 0.44094715000000007 0.39815354062499997 0.438818503125 0.4162831734375 0.4568850859375 0.43232641406249994
0 0.4020743734375 0.3773089421875 0.3896561703125 0.3716838171875 0.390349828125 0.400448528125 0.4016573421875 0.40544972343749996 0.4020743734375 0.3773089421875
1 0.26321944375 0.3651699953125 0.2646134 0.36206567343749996 0.5956466328125 0.16271154999999998 0.5945215359375 0.13789361718749998 0.2629330359375 0.3398576296875 0.26321944375 0.3651699953125
5 0.6994087578125 0.51485369375 0.6461898828125 0.4916446078125 0.6463598859374999 0.5177308359375 0.7000757937500001 0.5442766031249999 0.6994087578125 0.51485369375
5 0.8704331953125 0.66843983125 0.9650870765624999 0.7146736953125 0.9703227171875 0.6022623984375 0.8693847328125001 0.548388 0.8704331953125 0.66843983125
1 0.86598995 0.615941684375 0.840983553125 0.6008505359375 0.8416111484375 0.625910665625 0.8658025593750001 0.639794396875 0.86598995 0.615941684375
1 0.7260084296875 0.4890719640625 0.7163270421875 0.51349831875 0.70377369375 0.49905333125 0.7055576921875 0.5176269578125 0.72888950625 0.54965664375 0.7285774390624999 0.5304095640625001 0.7317633031249999 0.51516359375 0.7513771609375001 0.5258051609375001 0.7531026437499999 0.49902501875 0.7260084296875 0.4890719640625
0 0.8137285656250001 0.781417253125 0.812702915625 0.7525580093750001 0.8007590921875 0.74279411875 0.7993744031250001 0.7739203 0.8137285656250001 0.781417253125
1 0.891396325 0.7379107203124999 0.89365164375 0.7148404875 0.8676614671875 0.7028208046875 0.8673675515625 0.7241217359375 0.8672796843749999 0.7265359796874999 0.891396325 0.7379107203124999
0 0.899654396875 0.7369597390625 0.8877135484374999 0.7357095250000001 0.888343596875 0.76484099375 0.9011633078125 0.768834253125 0.899654396875 0.7369597390625
1 0.8165497687500001 0.7348391375000001 0.87287281875 0.6969840796875 0.8624172671875 0.6784439296875 0.8073113859375001 0.7187087296875 0.8165497687500001 0.7348391375000001
1 0.803602584375 0.745069409375 0.8043856921874999 0.7465909203125001 0.8200933656249999 0.7554139328125 0.8182250890624999 0.7316790125 0.8041629484374999 0.7238916125 0.803602584375 0.745069409375
0 0.7866060625 0.7341987171875 0.78547170625 0.7046441265625 0.772960109375 0.7021245406250001 0.773653540625 0.7261922640625 0.7866060625 0.7341987171875
1 0.7296750624999999 0.7814088515625001 0.7301369046875 0.7846365921875 0.7385945640625 0.7964843687500001 0.7395071109375 0.6210263359375 0.7283594859375 0.6056707375 0.7296750624999999 0.7814088515625001
0 0.6906332421875 0.7377189921875 0.690914740625 0.7081693921875 0.6798111125 0.7040749046875 0.6788154796875 0.730659715625 0.6791667828125 0.7321572625 0.6906332421875 0.7377189921875
0 0.647661075 0.7919936187500001 0.6362035453125 0.7993932953125 0.6433092359375 0.8230124625 0.6546985203125 0.8150011265625 0.647661075 0.7919936187500001
1 0.538163221875 0.9034259921875 0.5936641078125 0.8607434625 0.5849442953125 0.8487509640625 0.528824090625 0.8871197828125 0.538163221875 0.9034259921875
1 0.5493587453125001 0.9185269265624999 0.5502698374999999 0.47487517968750004 0.5372407453125 0.452968196875 0.5404635921875001 0.90284949375 0.5493587453125001 0.9185269265624999
1 0.536941521875 0.6612874578125 0.537694734375 0.453963696875 0.5262450203125 0.43514969218750005 0.5259601093749999 0.6418059390625 0.536941521875 0.6612874578125
0 0.5168388296875001 0.7589223875 0.5153810546875001 0.7344442328125 0.50095098125 0.729783421875 0.50158341875 0.7478200109375 0.50154473125 0.7520214984375 0.5168388296875001 0.7589223875
2 0.5243755796875 0.8512757640625 0.5218886125 0.4269420828125 0.5942112921875 0.21979105937500001 0.5823281437500001 0.2037481078125 0.26943008281249997 0.3962354515625 0.263326921875 0.22143125624999999 0.25128980625 0.2110043296875 0.13169924375 0.2793226375 0.1350419796875 0.30612812031250003 0.25533643281249996 0.23453691718749997 0.25972098125 0.40443798124999997 0.2721037 0.41799138124999996 0.57905806875 0.2253520625 0.5089140640625 0.41890050937499995 0.5135655109374999 0.8583733515624999 0.52293653125 0.873727903125 0.7124837109375 0.750664740625 0.7150075828125 0.592159671875 0.786230603125 0.692043365625 0.83686509375 0.661800678125 0.8273723078125 0.6380171031249999 0.7842185265625 0.6720454796875 0.71365063125 0.5652059031250001 0.7038375203125 0.567786371875 0.7006190296875 0.74191081875 0.5243755796875 0.8512757640625
1 0.5561119156250001 0.9143713296874999 0.5573776703125 0.9124451468749999 0.56047313125 0.9116311609375 0.5623033640624999 0.9127432171875001 0.5638513578125 0.9123361546875 0.5656813875 0.9134471281250001 0.56722938125 0.9130400640625 0.5690596140624999 0.9141521203125 0.5706070796875 0.9137451953125 0.5724373109374999 0.9148572515625 0.57398530625 0.9144501875 0.5752510625 0.91252400625 0.57989451875 0.9113029593749999 0.5887548921875 0.8978230796875 0.5903028859375 0.8974160187500001 0.5915681140625 0.8954899765625 0.5962120984375 0.8942687875 0.5987438140625 0.8904175109375 0.6002912796875 0.8900105859374999 0.6015572375 0.8880854890625001 0.6031052296875 0.887678425 0.6043709890625 0.8857522453125 0.61211043125 0.883717071875 0.6133763875 0.8817919734374999 0.614924384375 0.8813849093749999 0.6174555703125 0.8775337703125 0.6205515593750001 0.8767196453125001 0.621817315625 0.8747934640624999 0.628008765625 0.873165353125 0.629274521875 0.8712391703125 0.6478488703124999 0.8663548343749999 0.6491148265625 0.8644297390625001 0.6506628203125 0.864022675 0.6519285765625 0.8620964953125 0.653476571875 0.86168943125 0.6572737171874999 0.85591319375 0.6588217109375 0.85550613125 0.6600874671875 0.8535799515625 0.6616354624999999 0.8531728875000001 0.6629006921875 0.8512468453125001 0.6659966796875 0.8504327203125 0.6672626375 0.8485076234375001 0.6703580984374999 0.8476936374999999 0.6716238546875 0.8457674562499999 0.67317185 0.84536039375 0.674437809375 0.843435296875 0.6806292578125 0.8418071843750001 0.6818950125 0.8398810046875 0.68653846875 0.8386599546875001 0.687804425 0.8367348578125 0.689352421875 0.83632779375 0.691884134375 0.832476515625 0.6934316015624999 0.8320695921875 0.694697359375 0.8301434109375 0.711724240625 0.8256659984375 0.712989996875 0.8237398171875 0.7145379890625 0.8233327546875 0.714255953125 0.8218147218749999 0.7155217125 0.8198885390624999 0.717069178125 0.8194816156250001 0.7183351359375 0.8175565171875 0.721431125 0.8167423921875001 0.72269688125 0.8148162125 0.7273403359375 0.8135951625000001 0.7311378078125 0.807817703125 0.7326852734375 0.8074107796875 0.7339512312500001 0.8054856812500001 0.7336689953125 0.8039665640625 0.734934953125 0.8020414671875 0.7329598953125 0.7914108890625 0.7292996328125 0.7891878609375 0.723108184375 0.7908159734375 0.721842225 0.792741071875 0.711007321875 0.7955902312500001 0.7097415640625 0.7975164140625 0.7081935703125 0.7979234749999999 0.7056618546875 0.80177475625 0.69947040625 0.8034028671875 0.69820465 0.8053290484375 0.687369746875 0.8081782093750001 0.6861037890625 0.81010330625 0.68455579375 0.8105103687499999 0.6832900359375 0.8124365499999999 0.6817420421875 0.8128436125 0.680476084375 0.8147687093749999 0.6789286171875 0.815175634375 0.6776628609375 0.817101815625 0.6652794359375 0.8203581765625 0.6640140062500001 0.8222831375 0.660918015625 0.8230972624999999 0.6596522593749999 0.8250234421875 0.658104265625 0.8254305046875 0.656838834375 0.8273554640624999 0.655290840625 0.8277625265624999 0.654025084375 0.82968870625 0.6447376453125 0.8321309453125 0.643471890625 0.8340571234375 0.640376428125 0.8348711124999999 0.639110471875 0.836796209375 0.637562478125 0.8372032703125001 0.6362967187499999 0.8391294531250001 0.633201259375 0.8399434375 0.6319353015625 0.8418685375000001 0.6241958578125 0.8439037125000001 0.6229301015625001 0.8458298937500001 0.6213821078125 0.84623695625 0.6175851640625 0.8520142749999999 0.61294118125 0.8532354640625 0.6091440359375 0.8590117015625 0.6075960421875 0.8594187640625 0.6063302859374999 0.86134494375 0.6016868296875 0.86256599375 0.600420871875 0.8644910906250001 0.5973248828125 0.8653052156250001 0.5947936968749999 0.8691563546875001 0.5901497140624999 0.8703775437499999 0.58888395625 0.8723037250000001 0.5842405015625001 0.8735247734374999 0.58297474375 0.8754509546874999 0.58142675 0.875858015625 0.58016079375 0.877783115625 0.578613325 0.8781900390624999 0.57734756875 0.8801162203124999 0.575799575 0.8805232843749999 0.5745336171875 0.8824483796875 0.5652461796875 0.884890615625 0.56398095 0.8868166593750001 0.5546935140625 0.8892588984375 0.55286328125 0.888146840625 0.5497672921875 0.888960965625 0.5479372625 0.8878499953125001 0.5463897953125 0.88825691875 0.540899303125 0.8849218359375 0.5393513078125001 0.885328896875 0.5380855515625 0.887255078125 0.544010525 0.9191457281250001 0.54584075625 0.9202577812499999 0.54893674375 0.91944365625 0.5507669749999999 0.9205557125 0.5523149703125 0.9201486484375 0.5535802000000001 0.9182226078125 0.5551281921875 0.9178155453124999 0.5563939515625 0.9158893640624999 0.5561119156250001 0.9143713296874999
4 0.22403469999999998 0.096961928125 0.233909990625 0.1501148140625 0.26022430937499996 0.1431951640625 0.25119553125 0.0945985515625 0.24753526718750002 0.092375525 0.24725302968750001 0.0908564046875 0.22403469999999998 0.096961928125
0 0.6560035671875 0.534493375 0.6545927828125 0.526899953125 0.652762753125 0.5257889812500001 0.652480515625 0.5242698625 0.6506508125 0.5231576687499999 0.6503687765625 0.5216396328124999 0.6467085124999999 0.51941660625 0.6420650578125 0.5206376546875 0.64742575625 0.5494911515625 0.6551652015625 0.5474559765625 0.654600928125 0.544418821875 0.6558663578124999 0.5424938625 0.6547378109374999 0.5364195578125 0.6560035671875 0.534493375
1 0.44113228437499996 0.2867645546875 0.442398040625 0.284838371875 0.4516854796875 0.2823961359375 0.4529507078125 0.28047009375 0.456046696875 0.27965596875 0.4585784109375 0.2758046890625 0.46012587656250004 0.275397765625 0.4613918359375 0.27347266875 0.4706792734375 0.2710304296875 0.4757419734375 0.263326928125 0.4850294125 0.2608846921875 0.48629536875 0.2589595953125 0.48784336406250006 0.2585525328125 0.4891091203125 0.25662635 0.4906565875 0.2562194265625 0.49192254375 0.2542943296875 0.493470540625 0.2538872671875 0.4947362953125 0.25196108437500003 0.5009277453125 0.2503329734375 0.5021937015625 0.24840787656250002 0.5052896921875 0.24759375156250002 0.507820878125 0.2437426125 0.5093688734375 0.2433355484375 0.5106346296875001 0.24140936875 0.5121826234375 0.2410023046875 0.5134478546875 0.23907626249999997 0.5103442484375 0.22237138125000003 0.5087967812499999 0.222778303125 0.50696675 0.22166733125000002 0.5007753015625 0.22329544375000002 0.49950934374999995 0.22522054218749998 0.49796135 0.22562760312500002 0.4966955921875 0.227553784375 0.48586016093750006 0.230403084375 0.48459473124999997 0.23232804218749997 0.48149874062500003 0.23314216875 0.4789670265625 0.23699344687499999 0.4774195609375 0.2374003703125 0.47615380468749996 0.239326553125 0.46686636718749996 0.24176879062499998 0.46560060937500003 0.24369497187500003 0.464052615625 0.2441020328125 0.461521428125 0.2479531734375 0.458425440625 0.2487672984375 0.45715948125 0.2506923953125 0.454064021875 0.25150638281250004 0.4527982640625 0.2534325625 0.45125027187500005 0.253839625 0.4487185546875 0.2576909046875 0.4471710890625 0.25809782812500004 0.44590533125 0.2600240078125 0.43971335468749995 0.26165225937500003 0.438447925 0.26357721875 0.43689993125 0.2639842796875 0.435634175 0.2659104609375 0.434086178125 0.26631752343750004 0.432820221875 0.268242621875 0.43127275468750004 0.2686495453125 0.4300069984375 0.27057572812499997 0.42071956093749996 0.2730179640625 0.424669678125 0.29427911875 0.43550510937500003 0.29142981875 0.43677033749999994 0.28950377656250004 0.4383183328125 0.2890967125 0.43958429062500004 0.2871716171875 0.44113228437499996 0.2867645546875
4 0.7162032421875 0.4565424109375 0.740969565625 0.450029825 0.731094275 0.3968769390625 0.7292642453125 0.3957659671875 0.7060459140625001 0.40187149218749996 0.7162032421875 0.4565424109375
0 0.64425548125 0.698459578125 0.6455212375 0.6965333984375001 0.6443926906249999 0.6904590921875 0.6456584484375 0.6885329125 0.6453764109375 0.6870148765625 0.6466421671875 0.6850886968750001 0.6429742890625 0.665346659375 0.63748379375 0.662011578125 0.6359358015625001 0.662418640625 0.6304460359374999 0.6590845015625 0.6288980421875 0.6594915640625 0.6270678109375 0.6583795078125 0.62552034375 0.65878643125 0.62002985 0.6554513484375 0.6184818562500001 0.6558584109375001 0.616651825 0.6547474390625 0.615104359375 0.6551543625 0.6132741265625 0.6540423093750001 0.6117261328125 0.6544493703125001 0.6098961046875 0.6533383984375 0.608348109375 0.6537454609375 0.591877884375 0.64374101875 0.5903298921875 0.64414808125 0.5884996609375001 0.643036025 0.5854041984375 0.6438500109375 0.5780842015625 0.6394038171875 0.57344021875 0.64062500625 0.5588000265625 0.6317315328124999 0.5557040375 0.6325456593750001 0.553172321875 0.6363969375 0.55162485625 0.6368038609375 0.54909334375 0.6406562234375001 0.545997353125 0.6414703484375 0.5519223265625001 0.673360996875 0.5555825890625 0.675584025 0.5558648265625 0.6771031421875 0.5576950578125001 0.6782152 0.55797709375 0.67973323125 0.563467059375 0.6830684546875 0.5637490953125 0.684586490625 0.565297090625 0.6841794265625001 0.581767315625 0.6941838703125 0.5833153078125 0.69377680625 0.5869757718749999 0.69600091875 0.5872578078124999 0.6975189546875 0.588805803125 0.697111890625 0.5979560296875001 0.702670140625 0.5995034968749999 0.702263215625 0.603163759375 0.70448624375 0.6047117515625 0.70407918125 0.608372015625 0.7063022078125 0.6099194812500001 0.705895284375 0.6117497125 0.7070073406249999 0.6132977078125 0.7066002765625 0.626108196875 0.7143815546875001 0.6276556624999999 0.7139746296875 0.62948569375 0.7150856046875 0.6310336890625 0.714678540625 0.6346939500000001 0.71690156875 0.6349761875000001 0.7184206859375 0.638635921875 0.7206438515625 0.6448279 0.7190156015625 0.6460933296875 0.7170906421875001 0.6458110921875 0.7155715234375 0.6470768484375 0.71364534375 0.64425548125 0.698459578125
4 0.5653482046875 0.4834693203125 0.587018540625 0.4777708578125 0.578554034375 0.432211396875 0.5748937703125 0.42998836875 0.5563194234375 0.43487270625 0.5653482046875 0.4834693203125
1 0.5485952140625 0.47194589843749996 0.548030940625 0.46890874374999997 0.5492966953125 0.4669825625 0.5490146593749999 0.46546452812499994 0.55028041875 0.46353834687499995 0.5499983828125 0.4620203125 0.5512641375 0.46009413125 0.5509819015625 0.45857501406249995 0.5522478578125 0.4566499171875 0.5519656203125 0.4551307984375 0.554496809375 0.45127965937500003 0.5542147734375 0.44976162343750004 0.556746284375 0.4459092625 0.5564642484375 0.4443912265625 0.5577300078125 0.44246504687500005 0.5571657328125 0.43942789375 0.558431690625 0.43750279531249997 0.558149453125 0.43598367812500005 0.5594148828125001 0.43405871874999996 0.560962878125 0.43365165625 0.562228634375 0.431725475 0.5619463984374999 0.4302063578125 0.5644781125 0.4263550796875 0.5660255796875 0.42594815468749997 0.5723542375 0.41631955625000006 0.5720722015625 0.41480152031250006 0.5733379578125 0.41287534062500003 0.573055921875 0.41135730625000005 0.57685339375 0.405579846875 0.5760068828125 0.4010235765625 0.579804028125 0.3952473390625 0.5795217906250001 0.3937282203125 0.5807877484375 0.391803125 0.5802232734375 0.3887648859375 0.58148923125 0.3868397890625 0.58120699375 0.3853206703125 0.5850041390625 0.37954443437499996 0.5841576296875 0.3749881625 0.5854233859375 0.37306198125 0.58514135 0.37154394687500003 0.5889382921874999 0.36576662656250003 0.5883740203125 0.3627294734375 0.5896397765625 0.3608032921875 0.589357740625 0.3592852578125 0.5918894546875 0.3554339796875 0.5916072171875 0.35391486250000004 0.592873175 0.3519897640625 0.5923089015625 0.3489526125 0.5948398874999999 0.3451003875 0.5945578515625 0.3435823546875 0.5970895671875 0.339731075 0.5968073296874999 0.33821195625 0.5980732875 0.336286859375 0.59779105 0.3347677421875 0.6003222359375 0.33091660156249997 0.60004 0.32939748281250003 0.6025717140625 0.32554620624999997 0.602289678125 0.3240281703125 0.6048213921875 0.3201768921875 0.60453915625 0.31865777500000003 0.6058043859375 0.31673173125 0.6052401109375001 0.31369457968750003 0.607771825 0.3098433 0.6074897906250001 0.308325265625 0.608755546875 0.3063990859375 0.608473309375 0.3048799671875 0.6097392671875 0.30295486875 0.6094570296875 0.3014357515625 0.613254175 0.2956595140625 0.6129719390624999 0.294140396875 0.614237896875 0.2922152984375 0.6133913843750001 0.2876590265625 0.6184542875 0.279956609375 0.6178898125 0.2769183734375 0.6191557703125 0.2749932765625 0.61887353125 0.2734741578125 0.6214052484375 0.26962287812499997 0.6211232125 0.2681048453125 0.6223884390625 0.2661788015625 0.622106403125 0.26466076875 0.6233721609375 0.2627345859375 0.6216793390625 0.2536231265625 0.6180194046875 0.2513988796875 0.615762309375 0.239250265625 0.6080228671875 0.24128544062500001 0.6098525718750001 0.24239763593750002 0.6101346078125001 0.2439156703125 0.6119648390625 0.2450277265625 0.6128111484375001 0.24958291093749999 0.6115453921875 0.25150909375 0.611827428125 0.2530271296875 0.6067647265625 0.2607306296875 0.6052167328125 0.2611376921875 0.6001538296875 0.268840109375 0.600718103125 0.2718772625 0.5994523484375 0.27380344375 0.599734384375 0.275321478125 0.598468628125 0.2772476609375 0.5987506625 0.2787656953125 0.5962194765625 0.282616834375 0.5965017125000001 0.284135953125 0.59523595625 0.28606213281250004 0.5963645046875 0.2921364390625 0.591301603125 0.2998388578125 0.5915838390625 0.301357975 0.5877861656250001 0.3071343515625 0.5880684046875 0.30865346875 0.5868024468749999 0.3105785671875 0.587366921875 0.313616803125 0.5861014890625 0.3155417609375 0.5863837265625 0.31706087968749996 0.58511776875 0.3189859765625 0.583569775 0.31939304062499996 0.58230401875 0.32131921874999997 0.583432565625 0.327393528125 0.578369665625 0.33509594531250003 0.5786519015625 0.3366150625 0.573589 0.34431748125 0.574435509375 0.348873753125 0.5731695515624999 0.35079885 0.573451790625 0.35231796875 0.5721860328124999 0.35424414843749996 0.5706380390625 0.3546512125 0.5693726078125 0.3565761703125 0.5705011546875001 0.3626504765625 0.5654379265625 0.370354115625 0.5657199625 0.37187215 0.56445420625 0.37379833281249997 0.5647362421875 0.375316365625 0.5622050546875 0.3791675046875 0.5624872921875 0.380686625 0.5612215359375 0.38261280468750003 0.561785809375 0.3856499578125 0.5567229078125 0.3933523765625 0.5578514546875 0.39942668124999997 0.5553197390625 0.403277959375 0.5537717437499999 0.403685021875 0.5525065171875 0.40561106562499993 0.552788553125 0.4071291 0.54899108125 0.412906559375 0.54927331875 0.4144256765625 0.5442104171875 0.42212809375000004 0.5444924531249999 0.42364612968750004 0.5432266953125 0.425572309375 0.5449195171875 0.43468376875 0.5436537593749999 0.43660994999999997 0.5439359953125 0.43812906875 0.5414048109375 0.44198020781249997 0.541686846875 0.44349824375 0.5404210890625001 0.44542442187500003 0.5407031250000001 0.4469424578125 0.53943736875 0.4488686390625 0.5397194046875 0.45038667343750005 0.5384536468750001 0.45231285625 0.544378821875 0.48420458593750004 0.5459268171875 0.48379752343750004 0.5453625421875 0.4807603703125 0.5466283015625 0.4788341890625 0.5460640265625 0.4757970375 0.5485952140625 0.47194589843749996
5 0.7981202093750001 0.478007840625 0.796572215625 0.47841490468750003 0.78925221875 0.4739687109375 0.7877042265624999 0.474375771875 0.7803842296875 0.4699295796875 0.778836234375 0.4703366421875 0.777006003125 0.46922458593750005 0.7754580078125 0.46963165 0.771797746875 0.46740862187500004 0.77025028125 0.467815546875 0.76842005 0.46670349062499994 0.7668720546875 0.4671105546875 0.7650420234374999 0.46599958125 0.76349403125 0.46640664374999996 0.761664325 0.4652944484375 0.76011633125 0.4657015125 0.7582863015625 0.4645905390625 0.7567383078125001 0.46499760312499994 0.7512483421875 0.4616623796875 0.749700346875 0.46206944375000003 0.7478703171875 0.460958471875 0.7463223218749999 0.46136553437499994 0.744492090625 0.46025347656250004 0.7413966296875001 0.46106746562499995 0.7395663984375 0.459955409375 0.7380184046875 0.460362471875 0.7343586703125 0.45813930625 0.7328106765625 0.45854636875 0.7273203828125 0.45521236875 0.7257729171875 0.45561929218749997 0.7166226875 0.45006104531249996 0.7150746953125 0.45046810625000006 0.7077541703125 0.44602205 0.7074719328125 0.4445029328125 0.7019819671875001 0.44116771093749996 0.7004339734375 0.44157477343749996 0.68396375 0.43157032968750003 0.6824157546875 0.4319773921875 0.6769259890625 0.4286432546875 0.6753779953125 0.42905031562499996 0.6735477640624999 0.42793826093750004 0.667356315625 0.42956637343750004 0.6648246 0.4334176515625 0.6659531484375 0.43949195625000004 0.6646873906249999 0.4414181390625 0.665251665625 0.4444552921875 0.6639864359375001 0.446381334375 0.66539701875 0.453973675 0.6708869828124999 0.457308896875 0.6711692218749999 0.45882801406249996 0.672999253125 0.4599389859375 0.674547246875 0.45953192343750005 0.6800372125 0.46286714531250006 0.6815852078125 0.46246008437499997 0.6834152375 0.4635710546875 0.6849627046875 0.46316413125 0.6867929359375 0.4642761859375 0.6883409281249999 0.463869125 0.6938314234375 0.46720420625000003 0.6953788890625 0.46679728281250005 0.69720891875 0.46790825468749997 0.698756915625 0.46750119218749997 0.700587146875 0.46861324687500006 0.7008691812500001 0.47013128281250005 0.7026994140625 0.4712433390625 0.70424688125 0.4708364140625 0.7170573703125 0.47861769218749994 0.7186053640625001 0.478210628125 0.7259253609375 0.48265682187500003 0.7290213484375 0.481842696875 0.7308515812499999 0.482954753125 0.732399046875 0.48254782812499997 0.739719571875 0.4869938828125 0.7412670375 0.486586959375 0.7449272984374999 0.4888099875 0.7452095375 0.49032910625000004 0.7467575296875 0.48992204375000004 0.7485875609375 0.49103301562499996 0.750135028125 0.490626090625 0.751965259375 0.49173814687500006 0.7535132531250001 0.49133108437499995 0.7590035453125 0.49466508437499995 0.7605510109375 0.49425816093749997 0.7733615015625 0.5020394375 0.774909496875 0.501632375 0.77856943125 0.503856625 0.7801174265624999 0.5034495625 0.78560771875 0.5067835625 0.7858899546875 0.5083026796875 0.7968702140625 0.5149719 0.79841768125 0.5145649765625 0.8057382046875 0.5190110328124999 0.806020440625 0.5205301515625 0.8115104078125001 0.5238653734375001 0.82698929375 0.5197950234375 0.82219266875 0.49397759687500004 0.8112124093749999 0.487308375 0.810930171875 0.4857892578125 0.7981202093750001 0.478007840625
0 0.6791129859375 0.9122910859375001 0.6774199640624999 0.90317854375 0.675589934375 0.9020675734375001 0.6710755453125 0.877769265625 0.6692453140625 0.876657209375 0.668963075 0.875138090625 0.6616430796875 0.8706918968749999 0.6600950859375 0.8710989609374999 0.6582650546875 0.8699879875000001 0.656717059375 0.87039505 0.6548873578125 0.8692828562500001 0.6471479125 0.8713180312500001 0.64743015 0.87283715 0.64616419375 0.874762246875 0.6467284671875 0.8777994 0.6429309937500001 0.8835768578125001 0.6432132328125 0.885095978125 0.641947803125 0.887020934375 0.6481552125000001 0.920431784375 0.649984715625 0.921542896875 0.6502669531249999 0.9230620140625 0.6557572453125 0.9263960140625 0.6560394828125 0.92791513125 0.6578697140624999 0.9290271875 0.6594171828125 0.9286202625 0.6630774421875001 0.9308432906249999 0.6633594796875 0.9323613265624999 0.6651897109375 0.93347338125 0.665471746875 0.9349914171875 0.66913148125 0.9372145828124999 0.6694137203125 0.9387337 0.69727603125 0.9314069890625 0.6964295203125 0.9268507171874999 0.6927692578125 0.9246276906249999 0.692487221875 0.92310965625 0.6906575187499999 0.9219974609375001 0.689109525 0.922404521875 0.68727949375 0.9212935515625 0.68699725625 0.9197744328124999 0.6851670249999999 0.9186623765625 0.6848849875 0.9171443421875001 0.6812252546875001 0.9149211749999999 0.6809430187500001 0.9134020578125 0.6791129859375 0.9122910859375001
0 0.18053710625 0.3871475078125 0.1768768421875 0.38492448125 0.17659460625 0.3834053609375 0.1747651046875 0.38229425156249996 0.1732171078125 0.3827013140625 0.1713868765625 0.3815892578125 0.171104640625 0.380070140625 0.167444378125 0.37784711249999997 0.1658969109375 0.3782540359375 0.16223665 0.3760310078125 0.1619546125 0.37451297499999997 0.16012438125 0.37340091875 0.1585763859375 0.37380798125000003 0.154916653125 0.3715848140625 0.154634415625 0.3700656953125 0.152804384375 0.368954725 0.148160403125 0.3701759140625 0.1463306984375 0.36906371718750003 0.1447827046875 0.3694707796875 0.1429526734375 0.368359809375 0.1426704359375 0.366840690625 0.14112244062499998 0.367247753125 0.1392924125 0.36613678125 0.137744946875 0.36654370625 0.1322544515625 0.363208621875 0.1291589921875 0.3640226078125 0.1278930328125 0.36594770625 0.1263450390625 0.36635476875 0.12507928125 0.3682809484375 0.12959367187499998 0.3925792546875 0.1311416671875 0.39217219375 0.134801928125 0.394395221875 0.1350841671875 0.39591434062499997 0.14240416250000001 0.400360534375 0.1426861984375 0.40187856875000005 0.1442341921875 0.40147150624999994 0.15155438906250002 0.40591878281250005 0.1531023828125 0.40551172031249993 0.15676211874999998 0.4077348859375 0.1583101125 0.40732782343749996 0.1674603421875 0.41288607343750006 0.1677423765625 0.41440410937500005 0.1816732703125 0.410740821875 0.1829392265625 0.408815725 0.181528440625 0.4012223 0.1827942 0.39929611875000004 0.18053710625 0.3871475078125
0 0.2009847765625 0.1651439453125 0.1987276828125 0.15299533437499999 0.19689745 0.151883278125 0.196333178125 0.148846125 0.1871829484375 0.143287875 0.1856349546875 0.1436949375 0.180145190625 0.1403607984375 0.1785971953125 0.1407678609375 0.1767669640625 0.13965580625000001 0.1752189703125 0.1400628703125 0.173389265625 0.138950675 0.1798787140625 0.173879559375 0.18142617968750002 0.1734726359375 0.1832564125 0.17458469062499998 0.18353865 0.176103809375 0.18719891093750002 0.1783268375 0.18748094843750002 0.179844871875 0.1890289421875 0.179437809375 0.1926886765625 0.181660975 0.1929709140625 0.1831800921875 0.2038063453125 0.1803307921875 0.20183128749999998 0.16970021562499998 0.20000105625 0.1685881609375 0.1997190203125 0.167070125 0.2009847765625 0.1651439453125
0 0.15510082187500002 0.468699184375 0.1455077671875 0.4170654171875 0.14241177968750002 0.4178795421875 0.1405817484375 0.4167685703125 0.1328423046875 0.41880374531250003 0.131012071875 0.4176916890625 0.12946460625 0.41809861093749995 0.12397411250000001 0.4147635296875 0.1224261203125 0.4151705921875 0.1205966171875 0.41405948124999997 0.11904862187500001 0.41446654374999997 0.11355812812499999 0.4111314609375 0.1120106625 0.411538384375 0.10469013906249999 0.40709233125 0.10314214375 0.40749939218750003 0.099482409375 0.40527622656249995 0.09793441562500001 0.40568328906250006 0.096104184375 0.4045712328125 0.0945561875 0.40497829531249996 0.0854059625 0.399420046875 0.08385796718750001 0.3998271078125 0.0801982328125 0.39760394374999997 0.0786502390625 0.39801100625 0.074989975 0.395787978125 0.07344250937499999 0.396194903125 0.0661219859375 0.3917488484375 0.0645745203125 0.3921557703125 0.0627442875 0.391043715625 0.06119629375 0.3914507765625 0.059366265625000005 0.39033980625 0.057818270312499996 0.39074686875000003 0.0552870828125 0.394598009375 0.0537390890625 0.3950050703125 0.052473131250000006 0.39693016875 0.05275536875 0.39844928749999997 0.051489409374999996 0.40037438437499995 0.051771646875 0.401893503125 0.050505889062499996 0.40381968281249997 0.057559610937500005 0.4417857203125 0.0593896421875 0.44289669218750005 0.060937637499999996 0.44248962968749994 0.068257634375 0.4469358234375 0.0698056265625 0.44652876093750005 0.07346608906249999 0.4487528703125 0.073748125 0.45027090625 0.0752961203125 0.44986384375000005 0.0826161171875 0.4543100375 0.08416410937499999 0.453902975 0.08599381406249999 0.45501517031249994 0.08754181093749999 0.4546081078125 0.0948618046875 0.45905430156250004 0.0964098 0.45864723749999997 0.0982400296875 0.45975929375 0.09978802656249999 0.4593522296875 0.1016180546875 0.46046320312500005 0.10190029375000001 0.46198232031249997 0.10344828749999999 0.4615752578125 0.10710802187499999 0.4637984234375 0.108656015625 0.4633913625 0.110486246875 0.46450341718750005 0.1107682828125 0.4660214515625 0.11231627656250001 0.46561438906249997 0.11597601093750001 0.46783755625 0.11752400625 0.4674304921875 0.12301449843750001 0.47076557656249995 0.12456196562499999 0.4703586546875 0.131882490625 0.47480470781250006 0.1349779515625 0.4739907203125 0.14046844375 0.4773258046875 0.1420159109375 0.4769188796875 0.1456761734375 0.47914190625 0.153415615625 0.47710673281249993 0.15313337968750002 0.475587615625 0.15439933749999998 0.47366251718749997 0.1538350625 0.470625365625 0.15510082187500002 0.468699184375
4 0.7785266656250001 0.722086684375 0.7553083359375 0.7281922078124999 0.765183425 0.7813440109374999 0.7837583 0.7764595359375 0.7862894859375 0.772608396875 0.7857252140625001 0.76957124375 0.78699096875 0.7676450625 0.7785266656250001 0.722086684375
4 0.48200867968749994 0.7427164187499999 0.4817266421875 0.7411983859375 0.4801786484375 0.741605446875 0.4765183875 0.73938241875 0.47497091874999997 0.7397893437499999 0.4731406890625 0.7386772890625 0.45611380781250005 0.7431547000000001 0.45358209218749995 0.7470059796874999 0.46571447812500005 0.8123074765625 0.4966727796875 0.8041666390625 0.4924406265625 0.78138745 0.490610396875 0.7802753953125 0.4838389125 0.7438284765625001 0.48200867968749994 0.7427164187499999
1 0.29846713125 0.3752508140625 0.2997328875 0.37332463125 0.3012808796875 0.37291756875000004 0.3025466390625 0.3709913875 0.3040941046875 0.3705844640625 0.30662582031249996 0.366733184375 0.3205567125 0.3630698984375 0.3218226703125 0.3611448015625 0.323370665625 0.3607377375 0.324636421875 0.3588115578125 0.326184415625 0.35840449531249996 0.322798571875 0.3401804953125 0.308867153125 0.3438439203125 0.30760139531249997 0.3457701 0.306053928125 0.3461770234375 0.30478817343750003 0.34810320625 0.2893092859375 0.35217355625 0.288043328125 0.35409865156250003 0.2849473390625 0.354912778125 0.28115039531249997 0.3606900984375 0.2780544078125 0.3615042234375 0.27678845 0.363429321875 0.2736929890625 0.3642433078125 0.2711612734375 0.3680945875 0.2680658125 0.3689085734375 0.26680005625000003 0.37083475312499997 0.2652520609375 0.371241815625 0.262720346875 0.37509309375 0.26117288125 0.37550001875 0.2599071234375 0.37742619843749997 0.25835912968749997 0.3778332609375 0.2600519515625 0.386944721875 0.2637122125 0.3891677484375 0.265259678125 0.388760825 0.267089909375 0.3898728796875 0.2887607734375 0.3841742796875 0.29002600312500004 0.3822482390625 0.2931219921875 0.3814341125 0.2969191375 0.37565787500000003 0.29846713125 0.3752508140625
1 0.32773188124999997 0.35799757187500003 0.330263596875 0.35414629375 0.333359584375 0.35333216875 0.33462534375 0.3514059875 0.342364784375 0.3493708125 0.343630215625 0.3474458546875 0.34672620468750004 0.3466317296875 0.3479919609375 0.3447055484375 0.3495399546875 0.3442984859375 0.3508053859375 0.3423735265625 0.3539013734375 0.3415594015625 0.35516713125 0.33963321875 0.36135857968749996 0.33800510781250004 0.3626245375 0.3360800109375 0.3641725328125 0.3356729484375 0.36670371875 0.331821809375 0.3682517140625 0.331414746875 0.36951746875 0.3294885640625 0.3772569140625 0.3274533890625 0.37852267031250003 0.325527209375 0.3800706640625 0.325120146875 0.3826018515625 0.32126900625 0.3856978390625 0.32045488125 0.3869637984375 0.318529784375 0.39315524687500003 0.316901671875 0.39442100468749997 0.3149754921875 0.395968996875 0.31456842812499997 0.39850018593750003 0.31071728906249996 0.40004817812500004 0.3103102265625 0.4013139359375 0.308384046875 0.418340815625 0.303906634375 0.419606775 0.3019815375 0.42425023125 0.3007604875 0.4267819453125 0.296909209375 0.42832941093750004 0.2965022859375 0.42959516875 0.2945761015625 0.42536301718749997 0.2717969140625 0.42071956093749996 0.2730179640625 0.41945360468750004 0.2749430609375 0.41635761406249994 0.2757571875 0.4150923875 0.277683228125 0.413544390625 0.27809029218750003 0.41227843281250004 0.2800153875 0.4107304390625 0.2804224515625 0.4094646828125 0.2823486328125 0.40017777343749994 0.28479073125 0.39891201718749997 0.28671691250000003 0.3973640203125 0.287123975 0.3948323078125 0.290975253125 0.3932843125 0.291382315625 0.39201888125 0.293307275 0.3734440078125 0.29819175000000003 0.37217825000000004 0.3001179296875 0.37063025625 0.3005249921875 0.3668333125 0.30630231406249997 0.36064186249999997 0.30793042656249997 0.35937590468749997 0.309855521875 0.3578279109375 0.3102625859375 0.3552961953125 0.3141138625 0.35374820156250003 0.3145209265625 0.352482971875 0.31644696875 0.343195534375 0.31888920625 0.3419295765625 0.32081430312500003 0.34038158281249997 0.321221365625 0.3378503953125 0.32507250625 0.3363024015625 0.32547956875 0.3350366453125 0.32740574843750003 0.3303931890625 0.3286267984375 0.3291274328125 0.3305529796875 0.32757943749999996 0.33096004218749997 0.3263134796875 0.3328851390625 0.3247654875 0.3332922015625 0.323499728125 0.3352183828125 0.32195226250000003 0.33562530625 0.32068630625 0.337550403125 0.3113988671875 0.3399926421875 0.3159132578125 0.3642909484375 0.3205567125 0.3630698984375 0.3218226703125 0.3611448015625 0.32491865937500003 0.3603306765625 0.326184415625 0.35840449531249996 0.32773188124999997 0.35799757187500003
0 0.9482939203124999 0.8144281453125 0.9464636875 0.813316090625 0.945335140625 0.8072417828124999 0.9435051109374999 0.8061308125 0.9395549953125 0.784869659375 0.9377247625 0.7837576015625001 0.9374427265625 0.7822395656250001 0.9301225296875 0.777792290625 0.9270265406249999 0.778606415625 0.9257607828125 0.780532596875 0.9226653234375 0.7813465828124999 0.921399365625 0.7832716796875 0.9167559109375001 0.7844927296875001 0.9154901531249999 0.7864189109375 0.9139421593750001 0.786825971875 0.912676403125 0.788752153125 0.9225514921875 0.84190395625 0.9519617968749999 0.83417018125 0.9513975234375 0.8311330281249999 0.9495674953125001 0.8300220578124999 0.9508332515625 0.828095875 0.9482939203124999 0.8144281453125
4 0.6220083328125 0.36025601875 0.642131203125 0.3549644796875 0.6325381515624999 0.3033307140625 0.6288778875000001 0.30110768593750004 0.6118510078125 0.30558509843750004 0.6220083328125 0.36025601875
4 0.7249541765624999 0.8269659078125 0.7032833125 0.8326645078125001 0.7145691875 0.8934097328125 0.74088350625 0.886490084375 0.7307261796875 0.8318191640625001 0.728895946875 0.830707109375 0.7286139109375 0.8291890734375 0.7249541765624999 0.8269659078125
4 0.87749389375 0.7916315890625001 0.876083309375 0.7840392484375001 0.874253078125 0.7829271921875 0.873970840625 0.7814080734375 0.87031110625 0.7791849078124999 0.85792768125 0.7824412703125 0.8566624515625 0.7843673124999999 0.8551144562499999 0.7847743765625 0.8538484984375 0.786699471875 0.8628772781249999 0.8352960875000001 0.8647075093750001 0.8364081437499999 0.8652717828125001 0.8394452953125 0.867102015625 0.8405573515625001 0.8673840515625001 0.842075384375 0.8890543859375001 0.836376925 0.881718628125 0.7968928531249999 0.879888396875 0.795780796875 0.8793241249999999 0.79274364375 0.87749389375 0.7916315890625001
5 0 0.1606532734375 0.0019842937500000003 0.16013148125 0.0056440281250000005 0.1623546484375 0.005926265625 0.163873765625 0.011416559375 0.1672077640625 0.012964551562500001 0.1668007015625 0.014794784375 0.16791275625 0.0163422515625 0.1675058328125 0.020002510937500002 0.1697288609375 0.020284749999999997 0.1712479796875 0.0221147796875 0.1723589515625 0.0232433265625 0.1784332578125 0.0219775703125 0.1803594375 0.0231061171875 0.18643374375 0.0249363484375 0.18754579843750002 0.025218384375000003 0.18906383437500002 0.02676638125 0.1886567703125 0.0414065734375 0.19755024375000002 0.0429545671875 0.1971431796875 0.0557650578125 0.20492445625000003 0.05604709375 0.20644249218750002 0.0597070296875 0.2086667421875 0.0612550234375 0.20825967968749998 0.0685750203125 0.21270587343749997 0.0701230125 0.2122988109375 0.07195304531249999 0.21340978281249998 0.0735010390625 0.21300271875000001 0.077160771875 0.2152258875 0.07870876875 0.2148188234375 0.0823692296875 0.217042934375 0.083917225 0.21663587187500002 0.09489695468750001 0.22330523281249998 0.0964449484375 0.2228981703125 0.10193544218749999 0.22623325312499998 0.102217478125 0.2277512875 0.1040477125 0.2288633421875 0.104329746875 0.230381378125 0.10615945 0.23149357187500003 0.1064414875 0.23301160781250002 0.10798948125 0.23260454375 0.11164994531250001 0.23482865625 0.1162933984375 0.23360760625000002 0.11755915624999999 0.23168142500000002 0.1167126453125 0.2271251546875 0.117978603125 0.22520005625 0.117414328125 0.222162903125 0.11868008593749999 0.220236721875 0.117833575 0.21568045156250001 0.11909900625 0.21375549375 0.11797045937499999 0.20768118593749998 0.11614075312500001 0.20656899375 0.1158585171875 0.2050498734375 0.11036822500000001 0.20171587500000002 0.1088202296875 0.2021229375 0.101500234375 0.19767674375 0.099952240625 0.19808380625 0.0962923046875 0.19585955625 0.0960102671875 0.19434152031250002 0.09418003593749999 0.193229465625 0.0926320421875 0.193636528125 0.087142278125 0.190302390625 0.085594284375 0.19070945156250002 0.0819338203125 0.1884853421875 0.0803858265625 0.1888924046875 0.0748960609375 0.185558265625 0.07334806875 0.1859653296875 0.06602807187500001 0.1815191359375 0.0644800765625 0.181926196875 0.058990109375 0.1785909765625 0.057442115625 0.1789980375 0.0501221203125 0.17455184375 0.0485741265625 0.1749589078125 0.0467438953125 0.1738468515625 0.0451959 0.174253915625 0.037875903125 0.16980772187499998 0.0363279109375 0.1702147828125 0.032667646875 0.1679917546875 0.03112018125 0.1683986796875 0.02379945625 0.163951540625 0.023517420312500002 0.16243350625 0.021969953125 0.1628404296875 0.01464943125 0.1583943734375 0.0131019625 0.1588012984375 0.0094415015625 0.1565771875 0.0091594640625 0.15505915312500002 0.0073292328125 0.153947096875 0.0057812375 0.15435415937500002 0.0039512078125 0.15324318750000002 0 0.15428220312500002 0 0.1606532734375
0 0.27569924375 0.4449508609375 0.2738695390625 0.4438386671875 0.273587503125 0.442320634375 0.26809700937500003 0.43898555000000006 0.2650010203125 0.439799675 0.26317151875 0.43868856562499997 0.2616235234375 0.439095628125 0.259091809375 0.44294690625 0.2647347453125 0.47331951875 0.27711817031249997 0.47006315625 0.27838392968750003 0.468136975 0.2769733453125 0.460544634375 0.278238575 0.4586185921875 0.27569924375 0.4449508609375
3 0.725913790625 0.7709638609375 0.7106778 0.6889574796875 0.667337128125 0.700354403125 0.6825731187499999 0.7823607828125 0.725913790625 0.7709638609375
5 0.4874359265625 0.605898909375 0.4801157296875 0.6014516296875 0.4785677328125 0.60185869375 0.4767377046875 0.600747721875 0.4751902390625 0.6011546453125 0.4623797484375 0.5933733671875 0.4608317515625 0.59378043125 0.4553417875 0.5904452078125 0.4550597515625 0.5889271734375 0.45322951875 0.58781511875 0.45168152656249994 0.5882221796875 0.44985129375 0.5871101265625 0.44956925937500003 0.585592090625 0.4477390265625 0.5844800359375 0.446191559375 0.5848869609375 0.4443615296875 0.5837759859375 0.4428135359375 0.58418305 0.439153271875 0.581960021875 0.43760580625 0.582366946875 0.43394534218749997 0.5801428359374999 0.43366330625 0.5786247999999999 0.431833075 0.577512746875 0.430986765625 0.572957559375 0.436049465625 0.5652540562499999 0.43576742968750004 0.5637360218749999 0.4266172015625 0.558177771875 0.42506973593749997 0.558584696875 0.423239503125 0.557472640625 0.412404071875 0.560321940625 0.409872559375 0.5641743031249999 0.4101545953125 0.5656923375 0.40888936718749996 0.5676183781249999 0.40945364062499995 0.57065553125 0.40818768125 0.5725806296875 0.40846991875 0.574099746875 0.40340648906250004 0.5818023046875 0.40707456875 0.6015454234375001 0.4086225625 0.6011383625 0.4214328515625 0.60891855625 0.422980846875 0.6085114921875 0.4284708109375 0.6118467140625 0.4300188078125 0.61143965 0.43184903906249994 0.61255170625 0.43339703281249997 0.61214464375 0.438886796875 0.6154787828125 0.440434790625 0.61507171875 0.4440952546875 0.61729583125 0.4456427203125 0.61688890625 0.4511330125 0.62022290625 0.4526810078125 0.6198158453125 0.4545107125 0.6209280374999999 0.4560587046875 0.620520975 0.46154900000000004 0.623854975 0.4630969921875 0.6234479125 0.464926696875 0.6245601062499999 0.46647468906249995 0.62415304375 0.4701349515625 0.626376071875 0.470417190625 0.6278951890625 0.47196518281250005 0.6274881265625 0.47562491875 0.62971129375 0.4759069546875 0.631229328125 0.4774549484375 0.630822265625 0.4811154125 0.6330463765625 0.482662878125 0.632639453125 0.484492909375 0.633750425 0.48477514531250004 0.6352695421875 0.4902654375 0.6386035421875 0.4905476765625 0.640122659375 0.49209514218750006 0.6397157359375 0.49392517187499996 0.640826709375 0.4954731671875 0.6404196468750001 0.49730339843750004 0.6415317015625 0.5065908359375 0.6390894640625 0.5078565921875 0.6371632843749999 0.503624440625 0.6143840953125 0.4889839203125 0.6054918453125 0.4874359265625 0.605898909375
0 0.57358085625 0.32679861250000003 0.5748466109375 0.32487242968749996 0.5740003015624999 0.3203172421875 0.575266059375 0.31839106093749997 0.5749840234375 0.3168730265625 0.5731537906249999 0.31576097187499996 0.5714609687500001 0.30664951406249996 0.5696307375 0.30553745781249997 0.5693487015625001 0.3040194234375 0.5620285046875 0.29957214374999996 0.5604805109375001 0.2999792078125 0.5566835671875 0.3057565265625 0.5551355734375 0.306163590625 0.5538698140625 0.3080897734375 0.559512753125 0.338462384375 0.562608740625 0.337648259375 0.56767164375 0.3299458421875 0.5692196359375 0.3295387796875 0.5704853937500001 0.3276125984375 0.57358085625 0.32679861250000003
1 0.7750938656249999 0.5987478281249999 0.7745295921875 0.5957106750000001 0.7690390984375 0.592375590625 0.7687568609375 0.5908564734375 0.7669273578125 0.5897453625 0.765798809375 0.58367105625 0.763968578125 0.5825590015625 0.7636863421875 0.58103988125 0.7600260796875 0.578816853125 0.75974404375 0.5772988203125 0.7579138109375 0.5761867640625 0.7565030265625 0.568593340625 0.7510132640625 0.5652592015625 0.7507310265625 0.563740084375 0.7470707640625001 0.5615170578125 0.746788525 0.5599979375 0.7412987609374999 0.5566637984375 0.7410165234375 0.55514468125 0.73918649375 0.554033709375 0.73890425625 0.552514590625 0.735244521875 0.5502914234375 0.7346802484375 0.547254271875 0.7328500171875 0.546142215625 0.7311571953125 0.53703075625 0.7293269640625 0.5359187015625 0.729044928125 0.5344006671875 0.718209496875 0.5372499671875001 0.7201845546875 0.5478805437500001 0.722014584375 0.5489915171875 0.72342536875 0.556584940625 0.7252556 0.5576969953125 0.7263841484375 0.563771303125 0.7282141796875 0.5648822734375 0.7284964171875 0.5664013921875 0.73215615 0.568624559375 0.7327204234375 0.5716617125 0.7345506562499999 0.572773765625 0.7348326921874999 0.5742918015625 0.7366629234375 0.5754038578125 0.7369449593749999 0.5769218921875 0.738775190625 0.578033946875 0.739339465625 0.5810711000000001 0.741169696875 0.58218315625 0.74201600625 0.5867383421875 0.743845709375 0.5878505390625001 0.7441279484375001 0.5893696562499999 0.7477882078125 0.5915926828125 0.7483524828125 0.5946298359375 0.7501825125 0.595740809375 0.7513112609375 0.6018161984375 0.7531412921875 0.60292716875 0.7534235296875 0.6044462890625 0.75525303125 0.6055573984375 0.7555352703125 0.6070765171875 0.7573653 0.608187490625 0.7576475375 0.6097066078125 0.7594777703125 0.6108186640625 0.7600420437500001 0.613855815625 0.761872071875 0.6149667890625 0.7621543109375 0.61648590625 0.7658140437500001 0.618709071875 0.7660960796875 0.6202271078125 0.7679263125 0.6213391625 0.7684905859375 0.624376315625 0.7739810796875 0.6277114 0.7742631156249999 0.629229434375 0.77609281875 0.6303416281249999 0.77693933125 0.6348979 0.778769359375 0.636008871875 0.7813086921875 0.649676603125 0.7921441234375 0.646827303125 0.7845261296875 0.6058241109375 0.7772061328125 0.6013779171875 0.7769238953125 0.5998587984375 0.7750938656249999 0.5987478281249999
4 0.84780969375 0.8153661984375 0.8472454203125 0.8123290453124999 0.8454151890625001 0.8112169890625 0.845133153125 0.8096989562499999 0.8433034484374999 0.8085867609375 0.8417554546874999 0.8089938218749999 0.8380951921875001 0.8067707953125 0.834999203125 0.807584921875 0.8331695 0.806472728125 0.8300735109374999 0.807286853125 0.8288077546875 0.8092130328125 0.8226163062499999 0.8108411453125 0.8355952015625 0.8806989125 0.8619095203124999 0.8737792625 0.8525985031250001 0.82366353125 0.8507684718749999 0.8225525593749999 0.849639925 0.8164782531249999 0.84780969375 0.8153661984375
4 0.7549046500000001 0.76971145625 0.7533566546875 0.77011851875 0.7520908984375 0.7720446984375 0.74435145625 0.7740798734375 0.743085496875 0.7760049703125 0.7535250625 0.8321950078125001 0.7782913859375 0.825682421875 0.7664412375 0.7619000421875 0.757154328125 0.7643421421875 0.7574363640625 0.7658601765624999 0.7549046500000001 0.76971145625
4 0.2051584015625 0.371115315625 0.20389264375 0.37304149531249997 0.20079665625 0.373855621875 0.2109539828125 0.42852654218749997 0.212784215625 0.4296385984375 0.23909853281250001 0.42271894843749996 0.2292232421875 0.3695660625 0.2255629796875 0.36734303437500004 0.22528074375 0.3658239171875 0.2051584015625 0.371115315625
5 0.694732509375 0.5943943421875 0.695998265625 0.5924681625 0.694168234375 0.5913571890625 0.693885996875 0.589838071875 0.6902262640625 0.5876149046875 0.689944028125 0.5860957859375 0.6881139953125001 0.5849848140625 0.6878317593750001 0.583465696875 0.6823414640625 0.580131696875 0.6807934718750001 0.5805387609375 0.67164324375 0.574980509375 0.670095778125 0.5753874328124999 0.6682655453125 0.5742753781250001 0.6679835093750001 0.57275734375 0.666153278125 0.5716452875 0.664605284375 0.5720523515625 0.6572852874999999 0.5676061578125 0.6557372921875 0.56801321875 0.6447568343750001 0.5613429140624999 0.6444747984375 0.5598248796874999 0.642644565625 0.5587128234375001 0.6410970984375 0.5591197484375 0.633776575 0.5546736937500001 0.6322285812499999 0.55508075625 0.6303988765625 0.5539685624999999 0.6288508828125 0.5543756234375 0.6251906218750001 0.552152596875 0.6236426265625 0.552559659375 0.621813125 0.5514485484375 0.6202651296874999 0.5518556109375 0.6147746359374999 0.548520528125 0.6132271703125001 0.5489274515625 0.6113971390625 0.54781648125 0.6098491453125 0.54822354375 0.6025289484374999 0.543776265625 0.600980953125 0.544183328125 0.5936609578125001 0.5397371343749999 0.5921129625 0.540144196875 0.5902827328125 0.5390321421875 0.5887347375 0.5394392046875 0.5850750031249999 0.5372160375 0.5788830265625 0.5388442875 0.57508608125 0.544621609375 0.5735380875 0.545028671875 0.57227233125 0.5469548515625 0.5725543671875 0.5484728875 0.5700231796875 0.5523240265625 0.5622837374999999 0.5543592015625001 0.5597520203124999 0.5582104796875 0.5634124859375 0.5604345921875 0.564959953125 0.5600276671875 0.56678998125 0.5611386375 0.5683379765625001 0.5607315749999999 0.5701682078125 0.56184363125 0.571716203125 0.56143656875 0.5753759374999999 0.5636597359375 0.57692393125 0.563252671875 0.58058419375 0.5654757 0.5821321875 0.5650686375 0.5839616890625 0.5661797484375 0.5855096843750001 0.5657726859375 0.5873399171875 0.566884740625 0.588887909375 0.5664776781249999 0.5943778765625 0.5698129 0.59592586875 0.5694058375 0.601415634375 0.5727399765625 0.602963628125 0.5723329125000001 0.6047938625 0.57344496875 0.6063418546875 0.57303790625 0.6081720859375 0.5741499609375 0.6097200796875 0.5737429 0.6133798140625 0.5759660656250001 0.6149278093749999 0.575559003125 0.618588071875 0.5777820296875 0.6201355375000001 0.5773751078125 0.6274560609375001 0.5818211609375 0.6290035265625 0.5814142375 0.6418140171875 0.5891955156249999 0.6433620125 0.588788453125 0.6451922437500001 0.5899005078124999 0.6467402375 0.5894934453125 0.6595499984375001 0.5972737765625 0.6610979921875 0.596866715625 0.675738715625 0.605760046875 0.6772861812500001 0.6053531234375 0.6846067046875 0.6097991781250001 0.6923461468750001 0.6077640046874999 0.69361210625 0.60583890625 0.6951595734375 0.6054319828125 0.696425328125 0.6035058015625 0.694732509375 0.5943943421875
4 0.3208864359375 0.469703734375 0.3085030109375 0.4729600984375 0.30723725156250004 0.47488627812499995 0.30568978593749996 0.47529320156250005 0.3158471125 0.529964121875 0.33906544375 0.5238585984374999 0.3303186984375 0.4767800203125 0.3284886703125 0.4756690453125 0.32820643125000004 0.474149928125 0.3208864359375 0.469703734375
1 0.173581253125 0.2535851359375 0.17822470625 0.2523640859375 0.1794904640625 0.25043790625 0.18103845937500002 0.25003084375 0.18230441718749998 0.24810574531250001 0.183852409375 0.2476986828125 0.18511816718750002 0.2457725015625 0.1913096171875 0.2441443890625 0.192575575 0.2422192921875 0.1987670234375 0.24059118124999998 0.20003277968750002 0.2386649984375 0.201580246875 0.23825807499999999 0.2066436765625 0.23055551875 0.2038221078125 0.2153686703125 0.20199207812500003 0.21425770000000002 0.186513190625 0.2183280484375 0.18524723125 0.2202531453125 0.17905578125 0.22188125625000002 0.1777900265625 0.2238074390625 0.17624203125 0.22421450156249997 0.17371031718750002 0.2280657796875 0.1690668640625 0.229286828125 0.1678011046875 0.2312130109375 0.1538702125 0.234876296875 0.1526042546875 0.23680139375000003 0.1510562609375 0.2372084578125 0.15613492499999998 0.264543915625 0.16697035625 0.2616946171875 0.1666883203125 0.26017658125 0.169220034375 0.256325303125 0.1723154953125 0.2555113171875 0.173581253125 0.2535851359375
5 0.49396032187500005 0.40507764062499996 0.4931140125 0.40052245312499996 0.49128378125000005 0.399410396875 0.49071950781250007 0.39637324375 0.489172040625 0.39678016875 0.4855117796875 0.3945571421875 0.48396378437500004 0.39496420312499997 0.4821335515625 0.3938521484375 0.481851515625 0.39233411406249996 0.48030405 0.3927410390625 0.47847381875000006 0.39162898125 0.476925825 0.39203604375 0.469605828125 0.38758985 0.468057834375 0.3879969125 0.46073783749999997 0.38355071875 0.45918984375000005 0.3839577828125 0.45552937968749996 0.3817336703125 0.45524734375 0.3802156359375 0.45341711250000005 0.37910358125 0.451869646875 0.379510503125 0.44454912343749997 0.3750644484375 0.44145366093750005 0.375878434375 0.4396234296875 0.37476638125 0.4380754359375 0.37517344218750004 0.4383576734375 0.3766925609375 0.43709191562500005 0.37861874218749997 0.437656190625 0.3816558953125 0.43639023125 0.3835809921875 0.438365290625 0.3942115703125 0.4371000609375 0.3961376109375 0.4376643359375 0.39917476406249996 0.4394938375 0.4002858765625 0.4400583109375 0.4033241125 0.4418883421875 0.40443508437500003 0.4421705796875 0.405954203125 0.4458308421875 0.40817722968750003 0.4473788359375 0.40777016718750003 0.45652906406250005 0.4133284171875 0.45807705781249997 0.41292135312499995 0.4635668234375 0.41625549062499995 0.4651148171875 0.41584842968749997 0.4669450484375 0.416960484375 0.46849251406250003 0.41655356093749996 0.47032254531250006 0.4176645328125 0.4718705390625 0.4172574703125 0.4846810296875 0.425038746875 0.4849632671875 0.426557865625 0.4922832640625 0.431004059375 0.49847471250000003 0.429375946875 0.49819267656250005 0.42785791250000005 0.49945843125 0.4259317328125 0.495790553125 0.406189696875 0.49396032187500005 0.40507764062499996
5 0.23700545312500002 0.149300828125 0.23615894062499998 0.1447445578125 0.23432943750000002 0.1436334453125 0.23278144531249997 0.144040509375 0.2309512140625 0.142928453125 0.230669178125 0.14141041875 0.22883894531250001 0.14029836406250001 0.22827467031249998 0.137261209375 0.2264444390625 0.1361491546875 0.22616240312500002 0.13463111875 0.2243327 0.133518925 0.22278470625 0.1339259890625 0.220954675 0.132815015625 0.2206724359375 0.131295896875 0.2170121765625 0.1290728703125 0.215464709375 0.1294797953125 0.2026542203125 0.121698515625 0.2011062234375 0.1221055796875 0.19927619531250002 0.12099460937499999 0.19772820156249998 0.1214016703125 0.190408003125 0.11695439375000001 0.1888600078125 0.1173614546875 0.1815400109375 0.1129152609375 0.17999201874999998 0.11332232499999999 0.1635217953125 0.10331787968749999 0.16197379843749998 0.10372494375 0.158314065625 0.10150177812500001 0.15803182968750001 0.099982659375 0.156201796875 0.0988716875 0.1546538046875 0.09927875 0.1473336046875 0.09483147187499999 0.1457856125 0.09523853437499999 0.14029531875 0.0919045359375 0.138747853125 0.092311459375 0.13142732968749998 0.08786540468750001 0.12987933437500002 0.08827246562499999 0.1225591375 0.083825190625 0.1210111421875 0.0842322515625 0.1173514078125 0.0820090859375 0.11580341406250001 0.08241615 0.10482315625000001 0.07574692656250001 0.10172716875000001 0.07656105156250001 0.0998974640625 0.0754488578125 0.09370548749999999 0.077077109375 0.09244025781250001 0.0790031515625 0.0893442703125 0.0798172765625 0.09329438749999999 0.10107843125 0.095124415625 0.1021894015625 0.0966724109375 0.101782340625 0.10033214531250001 0.10400550625 0.1018801390625 0.10359844375 0.12018059375000001 0.1147149421875 0.12327658281250001 0.1139008171875 0.12510681562499998 0.1150128734375 0.12665428125 0.11460594843750001 0.13946457031249998 0.12238614218749999 0.1410125640625 0.12197908125000001 0.1428427953125 0.12309113593750001 0.144390790625 0.12268407343750001 0.14988075781250002 0.12601929375 0.15142875 0.12561223125 0.160578978125 0.13117048125 0.162126971875 0.13076341875 0.16395700156249998 0.13187438906249999 0.164239240625 0.133393509375 0.16578670625 0.132986584375 0.16761673593749998 0.1340975578125 0.1707127265625 0.13328343125 0.17254295625 0.13439548750000002 0.1740904234375 0.13398856406249998 0.1759204546875 0.1350995359375 0.1762026921875 0.136618653125 0.17803272187500002 0.13772962500000002 0.179580715625 0.1373225640625 0.1869009140625 0.1417698390625 0.1884489078125 0.141362778125 0.20857939375 0.1535902484375 0.21012738749999998 0.1531831859375 0.211956890625 0.15429429687500001 0.21350488437499998 0.15388723437500001 0.22082561093750003 0.158334371875 0.22392106875 0.1575203859375 0.2257511 0.15863135781249998 0.23349054374999997 0.1565961828125 0.234756503125 0.1546710859375 0.23630449531250003 0.1542640234375 0.238835684375 0.1504128828125 0.23700545312500002 0.149300828125
5 0.489191228125 0.1259921390625 0.48721617031250003 0.1153615625 0.4853861390625 0.11425058749999999 0.485103903125 0.1127314703125 0.4832738703125 0.1116204984375 0.482991634375 0.11010138124999999 0.48116140312500005 0.1089893265625 0.48087936718749996 0.10747129062500001 0.47904966250000003 0.106359096875 0.47750166875 0.106766159375 0.47567163749999997 0.1056551875 0.47412364374999993 0.10606225 0.464973415625 0.100504 0.46342542187499997 0.10091106406250001 0.4579354578125 0.097575840625 0.45638746093749993 0.09798290312499999 0.450897696875 0.09464876562499999 0.4493497015625 0.0950558265625 0.4475194703125 0.0939437734375 0.445971478125 0.094350834375 0.4404815125 0.0910156125 0.43893351718750007 0.0914226765625 0.43710348593750004 0.09031170468750001 0.43555549375 0.090718765625 0.430065525 0.087383546875 0.4285175328125 0.0877906078125 0.4102170765625 0.076674109375 0.40866908124999995 0.07708117187499999 0.40317931875 0.0737470328125 0.40163132343749997 0.07415409687499999 0.394311328125 0.069707903125 0.39276333124999996 0.070114965625 0.3909331 0.069002909375 0.3906508640625 0.067483790625 0.38882083437500004 0.0663728171875 0.387272840625 0.06677988124999999 0.374462878125 0.058998465624999996 0.357435996875 0.0634758765625 0.35884678124999997 0.07106930156249999 0.35758082343750003 0.0729943984375 0.35786305937499996 0.0745135171875 0.3565971015625 0.0764386140625 0.364779571875 0.12048004062499999 0.368439834375 0.12270306875 0.368721871875 0.12422110156249999 0.370552103125 0.125333159375 0.37209956875 0.1249262359375 0.3739298 0.1260382921875 0.3770257875 0.125224165625 0.37885581875 0.1263351390625 0.3850472671875 0.124707025 0.3887070015625 0.12693019218749999 0.390254996875 0.12652312968749999 0.39574549062500003 0.1298582109375 0.39729295625 0.12945128749999998 0.3991229875 0.1305622609375 0.40531496406249995 0.128934009375 0.414465190625 0.13449225781250002 0.419108646875 0.133271209375 0.424599140625 0.1366062921875 0.4276946 0.13579230625 0.4313548640625 0.138015334375 0.43290285624999997 0.137608271875 0.436562590625 0.1398314375 0.4381105859375 0.139424375 0.439940815625 0.1405364296875 0.44148881093750003 0.1401293671875 0.44697857656249995 0.1434635046875 0.4500745640625 0.1426493796875 0.449792528125 0.1411313453125 0.453589471875 0.135354025 0.4533074359375 0.133835990625 0.45457319218750003 0.1319098109375 0.45429115781249996 0.13039177500000002 0.4568226703125 0.1265394125 0.4583701359375 0.12613248906250002 0.4821610859375 0.140584071875 0.488352534375 0.1389559609375 0.488070296875 0.137436840625 0.48933625625 0.13551174531250001 0.48792547031250005 0.12791831874999998 0.489191228125 0.1259921390625
0 0.2782737234375 0.22286952499999999 0.27953948125 0.2209433421875 0.275589365625 0.1996821890625 0.271929103125 0.1974591609375 0.268833640625 0.1982731484375 0.26700361250000004 0.19716217656249999 0.26236015625000003 0.19838322656250001 0.26109419843750004 0.200308321875 0.25799821093749997 0.201122446875 0.2642056234375 0.23453329687500002 0.275041053125 0.23168399687500002 0.27757224062499997 0.2278328578125 0.27729000312499996 0.22631374062499998 0.2785557609375 0.224387559375 0.2782737234375 0.22286952499999999
0 0.44625790624999995 0.41921486874999997 0.4447099109375 0.41962193281250004 0.44287967968749997 0.4185098765625 0.4335927703125 0.42095197500000003 0.43980018281250005 0.45436282656250004 0.453731075 0.45069953749999997 0.45344883593749996 0.44918041875 0.45471459375 0.44725423906249995 0.4499181671875 0.421437896875 0.44625790624999995 0.41921486874999997
5 0.42361146562499996 0.4458765546875 0.42206347343750006 0.4462836171875 0.4184037390625 0.4440604515625 0.41685574374999995 0.44446751406249996 0.41136577812499997 0.441132290625 0.40981778437500005 0.44153935468750005 0.3896872984375 0.42931188281250005 0.388139303125 0.429718946875 0.384479040625 0.42749591875000004 0.382931575 0.4279028421875 0.37561105 0.42345678906249995 0.37406305624999997 0.42386385000000004 0.372233353125 0.4227516546875 0.3719513171875 0.421233621875 0.37040332343750004 0.42164068437499996 0.36125309375 0.416082434375 0.3597051 0.416489496875 0.354215134375 0.413154275 0.33873571875 0.4172247640625 0.34183932499999997 0.4339296453125 0.3436695578125 0.4350417015625 0.34395159375 0.4365597359375 0.353101821875 0.4421179859375 0.35464981406249996 0.4417109234375 0.36196981093749997 0.44615711718749995 0.36351780625 0.4457500546875 0.3653480375 0.44686210937500004 0.36689603125 0.446455046875 0.37238599687499996 0.44979027031249996 0.373933990625 0.44938320625 0.37942375625 0.4527173453125 0.3797059921875 0.4542364640625 0.3870265171875 0.45868251718749997 0.3873087546875 0.46020163593749996 0.39462875 0.4646478296875 0.3977247390625 0.46383370468749996 0.401384471875 0.46605687187499995 0.40293246875 0.4656498078125 0.40476270000000003 0.466761865625 0.40631069374999995 0.46635480156250003 0.408140725 0.46746577343749995 0.4096881921875 0.46705885 0.41151842343749995 0.46817090625 0.413066415625 0.4677638421875 0.416726678125 0.4699868703125 0.41827414375 0.469579946875 0.42010437500000003 0.4706920015625 0.42165237187500004 0.4702849390625 0.4271421359375 0.47361907812500004 0.42869012968750003 0.47321201406249996 0.4305203609375 0.4743240703125 0.43206835468750004 0.47391700625000005 0.427271728125 0.44809958281249995 0.4257237328125 0.44850664531250006 0.4238937046875 0.447395671875 0.42361146562499996 0.4458765546875
4 0.5507232421875 0.509613865625 0.54143580625 0.512056103125 0.5504645859374999 0.5606527156250001 0.5752309078125 0.5541401296874999 0.567330878125 0.5116189046875 0.5618409109375 0.508283684375 0.5525534750000001 0.5107259203125001 0.5507232421875 0.509613865625
0 0.5915051578125 0.1261662796875 0.5953021015625 0.12038895937500001 0.595020065625 0.118870925 0.596285821875 0.11694474375 0.5957215484375 0.113907590625 0.5969873046874999 0.11198140937500001 0.5924729171875 0.087683103125 0.590642884375 0.08657213124999999 0.5895141359375 0.0804967421875 0.58768410625 0.0793857703125 0.5854268109375 0.06723607499999999 0.583597309375 0.0661249625 0.5833150703125 0.0646058453125 0.5817670781250001 0.06501290781249999 0.576276784375 0.061678907812499996 0.5700853359375 0.06330702031249999 0.5675536203125 0.0671582984375 0.5660061546875 0.067565221875 0.5634744390625 0.07141650000000001 0.563756475 0.0729345359375 0.5624907171875 0.07486071718750001 0.5630549921875 0.07789787031249999 0.5617892343750001 0.0798240515625 0.566303625 0.10412235781250001 0.56813365625 0.10523332968750002 0.5732123171875 0.132568790625 0.57504255 0.1336808453125 0.5753245859375 0.1351988796875 0.57715481875 0.136310934375 0.5864422546875 0.1338686984375 0.5877080125 0.13194251562499998 0.5892554796875 0.1315355921875 0.59178719375 0.127684315625 0.5915051578125 0.1261662796875
3 0.6990861078124999 0.57413516875 0.6972558765625 0.5730231109374999 0.7071311671875 0.626175996875 0.7396369359375 0.6176282359374999 0.7297616453125 0.56447535 0.7111872984375001 0.569359684375 0.709921540625 0.5712858671875 0.6990861078124999 0.57413516875
5 0.4863546625 0.7049382359374999 0.48762009375000004 0.703013278125 0.48536279843749996 0.69086358125 0.48662875625 0.688938484375 0.48606448125 0.6859013328125 0.48733023906249995 0.6839751515625 0.4828158484375 0.65967684375 0.4809858203125 0.658565871875 0.48013930781249997 0.6540096015625 0.47830907656250005 0.65289754375 0.47802704062499995 0.6513795109375 0.4764795734375 0.6517864359375001 0.4728193125 0.64956340625 0.471271315625 0.6499704703125 0.469441084375 0.6488584140625 0.46789361874999996 0.6492653374999999 0.46606338750000004 0.64815328125 0.46451539375 0.6485603453125 0.4626853625 0.6474493734375 0.4595893765625 0.6482634984375 0.4577596703125 0.6471513046874999 0.45621167656250006 0.6475583671875 0.45494592031250003 0.6494845484375 0.44565848125 0.651926784375 0.44199874843750003 0.64970361875 0.441434475 0.646666465625 0.43960424218750005 0.6455544109375 0.43932220624999996 0.644036375 0.428341746875 0.6373660703125 0.42749523749999996 0.6328097984375 0.42876119375000005 0.6308847015625 0.4284789578125 0.629365584375 0.42481869375 0.62714255625 0.4245366578125 0.6256245203125 0.42270642656249996 0.624512465625 0.422424390625 0.62299443125 0.42059415937500005 0.6218823765625 0.41904669375000003 0.6222893 0.41538643124999997 0.6200662703125001 0.40919498125000003 0.6216943828125 0.40736475 0.620582328125 0.404833034375 0.62443360625 0.4051152734375 0.6259527265625 0.403849515625 0.6278789046875 0.40413155312500004 0.629396940625 0.40286632187500004 0.6313229828125 0.4031483578125 0.6328410171875001 0.4018826015625 0.6347671984375001 0.41034710781249994 0.680326659375 0.41766710468749996 0.6847728515625 0.4192150984375 0.684365790625 0.4210451296875 0.6854767625 0.42259259531250004 0.6850698390625001 0.42991332031249996 0.689516978125 0.4314613171875 0.6891099140625 0.4387813109375 0.6935561078125 0.44032930625000005 0.693149046875 0.44581927187500003 0.6964842671875 0.44736726562499995 0.6960772046875 0.45102752968750004 0.6983002328125 0.45257499531249995 0.6978933078125 0.45806528750000003 0.7012273078125 0.45961328124999995 0.7008202453125 0.461442984375 0.7019324390625 0.462990978125 0.7015253765625 0.46482121093749995 0.7026374328125 0.46510324687500004 0.7041554671875 0.47242324375000005 0.7086016625 0.47270548124999995 0.7101207796875 0.4745357125 0.7112328359375 0.47481774843749996 0.7127508687499999 0.4766479796875 0.713862925 0.48438742343749996 0.71182775 0.4856531796875 0.70990156875 0.48537114375 0.7083835359374999 0.4866369 0.7064573546874999 0.4863546625 0.7049382359374999
1 0.8230866640625001 0.6036485859375 0.8212564312499999 0.6025365296875 0.8201278859375 0.596462225 0.8182978546875 0.595351253125 0.8180156171874999 0.5938321359375001 0.8161853875 0.5927200796875 0.8159033499999999 0.59120204375 0.8122430875 0.5889790171875 0.81196085 0.5874598984375 0.8101313484375 0.5863487890625 0.8098491093750001 0.5848296687500001 0.8083011171875001 0.58523673125 0.7991508875 0.5796784828125 0.7988688515625 0.578160446875 0.7897186234375 0.5726022000000001 0.7850746421875 0.5738233875 0.7838086828125 0.5757484828125 0.7843731593750001 0.5787867203125 0.783107728125 0.5807116796875 0.7833899640624999 0.582230796875 0.78212400625 0.58415589375 0.7857920875 0.6038990140625 0.7873400796875 0.60349195 0.789169584375 0.6046030625000001 0.789451821875 0.6061221796875 0.7912818515625 0.6072331515625 0.7928298453125 0.606826090625 0.7964901078125 0.609049115625 0.7970543812499999 0.6120862703125 0.7988840859375 0.6131984640625 0.7991663234375 0.6147175828125 0.800996353125 0.6158285546875 0.8012785906250001 0.6173476734375 0.8031086203125 0.6184586453125 0.8033908593750001 0.6199777640625 0.8070511187499999 0.622200790625 0.808599115625 0.621793728125 0.8177493421875001 0.6273519765625 0.8223927984375001 0.626130928125 0.8249245125 0.6222796500000001 0.8235137281249999 0.614686225 0.8247794859375001 0.6127600453125 0.8230866640625001 0.6036485859375
0 0.457152103125 0.8623443484375001 0.45560410781250005 0.8627514125 0.45377460625 0.8616403 0.44758262968749996 0.8632685515625 0.4549183859375 0.902752625 0.470397803125 0.8986821359375 0.46475486562499996 0.8683095234374999 0.462924834375 0.8671985515625 0.462642596875 0.8656794343750001 0.457152103125 0.8623443484375001
1 0.236406028125 0.38201274375 0.23893774375 0.37816146562499997 0.2383734703125 0.3751243125 0.23963922656249997 0.37319813281249997 0.2387929171875 0.36864294375 0.2400586734375 0.36671676249999996 0.23949440000000002 0.363679609375 0.2407601578125 0.3617534296875 0.24047812031250002 0.36023539375 0.24174335 0.3583093515625 0.240614803125 0.352235046875 0.24188055937500003 0.350308865625 0.2387769546875 0.33360398125 0.2400429125 0.331678884375 0.23919640000000003 0.327122615625 0.24046215937499998 0.3251964328125 0.2401801234375 0.3236783984375 0.241445878125 0.32175221718749997 0.24059956875 0.317197028125 0.24186479843750003 0.31527098593749997 0.2376326453125 0.292491796875 0.2358029421875 0.291379603125 0.23523866875000002 0.2883424515625 0.2334084375 0.2872303953125 0.2331264015625 0.28571236093749997 0.23129616875 0.28460030625 0.2310141328125 0.2830822703125 0.2291839015625 0.2819702171875 0.228901865625 0.28045218125 0.22341190000000002 0.2771169578125 0.22312966093750003 0.27559784062500003 0.22158166875 0.276004903125 0.2197516375 0.27489392968750004 0.2182036421875 0.27530099375 0.212713678125 0.27196577187500004 0.20961768906249997 0.27277989687500004 0.20778765781250003 0.271668925 0.20624019062499999 0.2720758484375 0.2110366171875 0.2978921921875 0.214696353125 0.3001153578125 0.21624434531249997 0.29970829375 0.22173431093749998 0.3030435171875 0.2259664640625 0.3258227046875 0.22470123593750002 0.3277487484375 0.225547746875 0.33230501874999996 0.22301602968749998 0.336156296875 0.2235803046875 0.33919345 0.222314346875 0.3411185484375 0.22372513125000001 0.3487119703125 0.22245937656249998 0.350638153125 0.22302364843750003 0.35367530468749997 0.22175821875 0.355600265625 0.22627260625 0.379898571875 0.22993254375 0.382122821875 0.23190760156249998 0.3927533984375 0.23373763281249998 0.3938643703125 0.23430190468749998 0.396901525 0.2358499 0.39649446093749996 0.23711585781250002 0.3945693640625 0.2357050734375 0.38697593750000003 0.23697030156249999 0.385049896875 0.236406028125 0.38201274375
5 0.5116185875 0.867136115625 0.51007059375 0.8675431765624999 0.508240890625 0.8664309828125001 0.5079588546875 0.8649129484375001 0.5042985921875001 0.8626899218749999 0.502750596875 0.8630969828125 0.49543060156249996 0.8586507890625 0.49388260781250004 0.8590578531249999 0.4865624109375 0.854610575 0.485014415625 0.8550176374999999 0.483184384375 0.8539066656250001 0.48163639218750004 0.8543137265625 0.46882642968750005 0.8465323140625 0.4672784359375 0.846939375 0.46544820312499996 0.8458273203125 0.46390020937500004 0.8462343828125001 0.460240475 0.844011215625 0.45869247968750004 0.8444182781249999 0.45686245000000003 0.84330730625 0.4491230078125 0.84534248125 0.45420167187500005 0.8726779421874999 0.45574966562499997 0.872270878125 0.45757916718749997 0.8733819890625 0.46067515625000005 0.8725678640625001 0.4625053875 0.8736799203125001 0.46405338125 0.8732728562500001 0.46954314531249997 0.8766069968749999 0.4710911390625 0.8761999328125001 0.47841133593749996 0.880647209375 0.4799593328125 0.8802401468750001 0.489109559375 0.8857983968750001 0.490657553125 0.885391334375 0.5016378125000001 0.89206055625 0.5019198484375 0.893578590625 0.505579784375 0.8958028390624999 0.5058618203125 0.8973208749999999 0.519793240625 0.8936574500000001 0.5155610875 0.8708782609375 0.51373085625 0.8697662046874999 0.5134488203124999 0.8682481687499999 0.5116185875 0.867136115625
1 0.20930445468749997 0.201184884375 0.21085245156250002 0.20077782187499998 0.2133836375 0.1969266828125 0.21493163124999998 0.19651961874999999 0.21746334687500002 0.192668340625 0.2190108140625 0.19226141875 0.22027656874999998 0.1903352375 0.234207990625 0.18667181093750002 0.23547321718749997 0.18474576874999998 0.23702121250000002 0.18433870624999998 0.238287171875 0.182413609375 0.241383159375 0.181599484375 0.24264838906250003 0.17967344062499999 0.2441963828125 0.179266378125 0.24546234218750002 0.17734128124999998 0.2532017859375 0.17530610625 0.2557335 0.171454828125 0.2572814921875 0.171047765625 0.26107843750000004 0.1652704453125 0.2605141640625 0.1622332921875 0.2617799203125 0.16030711250000002 0.260369134375 0.1527136859375 0.23715080624999998 0.1588192109375 0.2358850484375 0.16074539375000002 0.23433705625 0.1611524546875 0.23180533906249998 0.165003734375 0.22870988125 0.1658177203125 0.227444121875 0.16774390156250002 0.224348134375 0.16855802656250002 0.2230827046875 0.170482984375 0.2153427328125 0.1725182984375 0.214077503125 0.174444340625 0.207885528125 0.176072590625 0.2066200984375 0.17799754843749999 0.20507210312500002 0.1784046125 0.2025403890625 0.182255890625 0.2009923921875 0.182662953125 0.1997266375 0.184589134375 0.1966311765625 0.1854031203125 0.1953654171875 0.1873293015625 0.1876259765625 0.1893644765625 0.18636001875 0.1912895734375 0.18326455625 0.192103559375 0.18199880156249998 0.194029740625 0.18045080625 0.194436803125 0.179184846875 0.1963619 0.1760893875 0.19717588749999998 0.1748236296875 0.19910206875 0.17792723593749998 0.2158069515625 0.18158697031249998 0.2180301171875 0.1803217421875 0.21995616093749998 0.1787737453125 0.2203632234375 0.17905578125 0.22188125625000002 0.2038221078125 0.2153686703125 0.20269355937500003 0.209294365625 0.2064905046875 0.2035170453125 0.20803849843750002 0.20310998125 0.20930445468749997 0.201184884375