0 0.396857121875 0.4729769828125 0.4047688265625 0.5528821359375 0.4889754359375 0.5479671578125 0.480905525 0.46646419375 0.41099788437500007 0.47054456875 0.40925119062500004 0.46903947500000004 0.3997189765625 0.46959585312499996 0.396857121875 0.4729769828125
0 0.1163744390625 0.2386026578125 0.197404071875 0.23387311406250003 0.18933391875 0.1523677046875 0.136902221875 0.15542804062499999 0.1354719375 0.15711856875000002 0.11481773125000001 0.1583241140625 0.11338615625 0.1600147140625 0.11179767031250001 0.16010743125 0.1089373484375 0.1634909328125 0.1163744390625 0.2386026578125
4 0.8526131843750001 0.2342062453125 0.8638476828125 0.347670290625 0.9289885703125 0.3438681421875 0.9177540734375 0.230404096875 0.8526131843750001 0.2342062453125
1 0.9543477671874999 0.35967907499999996 0.2625114359375 0.376934065625 0.2726584671875 0.4802016078125 0.9645897218749999 0.4592520140625 0.9543477671874999 0.35967907499999996
1 0.9257366546875 0.1101334375 0.7933676546874999 0.12157569531250001 0.7996323828125 0.2136974859375 0.9373634203125001 0.207504153125 0.9257366546875 0.1101334375
1 0.3699379 0.133803821875 0.37636605312500004 0.225521771875 0.7992694484375 0.217346209375 0.7949389484375 0.12199095156249999 0.3699379 0.133803821875
1 0.3780624265625 0.22031860937499997 0.374254071875 0.1851982421875 0.2990905890625 0.19183968125 0.3069188109375 0.23669007187500002 0.335795859375 0.2299619515625 0.3702784796875 0.29144840781250003 0.374536275 0.3141070265625 0.43645416406250004 0.30885888437500003 0.430074553125 0.24652455468749998 0.3701979875 0.2478512828125 0.3643122515625 0.22210804999999997 0.3780624265625 0.22031860937499997
1 0.2738921109375 0.24092374843750003 0.3337557671875 0.3414198625 0.333505609375 0.37226607500000003 0.3881264984375 0.37106399843750004 0.3819896234375 0.3159262796875 0.34706225625 0.3179649234375 0.3046265765625 0.23625537031250002 0.3019669359375 0.1943986 0.2460298375 0.196922775 0.24237180937499997 0.1936391859375 0.247140734375 0.2418034734375 0.2738921109375 0.24092374843750003
1 0.5959895640624999 0 0.600318834375 0.033310246875 0.7259784781249999 0.1991451390625 0.7514129140625 0.165185009375 0.6512724171875 0 0.5959895640624999 0
1 0.4383746484375 0 0.40754535000000003 0.0017994468749999999 0.415806246875 0.0578271296875 0.4986659515625 0.043464173437499996 0.4913223140625 0 0.4383746484375 0
3 0.21195707343749998 0.0132155609375 0.2203651984375 0.0981343609375 0.314809875 0.09262180625000001 0.3064017484375 0.007703004687499999 0.21195707343749998 0.0132155609375