4 0.6542005078125 0.47123655937500003 0.6203807109375 0.47123655937500003 0.6203807109375 0.52950418125 0.6542005078125 0.52950418125 0.6542005078125 0.47123655937500003
3 0.5851586296875 0.45411589062499996 0.5368845171875 0.45411589062499996 0.5368845171875 0.551523296875 0.5851586296875 0.551523296875 0.5851586296875 0.45411589062499996
3 0.7042734765625001 0.364605734375 0.6725031718750001 0.364605734375 0.6725031718750001 0.41295698906249995 0.7042734765625001 0.41295698906249995 0.7042734765625001 0.364605734375
3 0.36596129374999997 0.35130824375 0.33260469531250003 0.35130824375 0.33260469531250003 0.40635005937499996 0.36596129374999997 0.40635005937499996 0.36596129374999997 0.35130824375
1 0.1890628171875 0.175 0.190625 0.17343727656250002 0.1921878171875 0.17343727656250002 0.19375 0.1718745515625 0.1953128171875 0.1718745515625 0.196875 0.17031302343750002 0.1984378171875 0.1718745515625 0.203125 0.1718745515625 0.2046878171875 0.17343727656250002 0.20625 0.17343727656250002 0.2078128171875 0.175 0.21875 0.175 0.2203128171875 0.17343727656250002 0.225 0.17343727656250002 0.2265628171875 0.1718745515625 0.23125 0.1718745515625 0.2328121828125 0.17343727656250002 0.253125 0.17343727656250002 0.2546878171875 0.175 0.2609378171875 0.175 0.2625 0.17656272343749999 0.26875 0.17656272343749999 0.2703128171875 0.1781254484375 0.275 0.1781254484375 0.2765628171875 0.17656272343749999 0.278125 0.1781254484375 0.28125 0.1781254484375 0.2828128171875 0.1796869765625 0.309375 0.1796869765625 0.3109371828125 0.1781254484375 0.3203128171875 0.1781254484375 0.321875 0.17656272343749999 0.3359378171875 0.17656272343749999 0.3375 0.1781254484375 0.3421878171875 0.1781254484375 0.34375 0.1796869765625 0.3484371828125 0.1796869765625 0.35 0.1812497015625 0.3515628171875 0.1812497015625 0.353125 0.182812425 0.39375 0.182812425 0.3953121828125 0.1812497015625 0.459375 0.1812497015625 0.4609378171875 0.182812425 0.84370495 0.1906033453125 0.8422848984375 0.12948984531250002 0.1796878171875 0.142187575 0.178125 0.1437502984375 0.1765621828125 0.142187575 0.1765621828125 0.16250059687500001 0.178125 0.16406212656250002 0.178125 0.16562485 0.1828121828125 0.17031302343750002 0.1828121828125 0.1718745515625 0.184375 0.17343727656250002 0.1875 0.17343727656250002 0.1890628171875 0.175
1 0.6845253812500001 0.6550955796875 0.639984771875 0.6623189968750001 0.6396459390625 0.663959378125 0.6423001265625 0.7036487453125 0.68604378125 0.7007945046875 0.6845253812500001 0.6550955796875
1 0.67533121875 0.5766702515625 0.49354124375 0.771341696875 0.49254124375 0.8075113500000001 0.7742487312499999 0.5097718046875 0.7736592640625 0.469301075 0.7160107874999999 0.5351517328125001 0.7160107874999999 0.504912784375 0.67553870625 0.5397013140625 0.67533121875 0.5766702515625
1 0.7498934015625001 0.3786941453125 0.7514118015625 0.3415854234375 0.7082119296875 0.3408709671875 0.70922208125 0.3764826765625 0.709446065625 0.3761589015625 0.7498934015625001 0.3786941453125
1 0.46977284218750004 0.530462365625 0.46936040625000003 0.571935484375 0.4943572328125 0.5639342890625 0.49254124375 0.532266428125 0.46977284218750004 0.530462365625
1 0.46287182812500005 0.42844444375 0.44004885781249997 0.55070011875 0.443986675 0.72919474375 0.46742956874999997 0.7094563921875 0.46287182812500005 0.42844444375
1 0.4445869296875 0.4821863796875 0.40336167500000003 0.48175985624999995 0.40200444218750003 0.5126152921875 0.44434708125 0.5109856625 0.4445869296875 0.4821863796875
1 0.45081599062500005 0.4491302265625 0.42843781718749996 0.4516594984375 0.4257315984375 0.45016845937500005 0.4266053296875 0.4819342890625 0.451441625 0.47910633281250004 0.45081599062500005 0.4491302265625
2 0.18441687812500002 0.38128554375 0.49881916249999997 0.39455555625 0.53255456875 0.4725197125 0.5465634515625 0.4607347671875 0.519941625 0.396653525 0.7658984765625 0.40338948593749996 0.766108503125 0.376703703125 0.1962658625 0.35644563906250004 0.1896300765625 0.3455961765625 0.19308185312499998 0.25694743125 0.1765494921875 0.257255675 0.1777842640625 0.35828554375 0.18441687812500002 0.38128554375
1 0.157289975 0.2869498203125 0.15741560937500002 0.3699115890625 0.17947969531250002 0.3424599765625 0.178944796875 0.271210275 0.157289975 0.2869498203125
4 0.2375 0.17031302343750002 0.2078128171875 0.17031302343750002 0.2078128171875 0.22968697656249998 0.2359378171875 0.22968697656249998 0.2375 0.2281254484375 0.2375 0.217187575 0.2359378171875 0.21562484999999998 0.2359378171875 0.182812425 0.2375 0.1812497015625 0.2375 0.17031302343750002
0 0.7796878171875 0.1390621265625 0.7796878171875 0.1031254484375 0.7359371828125 0.1031254484375 0.7359371828125 0.142187575 0.7765628171875 0.142187575 0.7796878171875 0.1390621265625
4 0.359375 0.44062485 0.3609378171875 0.442187575 0.3640621828125 0.442187575 0.365625 0.44375029843749997 0.3921878171875 0.44375029843749997 0.3921878171875 0.387500596875 0.359375 0.387500596875 0.359375 0.44062485
0 0.3796871828125 0.1359378734375 0.3828128171875 0.1359378734375 0.384375 0.137500596875 0.421875 0.137500596875 0.4234378171875 0.1359378734375 0.4234378171875 0.0953130234375 0.3796871828125 0.0953130234375 0.3796871828125 0.1359378734375
1 0.1953128171875 0.49375029843749996 0.2015621828125 0.5 0.2015621828125 0.5015627234375 0.20625 0.5062497015625 0.20625 0.507812425 0.2171871828125 0.5187502984375 0.2171871828125 0.5203130234375 0.2265628171875 0.5296869765625 0.2265628171875 0.5312497015625001 0.23125 0.5359378734375 0.2328121828125 0.5359378734375 0.25 0.5531254484375 0.25 0.5546869765625 0.25625 0.5609378734375 0.2578128171875 0.5609378734375 0.2609378171875 0.5640621265625 0.2609378171875 0.5656248500000001 0.26875 0.5734372765625 0.2703128171875 0.5734372765625 0.275 0.5781254484375 0.275 0.5796869765625 0.2765628171875 0.5812497015625 0.278125 0.5812497015625 0.2953121828125 0.5984372765625 0.296875 0.5984372765625 0.3 0.6015627234375 0.3 0.6031254484375 0.3015628171875 0.6046869765625 0.303125 0.6046869765625 0.3125 0.6140621265624999 0.3125 0.61562485 0.3140628171875 0.617187575 0.315625 0.617187575 0.325 0.6265627234375 0.325 0.6281254484375001 0.3265628171875 0.6296869765625 0.3265628171875 0.6312497015625 0.3390628171875 0.6437502984375 0.3390628171875 0.6453130234375 0.3453128171875 0.6515627234375 0.3453128171875 0.6531254484375 0.346875 0.6531254484375 0.35 0.6562497015625001 0.35 0.657812425 0.3625 0.6703130234375 0.3625 0.6718745515625 0.3703128171875 0.6796869765625 0.371875 0.6796869765625 0.375 0.6828124250000001 0.375 0.6843751499999999 0.3765628171875 0.6859378734375 0.378125 0.6859378734375 0.4046878171875 0.712500596875 0.40625 0.712500596875 0.415625 0.7218745515625 0.4171878171875 0.7218745515625 0.4296878171875 0.73437515 0.4296878171875 0.7359378734375001 0.45625 0.762500596875 0.45625 0.7640621265624999 0.4609378171875 0.7687502984375 0.4609378171875 0.7703130234375 0.4625 0.7718745515625 0.4625 0.7734372765625 0.4640628171875 0.775 0.4640628171875 0.7781254484375 0.465625 0.7796869765625 0.465625 0.7812497015625001 0.471875 0.787500596875 0.4734371828125 0.787500596875 0.475 0.7890621265625 0.4765628171875 0.7890621265625 0.48125 0.7937502984375 0.4890621828125 0.7937502984375 0.4890621828125 0.7515627234375 0.4875 0.7515627234375 0.4859378171875 0.75 0.484375 0.75 0.4828128171875 0.7484372765625 0.4765628171875 0.7484372765625 0.4734371828125 0.7453130234375 0.471875 0.7453130234375 0.4703128171875 0.7437502984375 0.46875 0.7437502984375 0.4625 0.737500596875 0.4609378171875 0.737500596875 0.44375 0.7203130234375 0.44375 0.7187502984374999 0.4375 0.712500596875 0.4375 0.7109378734375 0.4265621828125 0.7 0.4265621828125 0.6984372765625 0.41875 0.6906248500000001 0.41875 0.6890621265625 0.415625 0.6859378734375 0.415625 0.6843751499999999 0.40625 0.675 0.40625 0.6734372765625001 0.3921878171875 0.65937515 0.3921878171875 0.657812425 0.390625 0.6562497015625001 0.390625 0.6546869765625 0.3859378171875 0.65 0.384375 0.65 0.3796871828125 0.6453130234375 0.3796871828125 0.6437502984375 0.375 0.6390621265624999 0.3734378171875 0.6390621265624999 0.3671878171875 0.632812425 0.3671878171875 0.6312497015625 0.3640621828125 0.6281254484375001 0.3625 0.6281254484375001 0.3609378171875 0.6265627234375 0.359375 0.6265627234375 0.346875 0.6140621265624999 0.346875 0.612500596875 0.3453128171875 0.612500596875 0.34375 0.6109378734375001 0.3390628171875 0.6109378734375001 0.3359378171875 0.607812425 0.334375 0.607812425 0.3265628171875 0.6 0.325 0.6 0.3171878171875 0.592187575 0.3171878171875 0.59062485 0.315625 0.5890621265625 0.315625 0.587500596875 0.3109371828125 0.582812425 0.309375 0.582812425 0.30625 0.5796869765625 0.30625 0.5781254484375 0.3046878171875 0.5765627234374999 0.3046878171875 0.575 0.2921878171875 0.562500596875 0.2921878171875 0.5609378734375 0.284375 0.5531254484375 0.284375 0.5515627234375 0.2734378171875 0.54062485 0.2734378171875 0.5390621265625 0.271875 0.5390621265625 0.2515628171875 0.5187502984375 0.25 0.5187502984375 0.24375 0.512500596875 0.2421878171875 0.512500596875 0.2375 0.507812425 0.2359378171875 0.507812425 0.234375 0.5062497015625 0.2328121828125 0.5062497015625 0.2296878171875 0.5031254484375001 0.2296878171875 0.5015627234375 0.2265628171875 0.49843727656250003 0.225 0.49843727656250003 0.2140628171875 0.487500596875 0.2125 0.487500596875 0.2078128171875 0.482812425 0.20625 0.482812425 0.196875 0.4734372765625 0.196875 0.47187455156249997 0.1953128171875 0.47187455156249997 0.19375 0.47031302343750003 0.1890628171875 0.47031302343750003 0.1875 0.47187455156249997 0.1875 0.4812497015625 0.1890628171875 0.482812425 0.1890628171875 0.48437515 0.1921878171875 0.487500596875 0.1921878171875 0.4890621265625 0.1953128171875 0.492187575 0.1953128171875 0.49375029843749996
0 0.8640628171875001 0.26093787343749997 0.8640628171875001 0.3015627234375 0.903125 0.3015627234375 0.903125 0.26093787343749997 0.8640628171875001 0.26093787343749997
4 0.2046878171875 0.29687455156250003 0.2046878171875 0.3546869765625 0.2359378171875 0.3546869765625 0.2359378171875 0.29687455156250003 0.2046878171875 0.29687455156250003
3 0.159375 0.1687502984375 0.159375 0.2562497015625 0.2046878171875 0.2562497015625 0.2046878171875 0.2546869765625 0.203125 0.25312544843749996 0.203125 0.2515627234375 0.2046878171875 0.25 0.2046878171875 0.1687502984375 0.159375 0.1687502984375
0 0.3125 0.4359378734375 0.3125 0.4734372765625 0.353125 0.4734372765625 0.353125 0.4359378734375 0.3125 0.4359378734375
4 0.840625 0.3937502984375 0.840625 0.4531254484375 0.8703128171875001 0.4531254484375 0.8703128171875001 0.3937502984375 0.840625 0.3937502984375
0 0.171875 0.1484372765625 0.171875 0.1140621265625 0.1296878171875 0.1140621265625 0.1296878171875 0.1515627234375 0.16875 0.1515627234375 0.171875 0.1484372765625
0 0.825 0.46562485000000003 0.825 0.5031254484375001 0.8671878171875 0.5031254484375001 0.8671878171875 0.46562485000000003 0.825 0.46562485000000003
4 0.5421878171875 0.18906212656250002 0.5421878171875 0.187500596875 0.5109378171875 0.187500596875 0.5109378171875 0.24843727656249998 0.54375 0.24843727656249998 0.54375 0.217187575 0.5421878171875 0.21562484999999998 0.5421878171875 0.2140621265625 0.54375 0.212500596875 0.54375 0.19062485 0.5421878171875 0.18906212656250002
0 0.1609378171875 0.48593787343750006 0.1625 0.48593787343750006 0.1640628171875 0.48437515 0.1640628171875 0.4468745515625 0.1203121828125 0.4468745515625 0.1203121828125 0.4890621265625 0.1328128171875 0.4890621265625 0.134375 0.487500596875 0.1359371828125 0.4890621265625 0.15 0.4890621265625 0.1515621828125 0.487500596875 0.159375 0.487500596875 0.1609378171875 0.48593787343750006
3 0.8046878171875 0.3312497015625 0.8046878171875 0.40312544843750003 0.8421878171875001 0.40312544843750003 0.8421878171875001 0.3312497015625 0.8046878171875 0.3312497015625
1 0.5828121828125 0.2781254484375 0.5828121828125 0.29843727656249996 0.584375 0.29843727656249996 0.5859378171875 0.3 0.5875 0.3 0.5921878171875 0.3046869765625 0.59375 0.3046869765625 0.5984371828125 0.30937515000000004 0.5984371828125 0.3109378734375 0.6 0.312500596875 0.6 0.3140621265625 0.60625 0.3203130234375 0.60625 0.3234372765625 0.6078121828125 0.325 0.6078121828125 0.32656272343750004 0.6109378171875 0.3296869765625 0.6109378171875 0.3312497015625 0.6125 0.332812425 0.6125 0.33437515 0.6140621828125 0.3359378734375 0.6140621828125 0.337500596875 0.6171878171875 0.34062485 0.6171878171875 0.34218757499999997 0.61875 0.3437502984375 0.61875 0.34531302343750003 0.6203128171875 0.3468745515625 0.6203128171875 0.3484372765625 0.6234371828125 0.3515627234375 0.6234371828125 0.3531254484375 0.625 0.3546869765625 0.625 0.3562497015625 0.6265628171875 0.357812425 0.6265628171875 0.35937515000000003 0.6296871828125 0.362500596875 0.6296871828125 0.36406212656250003 0.63125 0.36562485 0.63125 0.3687502984375 0.6328128171875 0.3703130234375 0.6328128171875 0.37187455156250004 0.634375 0.3734372765625 0.6359378171875 0.3734372765625 0.6375 0.375 0.6390621828125 0.375 0.640625 0.3765627234375 0.653125 0.3765627234375 0.6546871828125 0.375 0.6578121828125 0.375 0.6640628171875 0.3687502984375 0.6640628171875 0.34218757499999997 0.6625 0.3437502984375 0.6578121828125 0.3437502984375 0.6546871828125 0.34062485 0.653125 0.34062485 0.65 0.337500596875 0.65 0.3359378734375 0.646875 0.332812425 0.646875 0.3312497015625 0.6421878171875 0.32656272343750004 0.6421878171875 0.325 0.6390621828125 0.3218745515625 0.6390621828125 0.3203130234375 0.6359378171875 0.317187575 0.6359378171875 0.31562484999999996 0.6328128171875 0.312500596875 0.63125 0.312500596875 0.6234371828125 0.3046869765625 0.621875 0.3046869765625 0.61875 0.3015627234375 0.61875 0.3 0.6171878171875 0.29843727656249996 0.6171878171875 0.2953130234375 0.615625 0.2937502984375 0.615625 0.29062485 0.6140621828125 0.2890621265625 0.6140621828125 0.287500596875 0.6125 0.2859378734375 0.6125 0.28437515 0.6109378171875 0.28281242500000003 0.6109378171875 0.2812497015625 0.6078121828125 0.2781254484375 0.6078121828125 0.2765627234375 0.60625 0.275 0.60625 0.2718745515625 0.6046878171875 0.2703130234375 0.6046878171875 0.267187575 0.603125 0.26562484999999997 0.5921878171875 0.26562484999999997 0.5921878171875 0.267187575 0.590625 0.2687502984375 0.5890628171875 0.2687502984375 0.5875 0.2703130234375 0.5875 0.2718745515625 0.5859378171875 0.2734372765625 0.5859378171875 0.275 0.5828121828125 0.2781254484375
0 0.6671878171875 0.5859378734375 0.66875 0.58437515 0.66875 0.5531254484375 0.6671878171875 0.5515627234375 0.628125 0.5515627234375 0.628125 0.5859378734375 0.6671878171875 0.5859378734375
5 0.828125 0.5 0.828125 0.6 0.934375 0.6 0.934375 0.5 0.828125 0.5
1 0.328125 0.2953130234375 0.3296878171875 0.29687455156250003 0.375 0.29687455156250003 0.3765628171875 0.29843727656249996 0.4234378171875 0.29843727656249996 0.425 0.29687455156250003 0.434375 0.29687455156250003 0.434375 0.2453130234375 0.2484371828125 0.2453130234375 0.2484371828125 0.29062485 0.2578128171875 0.29062485 0.259375 0.292187575 0.2625 0.292187575 0.2640621828125 0.2937502984375 0.321875 0.2937502984375 0.3234371828125 0.2953130234375 0.328125 0.2953130234375
4 0.7640628171875 0.487500596875 0.7703128171875 0.487500596875 0.7703128171875 0.4546869765625 0.76875 0.4531254484375 0.76875 0.45 0.7703128171875 0.44843727656250004 0.7703128171875 0.437500596875 0.76875 0.4359378734375 0.76875 0.43124970156250003 0.7390628171875 0.43124970156250003 0.7375 0.432812425 0.7375 0.43437515 0.734375 0.437500596875 0.734375 0.4890621265625 0.7359371828125 0.4890621265625 0.7375 0.49062485 0.7609378171875 0.49062485 0.7640628171875 0.487500596875
1 0.5875 0.3062497015625 0.596875 0.3062497015625 0.5984371828125 0.3046869765625 0.6015628171875 0.3046869765625 0.603125 0.3031254484375 0.6140621828125 0.3031254484375 0.615625 0.3046869765625 0.621875 0.3046869765625 0.6234371828125 0.3062497015625 0.64375 0.3062497015625 0.6453121828125 0.307812425 0.6484378171875 0.307812425 0.65 0.30937515000000004 0.6578121828125 0.30937515000000004 0.659375 0.307812425 0.6609378171875 0.307812425 0.6625 0.3062497015625 0.671875 0.3062497015625 0.6734371828125 0.307812425 0.675 0.307812425 0.6765628171875 0.30937515000000004 0.7734378171875 0.30937515000000004 0.7734378171875 0.2703130234375 0.765625 0.2703130234375 0.7640628171875 0.2687502984375 0.75625 0.2687502984375 0.7546878171875 0.267187575 0.7484378171875 0.267187575 0.746875 0.26562484999999997 0.7453128171875 0.26562484999999997 0.74375 0.2640621265625 0.74375 0.262500596875 0.740625 0.25937515 0.7390628171875 0.25937515 0.7375 0.257812425 0.734375 0.257812425 0.7328128171875 0.2562497015625 0.5953128171875 0.2562497015625 0.5953128171875 0.26093787343749997 0.59375 0.262500596875 0.59375 0.26562484999999997 0.5921878171875 0.267187575 0.590625 0.267187575 0.5890628171875 0.2687502984375 0.5875 0.2687502984375 0.5875 0.3062497015625
1 0.184375 0.24062484999999997 0.184375 0.2890621265625 0.2171871828125 0.2890621265625 0.21875 0.287500596875 0.221875 0.287500596875 0.2234378171875 0.2890621265625 0.2546878171875 0.2890621265625 0.2546878171875 0.24062484999999997 0.184375 0.24062484999999997
1 0.234375 0.40781242500000003 0.234375 0.40937514999999997 0.2359378171875 0.41093787343750005 0.2359378171875 0.412500596875 0.2375 0.41406212656249997 0.2375 0.41875029843749995 0.2390628171875 0.4203130234375 0.2390628171875 0.4218745515625 0.2421878171875 0.4218745515625 0.2453128171875 0.41875029843749995 0.246875 0.4203130234375 0.2484371828125 0.4203130234375 0.25 0.4218745515625 0.2515628171875 0.4218745515625 0.253125 0.4234372765625 0.2546878171875 0.4234372765625 0.2640621828125 0.432812425 0.265625 0.432812425 0.2671878171875 0.43437515 0.271875 0.43437515 0.2734378171875 0.4359378734375 0.2765628171875 0.4359378734375 0.278125 0.437500596875 0.2890628171875 0.437500596875 0.290625 0.4390621265625 0.2921878171875 0.4390621265625 0.2953121828125 0.442187575 0.296875 0.442187575 0.3015628171875 0.4468745515625 0.303125 0.4468745515625 0.30625 0.44375029843749997 0.30625 0.442187575 0.3078121828125 0.44062485 0.3078121828125 0.4390621265625 0.309375 0.437500596875 0.309375 0.4359378734375 0.3109371828125 0.43437515 0.3109371828125 0.43124970156250003 0.3125 0.4296869765625 0.3125 0.42656272343749996 0.3140628171875 0.425 0.3140628171875 0.4234372765625 0.315625 0.4218745515625 0.315625 0.41562485000000005 0.3125 0.412500596875 0.3125 0.40937514999999997 0.3109371828125 0.40781242500000003 0.3109371828125 0.40624970156250007 0.30625 0.4015627234375 0.3046878171875 0.4015627234375 0.303125 0.4 0.3015628171875 0.4 0.296875 0.3953130234375 0.2953121828125 0.3953130234375 0.29375 0.3937502984375 0.2921878171875 0.3937502984375 0.290625 0.392187575 0.2890628171875 0.392187575 0.2875 0.39062484999999997 0.28125 0.39062484999999997 0.2796871828125 0.392187575 0.275 0.392187575 0.2671878171875 0.38437515 0.2671878171875 0.382812425 0.265625 0.382812425 0.2640621828125 0.3812497015625 0.2625 0.3812497015625 0.2609378171875 0.3796869765625 0.2515628171875 0.3796869765625 0.25 0.37812544843749996 0.2453128171875 0.37812544843749996 0.24375 0.3796869765625 0.2421878171875 0.3796869765625 0.240625 0.3812497015625 0.2375 0.3812497015625 0.2359378171875 0.382812425 0.2328121828125 0.382812425 0.2328121828125 0.40624970156250007 0.234375 0.40781242500000003
1 0.5703128171875 0.662500596875 0.56875 0.662500596875 0.5625 0.6687502984375 0.5625 0.6703130234375 0.559375 0.6734372765625001 0.559375 0.675 0.5484378171875 0.6859378734375 0.546875 0.6859378734375 0.54375 0.6890621265625 0.5421878171875 0.6890621265625 0.5375 0.6937502984374999 0.5375 0.6953130234375 0.534375 0.6984372765625 0.534375 0.7 0.53125 0.7031254484375 0.53125 0.7046869765625 0.528125 0.707812425 0.528125 0.70937515 0.521875 0.71562485 0.521875 0.717187575 0.5203121828125 0.7187502984374999 0.5203121828125 0.7203130234375 0.509375 0.7312497015625 0.5078128171875 0.7312497015625 0.50625 0.732812425 0.5046871828125 0.732812425 0.503125 0.73437515 0.5015628171875 0.73437515 0.5 0.7359378734375001 0.496875 0.7359378734375001 0.49375 0.7390621265624999 0.49375 0.8062497015625001 0.496875 0.8062497015625001 0.5 0.8031254484374999 0.5 0.8015627234375 0.5046871828125 0.7968745515625 0.5046871828125 0.7953130234375 0.509375 0.79062485 0.509375 0.7890621265625 0.5140628171875 0.78437515 0.5140628171875 0.782812425 0.515625 0.7812497015625001 0.515625 0.7796869765625 0.51875 0.7765627234375 0.51875 0.775 0.521875 0.7718745515625 0.521875 0.7703130234375 0.5234378171875 0.7687502984375 0.5234378171875 0.767187575 0.534375 0.7562497015625 0.534375 0.7531254484375001 0.5359371828125 0.7515627234375 0.5359371828125 0.75 0.5375 0.7484372765625 0.5375 0.7468745515624999 0.5390628171875 0.7453130234375 0.5390628171875 0.742187575 0.5453128171875 0.7359378734375001 0.546875 0.7359378734375001 0.546875 0.73437515 0.55 0.7312497015625 0.55 0.7296869765625 0.559375 0.7203130234375 0.559375 0.7187502984374999 0.5609378171875 0.717187575 0.5609378171875 0.71562485 0.565625 0.7109378734375 0.5671871828125 0.7109378734375 0.56875 0.70937515 0.5703128171875 0.70937515 0.5765628171875 0.7031254484375 0.578125 0.7031254484375 0.578125 0.7015627234374999 0.59375 0.6859378734375 0.59375 0.6843751499999999 0.596875 0.6812497015625001 0.596875 0.6796869765625 0.6 0.6765627234375 0.6 0.675 0.6046878171875 0.6703130234375 0.6046878171875 0.6312497015625 0.596875 0.6312497015625 0.596875 0.632812425 0.5953128171875 0.63437515 0.5953128171875 0.637500596875 0.59375 0.6390621265624999 0.59375 0.64062485 0.578125 0.6562497015625001 0.5765628171875 0.6562497015625001 0.5703128171875 0.662500596875
1 0.7859378171875 0.2203130234375 0.7875 0.2203130234375 0.7890628171875 0.22187455156250002 0.790625 0.22187455156250002 0.7921878171875 0.22343727656249998 0.79375 0.22343727656249998 0.7953128171875 0.225 0.796875 0.225 0.7984371828125 0.2265627234375 0.7984371828125 0.22968697656249998 0.8 0.2312497015625 0.8 0.237500596875 0.8015628171875001 0.2390621265625 0.8015628171875001 0.24062484999999997 0.80625 0.2453130234375 0.80625 0.2515627234375 0.8078128171875001 0.25312544843749996 0.8078128171875001 0.2546869765625 0.809375 0.2562497015625 0.809375 0.257812425 0.8109378171875001 0.25937515 0.8109378171875001 0.2718745515625 0.8125 0.2734372765625 0.8125 0.27968697656249997 0.821875 0.27968697656249997 0.8234378171875001 0.2781254484375 0.825 0.2781254484375 0.8265628171875001 0.2765627234375 0.8296871828124999 0.2765627234375 0.83125 0.2781254484375 0.8328128171875001 0.2781254484375 0.8375 0.2734372765625 0.8375 0.2640621265625 0.8359378171875 0.262500596875 0.8359378171875 0.257812425 0.8328128171875001 0.2546869765625 0.828125 0.2546869765625 0.825 0.2515627234375 0.825 0.25 0.8234378171875001 0.24843727656249998 0.8234378171875001 0.2453130234375 0.821875 0.2437502984375 0.821875 0.242187575 0.8203128171875 0.24062484999999997 0.8203128171875 0.2390621265625 0.81875 0.237500596875 0.81875 0.2359378734375 0.8171878171875001 0.23437515000000003 0.8171878171875001 0.2312497015625 0.815625 0.22968697656249998 0.815625 0.2281254484375 0.8125 0.225 0.8125 0.22343727656249998 0.8109378171875001 0.22187455156250002 0.8109378171875001 0.2203130234375 0.809375 0.2187502984375 0.809375 0.217187575 0.8078128171875001 0.21562484999999998 0.8078128171875001 0.2140621265625 0.8046878171875 0.21093787343749998 0.8046878171875 0.20781242500000002 0.803125 0.2062497015625 0.803125 0.20468697656249998 0.8015628171875001 0.20312544843749997 0.8015628171875001 0.2015627234375 0.8 0.2 0.8 0.1968745515625 0.7984371828125 0.1953130234375 0.7984371828125 0.192187575 0.796875 0.19062485 0.796875 0.18906212656250002 0.7984371828125 0.187500596875 0.7765628171875 0.187500596875 0.778125 0.18906212656250002 0.778125 0.19062485 0.7765628171875 0.192187575 0.7765628171875 0.2203130234375 0.778125 0.2203130234375 0.7796878171875 0.2187502984375 0.784375 0.2187502984375 0.7859378171875 0.2203130234375
1 0.5078128171875 0.3 0.5171878171875 0.3 0.51875 0.3015627234375 0.534375 0.3015627234375 0.5359371828125 0.3 0.54375 0.3 0.5453128171875 0.3015627234375 0.546875 0.3015627234375 0.5484378171875 0.3 0.5578128171875 0.3 0.559375 0.3015627234375 0.5625 0.3015627234375 0.5625 0.257812425 0.5578128171875 0.257812425 0.55 0.25 0.55 0.24843727656249998 0.5171878171875 0.24843727656249998 0.5140628171875 0.2515627234375 0.5109378171875 0.2515627234375 0.509375 0.25312544843749996 0.5078128171875 0.2515627234375 0.5078128171875 0.25 0.5046871828125 0.25 0.503125 0.24843727656249998 0.4234378171875 0.24843727656249998 0.4234378171875 0.29687455156250003 0.425 0.2953130234375 0.4359378171875 0.2953130234375 0.4375 0.29687455156250003 0.440625 0.29687455156250003 0.4421871828125 0.29843727656249996 0.50625 0.29843727656249996 0.5078128171875 0.3
1 0.6828128171875 0.4531254484375 0.7 0.4531254484375 0.7015628171875 0.4515627234375 0.703125 0.4515627234375 0.7046871828125 0.45 0.7078128171875 0.45 0.709375 0.44843727656250004 0.7171878171875 0.44843727656250004 0.71875 0.4468745515625 0.7203121828125 0.4468745515625 0.7234378171875 0.44375029843749997 0.725 0.44375029843749997 0.7265628171875 0.442187575 0.7265628171875 0.425 0.725 0.4234372765625 0.725 0.41875029843749995 0.7234378171875 0.417187575 0.6953128171875 0.417187575 0.69375 0.41875029843749995 0.6875 0.41875029843749995 0.6859378171875 0.417187575 0.6640628171875 0.417187575 0.6640628171875 0.4468745515625 0.665625 0.44843727656250004 0.6703128171875 0.44843727656250004 0.671875 0.45 0.678125 0.45 0.6796878171875 0.4515627234375 0.68125 0.4515627234375 0.6828128171875 0.4531254484375
1 0.1171878171875 0.287500596875 0.1171878171875 0.31562484999999996 0.11875 0.317187575 0.11875 0.3359378734375 0.1171878171875 0.337500596875 0.1171878171875 0.4234372765625 0.11875 0.425 0.11875 0.4281254484375 0.1171878171875 0.4296869765625 0.134375 0.4296869765625 0.134375 0.4281254484375 0.1390628171875 0.4234372765625 0.1390628171875 0.4218745515625 0.1421878171875 0.41875029843749995 0.1421878171875 0.417187575 0.14375 0.41562485000000005 0.14375 0.41093787343750005 0.1453128171875 0.40937514999999997 0.1453128171875 0.392187575 0.14375 0.39062484999999997 0.14375 0.3796869765625 0.1421878171875 0.37812544843749996 0.1421878171875 0.34531302343750003 0.14375 0.3437502984375 0.14375 0.325 0.1453128171875 0.3234372765625 0.1453128171875 0.29062485 0.14375 0.2890621265625 0.1453128171875 0.287500596875 0.1453128171875 0.2703130234375 0.125 0.2703130234375 0.125 0.2718745515625 0.12343781718749999 0.2734372765625 0.12343781718749999 0.2781254484375 0.1203121828125 0.2812497015625 0.1203121828125 0.28281242500000003 0.11875 0.28437515 0.11875 0.2859378734375 0.1171878171875 0.287500596875
1 0.5953128171875 0.41093787343750005 0.5953128171875 0.412500596875 0.5984371828125 0.41562485000000005 0.5984371828125 0.417187575 0.60625 0.425 0.60625 0.42656272343749996 0.6078121828125 0.4281254484375 0.609375 0.4281254484375 0.6234371828125 0.442187575 0.625 0.442187575 0.628125 0.4453130234375 0.6296871828125 0.4453130234375 0.63125 0.4468745515625 0.634375 0.4468745515625 0.634375 0.4390621265625 0.63125 0.4359378734375 0.63125 0.43437515 0.6296871828125 0.432812425 0.6296871828125 0.43124970156250003 0.628125 0.4296869765625 0.628125 0.4234372765625 0.6296871828125 0.4218745515625 0.6296871828125 0.4203130234375 0.628125 0.41875029843749995 0.628125 0.41562485000000005 0.6234371828125 0.41093787343750005 0.6234371828125 0.40937514999999997 0.61875 0.40468697656249997 0.6171878171875 0.40468697656249997 0.6140621828125 0.4015627234375 0.6125 0.4015627234375 0.609375 0.3984372765625 0.6046878171875 0.3984372765625 0.603125 0.3968745515625 0.6 0.3968745515625 0.5984371828125 0.3953130234375 0.59375 0.3953130234375 0.5890628171875 0.39062484999999997 0.5890628171875 0.3937502984375 0.5875 0.3953130234375 0.5875 0.3968745515625 0.590625 0.4 0.590625 0.40312544843750003 0.59375 0.40624970156250007 0.59375 0.40937514999999997 0.5953128171875 0.41093787343750005
1 0.06406218281250001 0.3015627234375 0.0625 0.3031254484375 0.0625 0.47656272343749995 0.06406218281250001 0.47812544843750004 0.06406218281250001 0.4796869765625 0.0671878171875 0.482812425 0.0671878171875 0.48437515 0.0703128171875 0.487500596875 0.084375 0.487500596875 0.0859378171875 0.48593787343750006 0.0859378171875 0.482812425 0.0875 0.4812497015625 0.0875 0.457812425 0.0890621828125 0.45624970156250005 0.0890621828125 0.4546869765625 0.090625 0.4531254484375 0.090625 0.28437515 0.0828121828125 0.28437515 0.078125 0.2890621265625 0.07656281718749999 0.2890621265625 0.075 0.29062485 0.071875 0.29062485 0.065625 0.29687455156250003 0.065625 0.29843727656249996 0.06406218281250001 0.3 0.06406218281250001 0.3015627234375
1 0.4765628171875 0.4281254484375 0.478125 0.4281254484375 0.4890621828125 0.4390621265625 0.4890621828125 0.44062485 0.490625 0.442187575 0.4921878171875 0.442187575 0.49375 0.44375029843749997 0.49375 0.4468745515625 0.4953128171875 0.44843727656250004 0.4953128171875 0.45 0.5 0.4546869765625 0.5 0.45624970156250005 0.50625 0.462500596875 0.5078128171875 0.462500596875 0.515625 0.47031302343750003 0.521875 0.47031302343750003 0.521875 0.46718757499999997 0.5234378171875 0.46562485000000003 0.521875 0.46406212656249995 0.521875 0.462500596875 0.5203121828125 0.46093787343750003 0.5203121828125 0.45937514999999995 0.515625 0.4546869765625 0.515625 0.4531254484375 0.5140628171875 0.4531254484375 0.509375 0.44843727656250004 0.5078128171875 0.44843727656250004 0.5046871828125 0.4453130234375 0.5046871828125 0.44375029843749997 0.490625 0.4296869765625 0.490625 0.4281254484375 0.484375 0.4218745515625 0.484375 0.41406212656249997 0.4875 0.41093787343750005 0.4875 0.40937514999999997 0.490625 0.40624970156250007 0.490625 0.40468697656249997 0.4921878171875 0.40312544843750003 0.4921878171875 0.4 0.46875 0.4 0.4640628171875 0.40468697656249997 0.4640628171875 0.42656272343749996 0.465625 0.425 0.46875 0.425 0.4703128171875 0.4234372765625 0.471875 0.425 0.4734371828125 0.425 0.4765628171875 0.4281254484375
1 0.1203121828125 0.24843727656249998 0.1140628171875 0.2546869765625 0.1140628171875 0.2562497015625 0.1125 0.257812425 0.1125 0.25937515 0.10625 0.26562484999999997 0.1046871828125 0.26562484999999997 0.1046871828125 0.317187575 0.1265628171875 0.317187575 0.128125 0.31562484999999996 0.128125 0.312500596875 0.1296878171875 0.3109378734375 0.1296878171875 0.307812425 0.1328128171875 0.3046869765625 0.134375 0.3046869765625 0.1359371828125 0.3031254484375 0.1359371828125 0.3015627234375 0.1375 0.3 0.1375 0.29843727656249996 0.140625 0.2953130234375 0.140625 0.2937502984375 0.1421878171875 0.292187575 0.1421878171875 0.287500596875 0.14375 0.2859378734375 0.14375 0.2812497015625 0.1453128171875 0.27968697656249997 0.1453128171875 0.22968697656249998 0.1328128171875 0.22968697656249998 0.13125 0.2312497015625 0.13125 0.23281242500000002 0.1296878171875 0.23437515000000003 0.1296878171875 0.2359378734375 0.1265628171875 0.2390621265625 0.1265628171875 0.24062484999999997 0.1203121828125 0.24687455156250002 0.1203121828125 0.24843727656249998
1 0.5734378171875 0.5812497015625 0.5703128171875 0.5812497015625 0.56875 0.582812425 0.56875 0.592187575 0.5765628171875 0.6 0.578125 0.6 0.5890628171875 0.6109378734375001 0.5890628171875 0.612500596875 0.5921878171875 0.61562485 0.5921878171875 0.617187575 0.59375 0.6187502984375 0.59375 0.6234372765625 0.5953128171875 0.625 0.5953128171875 0.642187575 0.59375 0.6437502984375 0.59375 0.6453130234375 0.5890628171875 0.65 0.5890628171875 0.6515627234375 0.584375 0.6562497015625001 0.5828121828125 0.6562497015625001 0.5765628171875 0.662500596875 0.575 0.662500596875 0.5734378171875 0.6640621265625 0.5703128171875 0.6640621265625 0.56875 0.66562485 0.56875 0.675 0.59375 0.675 0.603125 0.66562485 0.6046878171875 0.66562485 0.6078121828125 0.662500596875 0.6109378171875 0.662500596875 0.6125 0.6609378734375 0.6140621828125 0.6609378734375 0.615625 0.65937515 0.6171878171875 0.65937515 0.61875 0.657812425 0.6203128171875 0.657812425 0.625 0.6531254484375 0.625 0.6515627234375 0.6265628171875 0.65 0.6265628171875 0.6484372765625 0.628125 0.6468745515625 0.628125 0.632812425 0.6234371828125 0.6281254484375001 0.6234371828125 0.6265627234375 0.6203128171875 0.6234372765625 0.6203128171875 0.6218745515624999 0.61875 0.6203130234375 0.61875 0.6187502984375 0.6125 0.612500596875 0.6125 0.6109378734375001 0.609375 0.607812425 0.609375 0.6062497015625 0.60625 0.6031254484375 0.60625 0.6015627234375 0.6046878171875 0.6 0.6046878171875 0.5968745515625 0.603125 0.5953130234375 0.603125 0.592187575 0.6015628171875 0.59062485 0.6015628171875 0.5812497015625 0.5984371828125 0.5781254484375 0.5984371828125 0.5765627234374999 0.5953128171875 0.5734372765625 0.5859378171875 0.5734372765625 0.584375 0.575 0.5828121828125 0.575 0.5828121828125 0.5765627234374999 0.58125 0.5781254484375 0.5796878171875 0.5781254484375 0.578125 0.5796869765625 0.575 0.5796869765625 0.5734378171875 0.5812497015625