1 0.051463559375 0.7413243640625 0.052918437500000005 0.73942708125 0.052726059375 0.73778939375 0.055635818749999996 0.7339948296875 0.0554434390625 0.7323571421875 0.056897576562499996 0.730459975 0.0563205078125 0.725547521875 0.0577753875 0.7236502375 0.057390628124999996 0.7203748640625001 0.061754525000000005 0.714683134375 0.061369765624999996 0.7114077609375 0.062824646875 0.709510478125 0.062632265625 0.707872790625 0.065542025 0.7040782265625001 0.06534964531250001 0.7024405390624999 0.0668037828125 0.7005433734375 0.0664190953125 0.6972686046875001 0.069328853125 0.6934740390624999 0.0691364734375 0.691836353125 0.0705913546875 0.68993906875 0.070398975 0.6883013828125 0.07185311250000001 0.6864042171875 0.0703140734375 0.673302725 0.0666356078125 0.67054703125 0.0633410890625 0.671066225 0.061502192187500006 0.6696880171874999 0.054913896875 0.6707262843749999 0.0520040671875 0.6745202453125 0.052388826562500004 0.67779561875 0.050933946875000004 0.6796929 0.051126326562500005 0.6813305875 0.0496721875 0.6832277546875 0.0498645671875 0.684865440625 0.0484096890625 0.6867627234375 0.04860206875 0.6884004078125 0.0471471890625 0.6902976921875 0.0479167078125 0.6968484375 0.0435527390625 0.7025395640625 0.043745120312500003 0.7041772515625 0.0422902390625 0.706074534375 0.0430597578125 0.71262528125 0.041604878125 0.7145225640625 0.0417972578125 0.7161602515625 0.0388882421875 0.7199546984375 0.039080620312499995 0.7215923859375 0.037625740625 0.7234896671875 0.037818120312499995 0.7251273546875 0.036363240625 0.7270246375 0.036555620312499995 0.7286623249999999 0.0351014125 0.7305588859375 0.0352937921875 0.732196571875 0.0338389125 0.7340938546875 0.0346084296875 0.7406446 0.036448070312500004 0.7420226921874999 0.0380945875 0.7417632125 0.0399342265625 0.743141303125 0.051463559375 0.7413243640625
0 0.053185517187499996 0.6893534796874999 0.0594043515625 0.6689117437500001 0.0384380328125 0.668074484375 0.03286678125 0.6873737375 0.053185517187499996 0.6893534796874999
1 0.046106034375 0.94934945625 0.0522605515625 0.9508553875000001 0.07579783749999999 0.8804505234375 0.061663553125000006 0.8778887031249999 0.060677417187500006 0.879315878125 0.0435250296875 0.9273779140625 0.046106034375 0.94934945625
4 0.5723097703125 0.8797251203125 0.5681896796875 0.8446516859375001 0.5241316140625 0.8515949171875 0.5282517046875 0.886668353125 0.5723097703125 0.8797251203125
4 0.7088761125 0.6895477859375 0.7034921765625 0.6437155171875 0.662433175 0.65018611875 0.6678171109375 0.6960183875 0.7088761125 0.6895477859375
0 0.7943814921875 0.42477078749999997 0.814028459375 0.43127220624999996 0.822093259375 0.41608563125 0.7995247921875 0.4127961171875 0.7943814921875 0.42477078749999997
1 0.9042281265625001 0.2561069828125 0.9311735765625 0.2286949453125 0.9184955890625 0.21994839531250002 0.890161765625 0.247461715625 0.9042281265625001 0.2561069828125
5 0.7866744234375 0.333564640625 0.8075796093750001 0.33561931718750004 0.8494098984375 0.193038984375 0.8344058375 0.1902881390625 0.7866744234375 0.333564640625
5 0.5502370812499999 0.729638940625 0.56076201875 0.6703101640625 0.5414493874999999 0.665573571875 0.5197557890625 0.7265713890625001 0.5502370812499999 0.729638940625
1 0.44320330312499995 0.81337636875 0.46044785 0.8168176328125 0.4789689984375 0.7608795578125 0.46351135625 0.7581743515625 0.44320330312499995 0.81337636875
5 0.27502759062500004 0.8138886781249999 0.29219026718749996 0.8176757078125 0.3627432484375 0.5744602203125 0.34856211406250004 0.5727031765625 0.27502759062500004 0.8138886781249999
0 0.5538764859375 0.52877506875 0.57775824375 0.45218226406250006 0.5574051265625 0.45139665000000007 0.5350427984375 0.5281542359375 0.5538764859375 0.52877506875
0 0.4259052078125 0.529006965625 0.43988953750000004 0.47351683125 0.42008204375 0.47215608593749997 0.40382901562500007 0.5270310046875 0.4259052078125 0.529006965625
0 0.4367162515625 0.6053277953125 0.4430130859375 0.5835097109375 0.42316785 0.581435046875 0.417308484375 0.602973765625 0.4367162515625 0.6053277953125
1 0.38780382812499997 0.7336460953125 0.3953814625 0.7128899375 0.46896734218749997 0.663334703125 0.4773377671875 0.6645172828125 0.4867592890625 0.655898434375 0.46073573593750006 0.6522182015625 0.44853753125000007 0.6611109749999999 0.4556871625 0.662920328125 0.387580528125 0.7094044734375 0.3787909640625 0.7074665578125 0.3698471296875 0.731228896875 0.38780382812499997 0.7336460953125
1 0.397100303125 0.6690860562500001 0.423849834375 0.6591866359375 0.44063978437499995 0.662040584375 0.44935942031250004 0.6521645953124999 0.4206894296875 0.64794898125 0.41156534999999994 0.6563837515625 0.381713703125 0.6625445046875 0.37221787812499996 0.6849805531250001 0.390926690625 0.6863212453124999 0.397100303125 0.6690860562500001
1 0.3827293859375 0.6445827546875 0.3753343203125 0.6522245265625 0.36408275625000003 0.6550479609375001 0.3556356359375 0.6729915281250001 0.3704676015625 0.6791239609375 0.379697040625 0.6598074875 0.4085786546875 0.6552817953125001 0.4147759171875 0.64853328125 0.3827293859375 0.6445827546875
0 0.3186478921875 0.6730363500000001 0.3488265671875 0.5717619703125 0.31251949375 0.56817831875 0.283661009375 0.6678892000000001 0.3186478921875 0.6730363500000001
1 0.188895346875 0.85339131875 0.2247296375 0.8587494765624999 0.22903858437500002 0.8448469765625 0.1935986203125 0.8406701421875 0.188895346875 0.85339131875
1 0.2533573015625 0.8804528859375 0.2627909796875 0.8697555749999999 0.1320550484375 0.8516917984375001 0.11728620000000001 0.8636808890625 0.2533573015625 0.8804528859375
1 0.0785186375 0.8907779421875001 0.099731371875 0.8941955859374999 0.109355853125 0.862118859375 0.12209724687500001 0.854561146875 0.0890433984375 0.8498686125000001 0.0874709640625 0.8568733406250001 0.09161026875 0.8568775125 0.094780165625 0.866258621875 0.0852720140625 0.8674075640625001 0.0785186375 0.8907779421875001
1 0.0347876265625 0.8529983124999999 0.07066205625000001 0.8587046046875001 0.08492682812499999 0.8459901765625 0.033193201562500003 0.83942531875 0.0347876265625 0.8529983124999999
0 0.06142134375 0.877365128125 0.04100836875 0.874415803125 0.038291059375 0.8828222734375 0.038884243750000005 0.887871925 0.057006540625000005 0.8896649140624999 0.06142134375 0.877365128125
3 0.1702958859375 0.8359637 0.168518271875 0.820831259375 0.14030922968749998 0.8252767999999999 0.1420868453125 0.8404092406249999 0.1702958859375 0.8359637
3 0.15100464687499998 0.8331341578125 0.1489956953125 0.8160323843749999 0.1044328359375 0.8230551703125 0.1064417875 0.8401569437499999 0.15100464687499998 0.8331341578125
3 0.11421235156250001 0.8298417046875001 0.1110573515625 0.8029838874999999 0.049999626562499996 0.8126061421875 0.053154625 0.839463959375 0.11421235156250001 0.8298417046875001
3 0.0317569609375 0.8271989203125001 0.054762175 0.8235734656249999 0.0520890125 0.800817415625 0.029083798437500002 0.8044428703125 0.0317569609375 0.8271989203125001
0 0.1851010015625 0.8350321125000001 0.1993549953125 0.8357938562499999 0.2050852671875 0.8199015328125 0.1900901515625 0.818887421875 0.1851010015625 0.8350321125000001
0 0.27506365 0.8818743171874999 0.293667425 0.8827842609375001 0.29779700937500003 0.8706567859375 0.28038741875 0.8693119250000001 0.27506365 0.8818743171874999
0 0.3316568515625 0.7977779328125 0.3446057609375 0.7865801765625 0.33029593125 0.7776902515625 0.3186592328125 0.7881705375 0.3316568515625 0.7977779328125
3 0.8984282531250001 0.28985995 0.895759346875 0.2671401453125 0.8640390234374999 0.2721390375 0.8667079281250001 0.29485884218749997 0.8984282531250001 0.28985995
0 0.4557570609375 0.7701599515625001 0.4607136484375 0.7566537609374999 0.44290875312500005 0.7550654046874999 0.43840601562500003 0.7677494406250001 0.4557570609375 0.7701599515625001
2 0.6525072140625 0.4893786890625 0.6623200359375 0.49072034999999997 0.95423156875 0.219030884375 0.94202153125 0.2162181140625 0.6525072140625 0.4893786890625
2 0.27416541875 0.8527818078125 0.286146084375 0.8501277265624999 0.5939307656249999 0.5628289984375 0.5855163359375 0.56158075 0.2827956265625 0.8397180328125 0.2740640671875 0.843043246875 0.1760912484375 0.830492453125 0.16815616718749998 0.8371222953125 0.27416541875 0.8527818078125
3 0.5197893625 0.6365030984375 0.517325540625 0.6155291125 0.47477442812500004 0.622234859375 0.47723825 0.643208846875 0.5197893625 0.6365030984375
3 0.47911024218750004 0.6331094640625 0.4770147140625 0.6152707015625001 0.4381530484375 0.62139501875 0.44024857656250005 0.63923378125 0.47911024218750004 0.6331094640625
3 0.445432665625 0.627818734375 0.44325269218749996 0.6092611046874999 0.40262425156250004 0.6156638531249999 0.4048042234375 0.6342214828125 0.445432665625 0.627818734375
1 0.7149063875 0.548601390625 0.7245464328125 0.5228232187499999 0.7037211906249999 0.5061819828125 0.710933575 0.49973986562499995 0.6987334046875 0.4970110640625 0.67150449375 0.5239152578125 0.68557699375 0.52418754375 0.694350690625 0.514913384375 0.7058635390625 0.521992809375 0.697453159375 0.5449992015625 0.7149063875 0.548601390625
1 0.7167137578125 0.580148925 0.72298921875 0.552832440625 0.6708284250000001 0.5377202343749999 0.6780103828125 0.5293971015625 0.666426575 0.5263478203124999 0.643622790625 0.547721065625 0.6573549953125 0.549820809375 0.662055240625 0.5458080640625 0.703035640625 0.556156021875 0.6961152328125 0.5788833078125 0.7167137578125 0.580148925
3 0.6155282890625 0.559841925 0.61359171875 0.5433563234375 0.5834154671875 0.54811188125 0.5853520375000001 0.5645974828125 0.6155282890625 0.559841925
3 0.6402582828125001 0.54206410625 0.63735094375 0.517314559375 0.5980438718750001 0.5235090687499999 0.6009512124999999 0.548258615625 0.6402582828125001 0.54206410625
3 0.6736605234375 0.5152748390624999 0.66992363125 0.4834634875 0.623044659375 0.490851275 0.6267815515625 0.5226626265625 0.6736605234375 0.5152748390624999
1 0.970781915625 0.2090191234375 0.8134536484374999 0.3581982578125 0.8311821828125 0.36093874531250003 0.9729952390625 0.22786067031249999 0.970781915625 0.2090191234375
1 0.9729024531249999 0.22707081406250001 0.690898165625 0.49316922500000004 0.7112360921875001 0.49463649531250004 0.974946728125 0.2444732671875 0.9729024531249999 0.22707081406250001
5 0.3150538796875 0.514640278125 0.31689351875 0.5160183671875 0.3170858984375 0.5176560546875 0.3189255375 0.5190341453125 0.32716035 0.5177363984375 0.32899999062499996 0.5191144890625 0.32919237031250004 0.5207521749999999 0.33103200781250003 0.522130265625 0.33122431875 0.5237673484375 0.334902853125 0.5265236437499999 0.338197371875 0.526004453125 0.34003701249999996 0.52738254375 0.3449780484375 0.526603871875 0.346432928125 0.5247065890625 0.34547110000000003 0.5165187609374999 0.34838011875 0.5127243109374999 0.3516746375 0.5122051203125 0.35312877343750004 0.510307953125 0.358070553125 0.509529165625 0.359524690625 0.5076320015625 0.3593323109375 0.5059943140625001 0.3622420703125 0.502199746875 0.3620496890625 0.5005620625 0.36641358749999997 0.4948703296875 0.3662212078125 0.49323264375000003 0.3691310375 0.48943868281249997 0.36893865937500003 0.487800996875 0.370392796875 0.4859038296875 0.3700080359375 0.48262845781249997 0.371462915625 0.48073117343750005 0.37107815781250003 0.4774558 0.3725330359375 0.4755585203125 0.37234065625 0.47392083281249997 0.3737955359375 0.47202355 0.37360315625 0.4703858625 0.376512175 0.46659141406250004 0.37631979531250004 0.4649537265625 0.3777746734375 0.46305644375000005 0.377582365625 0.46141936406250006 0.3790372453125 0.45952207968750003 0.37884486562499997 0.45788439375 0.380299003125 0.455987228125 0.3797218640625 0.45107416718750004 0.38117674375 0.44917688437500003 0.3809843640625 0.44753919687500004 0.38243924375 0.4456419171875 0.3822468625 0.44400422968750003 0.38370174375 0.44210694687499996 0.38350936406249997 0.44046925937500003 0.38496350156250003 0.43857209375000006 0.384771121875 0.4369344078125 0.3862260015625 0.4350371234375 0.38603369375 0.43340004218750006 0.3889434515625 0.4296054765625 0.388751071875 0.427967790625 0.39020520937500003 0.42607062500000004 0.3900128296875 0.42443293750000005 0.3914677109375 0.4225356546875 0.39127533125 0.42089796875 0.392730209375 0.4190006859375 0.3925378296875 0.4173629984375 0.393992709375 0.415465715625 0.3938003296875 0.4138280296875 0.3952544671875 0.4119308640625 0.3950620875 0.410293178125 0.39651696875 0.40839589375 0.39613227968750003 0.40512112499999997 0.3990420390625 0.40132656093749997 0.398849659375 0.399688875 0.400303796875 0.3977917078125 0.3997266578125 0.39287864687499996 0.4011815375 0.39098136562499997 0.400796778125 0.3877059921875 0.4022516578125 0.385808709375 0.40205927812500003 0.3841710234375 0.4035141578125 0.3822737421875 0.40332177812500003 0.3806360546875 0.4105947625 0.3711504765625 0.41224202343750005 0.37089088124999997 0.41369690156249994 0.3689936 0.4153441625 0.36873400312500004 0.41679830000000007 0.3668368390625 0.418445559375 0.3665772421875 0.41990043750000006 0.3646799578125 0.4215476984375 0.3644203640625 0.4259115953125 0.35872863125 0.42755885468750005 0.358469034375 0.4290129921875 0.35657186875 0.4323075109375 0.3560526765625 0.4395811671875 0.3465663796875 0.44287494531249993 0.3460473046875 0.4443298953125 0.3441506265625 0.445977153125 0.3438910296875 0.4457847734375 0.34225334375 0.45014867187499996 0.3365616109375 0.45179592968750004 0.336302015625 0.45325006874999996 0.33440485 0.4565445875 0.3338856578125 0.46381824375 0.3243993625 0.4636258640625 0.322761675 0.46653488125000003 0.3189672265625 0.4663425015625 0.3173295390625 0.46925233281249995 0.3135355796875 0.46905995312500004 0.3118978921875 0.47051409062499994 0.310000725 0.4703217109375 0.30836304062500003 0.47177659062500005 0.30646575625 0.47139183124999995 0.3031903828125 0.47284671093749997 0.3012931015625 0.47265433124999995 0.29965541562500003 0.47410921093749997 0.29775813281249996 0.4737244515625 0.294482759375 0.47517858906250005 0.29258559375000004 0.47479382968749995 0.28931022031250003 0.47624870937499997 0.2874129359375 0.47605639999999994 0.2857758546875 0.47751128125 0.283878571875 0.4773189015625 0.28224088593749996 0.47877377968749996 0.280343603125 0.478389021875 0.277068228125 0.479843159375 0.2751710625 0.478111740625 0.260431884375 0.47627291562499996 0.25905428124999996 0.47608053593750005 0.257416596875 0.4742408953125 0.2560385046875 0.474048515625 0.25440081718749996 0.472208878125 0.2530227265625 0.47056161718749995 0.2532823234375 0.46320380468750005 0.24776984375 0.4615572859375 0.2480293234375 0.459717646875 0.24665123281249998 0.4580703875 0.2469108296875 0.4562307484375 0.245532740625 0.45458423124999997 0.24579221874999999 0.45274459218749996 0.244414128125 0.45109733125 0.244673725 0.44925769375 0.243295634375 0.44761117656250005 0.2435551140625 0.4457715359375 0.24217702343749997 0.4424770171875 0.24269621406250003 0.4406381203125 0.24131800781249998 0.43899086093750006 0.2415776046875 0.43715122187500005 0.2401995140625 0.4355039625 0.240459109375 0.4336651359375 0.23908150625000002 0.4320178765625 0.23934110312499998 0.4301782375 0.2379630109375 0.425237203125 0.23874168281250002 0.42339756250000005 0.23736359375 0.42175030312499995 0.237623190625 0.41991140624999995 0.2362449828125 0.40179303749999995 0.23910030624999998 0.40033890000000005 0.240997471875 0.3986916390625 0.24125706875000003 0.397236759375 0.24315435000000002 0.3955895 0.243413946875 0.38540675625 0.2566940875 0.3855991359375 0.2583317734375 0.3841442546875 0.26022905625 0.384336634375 0.26186674375 0.382882496875 0.263763909375 0.383074878125 0.2654015953125 0.381619996875 0.2672988796875 0.3818123765625 0.268936565625 0.3803574984375 0.270833846875 0.3805498765625 0.272471534375 0.3776407890625 0.276265378125 0.37783316875 0.277903065625 0.374923409375 0.2816976296875 0.3751157890625 0.2833353171875 0.37366090937499996 0.2852326 0.37404566875 0.2885079734375 0.37259153125 0.29040513749999997 0.3727839109375 0.292042825 0.37132903125 0.2939401078125 0.3715214109375 0.2955777953125 0.3700665296875 0.2974750765625 0.3704512890625 0.3007504515625 0.3689964109375 0.302647734375 0.36918871875 0.304284815625 0.36773458125 0.30618198125 0.3679269609375 0.30781966875 0.36647208125 0.3097169515625 0.3666644609375 0.3113546375 0.36520958281250004 0.31325192031250004 0.3654019609375 0.31488960781249997 0.36394708124999997 0.316786890625 0.3641394625 0.318424578125 0.36123044375 0.322219025 0.3614228234375 0.3238567109375 0.35996794374999996 0.32575399374999997 0.36016032343750004 0.3273916796875 0.35725130625 0.3311861296875 0.357443615625 0.3328232125 0.355988734375 0.33472049375 0.356181115625 0.33635817968750004 0.35472623593749997 0.3382554625 0.35491861406249997 0.33989315000000003 0.3534637359375 0.3417904328125 0.353656115625 0.3434281203125 0.352201978125 0.3453252859375 0.3523943578125 0.34696297187499997 0.35093947812500004 0.34886025625 0.3511318578125 0.3504979390625 0.34967697656249996 0.35239522343749996 0.3500617359375 0.35567059687499997 0.3486068578125 0.35756787968750003 0.348991546875 0.36084264843749997 0.347537409375 0.362739815625 0.3477297890625 0.3643775 0.3462749078125 0.36627478281250003 0.3464672875 0.36791246875 0.3450124078125 0.36980975312500003 0.3452047875 0.3714474390625 0.34229577031249997 0.3752418890625 0.34248815 0.376879575 0.339578390625 0.380674140625 0.3397707703125 0.38231182656249996 0.338315890625 0.3842091078125 0.338508271875 0.3858467953125 0.33705413281249996 0.3877439609375 0.3372464421875 0.3893810453125 0.3357915625 0.3912783265625 0.3359839421875 0.3929160140625 0.3345290609375 0.394813296875 0.3351062 0.39972635625 0.333651321875 0.4016236375 0.334228459375 0.4065366984375 0.332774321875 0.4084338640625 0.3333514609375 0.4133469234375 0.3318965828125 0.41524420624999997 0.333050790625 0.4250697203125 0.331595909375 0.42696700468750004 0.332557809375 0.4351554375 0.33110292812500003 0.43705272031250003 0.3316800671875 0.44196577968749995 0.330225859375 0.44386234062499996 0.3304182390625 0.445500028125 0.3289633578125 0.447397309375 0.3291557375 0.44903499687500004 0.32770085937500004 0.4509322796875 0.3278932390625 0.45256996718750003 0.326438359375 0.45446725 0.32682311875000003 0.4577426203125 0.32536898124999997 0.4596397875 0.3255613609375 0.461277475 0.32410648124999997 0.46317475625000004 0.32429886093750004 0.46481244374999997 0.32284398125 0.46670972656250004 0.3230363609375 0.4683474140625 0.32158148125 0.4702446953125 0.32196616875 0.4735194640625 0.32051203125 0.47541663125 0.3207044109375 0.4770543171875 0.317794653125 0.48084888281250004 0.31798703281249996 0.4824865703125 0.31653215156250003 0.4843838515625 0.31672453125 0.4860215375 0.31381551406249997 0.48981598593750003 0.31400789375 0.4914536734375 0.312553015625 0.49335095625000003 0.31274539375 0.49498864375 0.3112905140625 0.49688592500000006 0.31148289375 0.4985236125 0.3100286859375 0.5004201734375 0.310605825 0.5053332328125 0.312444721875 0.506711440625 0.3130218609375 0.5116245015625001 0.3148615 0.5130025921875 0.3150538796875 0.514640278125
0 0.46349570937499995 0.5929927171875 0.4649505875 0.591095434375 0.46824510625000004 0.5905762421875 0.46805272656249997 0.58893855625 0.469506865625 0.5870413890624999 0.46931448593749997 0.585403703125 0.47367919531249997 0.5797124578124999 0.473486815625 0.578074771875 0.4749409546875 0.57617760625 0.47397905468749996 0.5679891734375 0.47834369218750006 0.5622973250000001 0.477958934375 0.559021953125 0.479413071875 0.5571247859375 0.4790283125 0.5538494140625 0.4848471609375 0.5462610031249999 0.48330812187500005 0.5331595109375 0.481469225 0.531781303125 0.45840981875000003 0.5354152984375 0.458794578125 0.538690671875 0.4573396984375 0.5405879546875 0.457532078125 0.542225640625 0.45462306249999995 0.5460200890625 0.454815440625 0.5476577765624999 0.4533605625 0.549555059375 0.45451476875 0.5593805734374999 0.4530598890625 0.5612778578125 0.45325226875 0.56291554375 0.45179813125 0.564812709375 0.45199051093750003 0.5664503953125 0.4490807515625 0.5702449625 0.4494655109375 0.573520334375 0.44655649375 0.5773147828125 0.44790308124999995 0.5887779859375 0.45342125624999996 0.5929123749999999 0.455068515625 0.592652778125 0.4569074125 0.5940309828125 0.46349570937499995 0.5929927171875
0 0.613919828125 0.5025686421875 0.617214346875 0.50204945 0.6201233640625 0.49825500156249997 0.619930984375 0.496617315625 0.6242956234375 0.49092546718749996 0.62410324375 0.48928777968750004 0.6255573812499999 0.487390615625 0.6249802421874999 0.48247755468750003 0.626435121875 0.4805802703125 0.6262427421875 0.4789425859375 0.6291525734375 0.47514862343750003 0.62896019375 0.47351093750000006 0.63041433125 0.471613771875 0.629837190625 0.4667007109375 0.631292071875 0.46480343125 0.6310996921875 0.46316574375 0.635463590625 0.45747401249999997 0.63488645 0.4525609515625 0.6363413296875 0.45066366875 0.63614895 0.44902598281249995 0.6405129171875 0.44333485625 0.640128159375 0.44005948124999994 0.6415830375 0.4381622 0.6413906578125 0.4365245125 0.6428455390625001 0.4346272296875 0.642653159375 0.43298954375000004 0.6441080375 0.43109226093749997 0.643723278125 0.42781688906250004 0.6418836390625 0.426438796875 0.641691259375 0.42480111093749995 0.6398516203125 0.42342302031249995 0.6184394734375 0.42679741875 0.618631853125 0.42843510625 0.6157228359375 0.4322295546875 0.6159152156250001 0.43386724218749995 0.6144603375 0.435764525 0.614845096875 0.4390398953125 0.613390215625 0.4409371796875 0.6135825953125 0.442574865625 0.610673578125 0.446369315625 0.6110583375 0.4496446890625 0.6096034593749999 0.4515419703125 0.6099881468749999 0.45481673906250003 0.6085332671875 0.456714021875 0.608725646875 0.458351709375 0.6058166296875 0.4621461578125 0.606009009375 0.4637838453125 0.6045541296875 0.46568112656249994 0.6049388890625 0.4689565 0.603484009375 0.4708537828125 0.6038687687500001 0.47412915624999996 0.595140903125 0.4855120140625 0.5974494609375001 0.505164253125 0.60403775625 0.504125984375 0.6058773953125 0.5055040749999999 0.612465690625 0.5044658078125 0.613919828125 0.5025686421875
0 0.7747065046875 0.300425071875 0.7752836453125 0.30533813125 0.7868129781250001 0.3035211921875 0.7897227375 0.2997266265625 0.7963110328125 0.298688359375 0.7977651703124999 0.29679119374999996 0.8010596890624999 0.296272 0.80251456875 0.2943747171875 0.8023221890625001 0.2927370296875 0.8037763265625 0.2908398671875 0.8030068781249999 0.28428972343750003 0.8044617578125 0.282392440625 0.804269378125 0.280754753125 0.8071791390625 0.276960190625 0.8067943796874999 0.273684815625 0.808248515625 0.27178765 0.8076713765625 0.26687459062499996 0.8091262578125 0.26497730625 0.8087414984375 0.261701934375 0.8116513281250001 0.2579079734375 0.8110741890625001 0.2529949125 0.8125283265625001 0.251097746875 0.8119511875000001 0.2461846875 0.8134060671875 0.24428740625 0.8132136875 0.24264971875 0.8161234468749999 0.238855153125 0.8159310671875 0.23721746562499998 0.8173852046875 0.2353203 0.817000515625 0.23204553125 0.818455396875 0.23014825 0.8182630171874999 0.2285105625 0.821172775 0.2247159984375 0.8209803953125 0.2230783109375 0.8224345328125 0.22118114375000003 0.8220497734375 0.21790577031249997 0.8264144124999999 0.2122139234375 0.8260296531250001 0.20893855156250002 0.8274837906249999 0.207041384375 0.827099103125 0.20376661718750003 0.8300088609375 0.19997205 0.82981648125 0.1983343640625 0.8312713625000001 0.19643708124999998 0.8301170828125001 0.1866109625 0.8264378046875 0.18385478125000002 0.824790546875 0.184114378125 0.8155939046875 0.17722429374999998 0.7925345 0.180858290625 0.7927268796875 0.1824959765625 0.791271928125 0.1843926546875 0.7916566875 0.187668028125 0.79020255 0.18956519375 0.7903949296875 0.19120288125 0.7874851703125 0.194997446875 0.7880623109375 0.1999105046875 0.7866074296875001 0.2018077890625 0.7867998093749999 0.20344547500000001 0.785345671875 0.205342640625 0.7855380515625 0.206980328125 0.784083171875 0.20887761093749999 0.7842755515625 0.2105152984375 0.7828206015625 0.21241197500000003 0.7835901203125 0.21896272187500002 0.782135240625 0.22086000625 0.7823276203125 0.22249769062500002 0.7794186015625 0.22629214062499997 0.7796109828125 0.227929825 0.7781561015625 0.229827109375 0.778733240625 0.23474016875 0.7772783624999999 0.2366374515625 0.7776630499999999 0.2399122203125 0.7747540328125 0.24370666875000002 0.7749464125000001 0.2453443546875 0.7734915328125 0.2472416390625 0.7738762921875 0.25051701249999997 0.7724214140625 0.25241429375 0.7728061734375 0.255689665625 0.7698971546875 0.25948411562499996 0.770089534375 0.2611218015625 0.7686346546875 0.2630190859375 0.7690194140625 0.2662944578125 0.7675644640625 0.2681911375 0.76775684375 0.26982882343750003 0.7633929453125 0.27552055468750003 0.763585325 0.27715824218749996 0.762130446875 0.2790555234375 0.7623228265625 0.2806932109375 0.7608686875 0.2825903765625 0.7618305859375 0.290778809375 0.7673486921875 0.29491259375 0.767541071875 0.29655028125 0.7691883296875 0.296290684375 0.7747065046875 0.300425071875
1 0.5533524421875 0.6438828796875 0.55664621875 0.6433638046875 0.559555978125 0.6395692390625001 0.5612032375 0.6393096421875 0.562657375 0.6374124765625 0.5643046359375 0.63715288125 0.5657595140625 0.6352555984375 0.567406775 0.634996003125 0.5703157921875001 0.6312015546875 0.57196305 0.6309419578125001 0.57487206875 0.6271475093750001 0.5765193265625 0.6268879125 0.580883225 0.6211961828125 0.5825304828125 0.6209365859375 0.58834933125 0.6133481765625 0.5899965921875 0.6130885796875 0.5958153687500001 0.605499565625 0.5974626265625 0.6052399703125 0.601826525 0.5995482390625 0.6034737828125001 0.5992886421875 0.6063828015625 0.59549419375 0.6080300609375 0.5952345984375 0.6123939578125001 0.5895428671875 0.6140412171875 0.5892832703125 0.6198600640625 0.5816948609375 0.6215073249999999 0.5814352640625 0.6244163421875 0.5776408156249999 0.6242239625 0.5760031296875 0.6256788421875 0.574105846875 0.6273261015625 0.57384625 0.6287802390625 0.571949084375 0.6304274984375 0.5716894890625001 0.6333372578125 0.5678949234374999 0.633144878125 0.5662572359375 0.634599015625 0.5643600703125 0.6344066359375 0.562722384375 0.6325677390625 0.5613441781249999 0.619391146875 0.5634207124999999 0.615026509375 0.5691125593749999 0.613379990625 0.5693720390625 0.609015353125 0.5750638875 0.6073688359375 0.5753233671875 0.6059139546875 0.57722065 0.6026194359375 0.5777398421875 0.6011652984375 0.5796370093750001 0.597870778125 0.5801562 0.5964159 0.5820534828125 0.5947693828125 0.5823129625 0.5918596218750001 0.586107528125 0.5902123640625 0.5863671234375001 0.5887582265625 0.588264290625 0.587110965625 0.5885238859374999 0.5856560156249999 0.5904205640625 0.58400875625 0.5906801609375 0.5810997390625 0.594474609375 0.5794524796875 0.5947342046874999 0.5765434625 0.598528653125 0.5748962015625 0.59878825 0.5690774249999999 0.6063772625 0.5674301671875 0.606636859375 0.5645211484375 0.6104313078125 0.5628738890625 0.6106909046875 0.5614190109375 0.6125881875 0.55977175 0.6128477828125 0.5583176125 0.61474495 0.5566703546875 0.6150045453125 0.55085150625 0.6225929546875 0.5492042453125 0.62285255 0.5448403500000001 0.6285442828125001 0.5431930890625 0.628803878125 0.5417382109375 0.6307011609375001 0.5400916921875 0.630960640625 0.5386368125 0.632857921875 0.536989553125 0.63311751875 0.5340805359374999 0.6369119671875 0.5324332765625 0.6371715640625 0.5309783968749999 0.6390688484375 0.5323250546875 0.650532653125 0.545501646875 0.64845611875 0.5469565249999999 0.6465588343750001 0.5518975625 0.6457801625 0.5533524421875 0.6438828796875
0 0.1386247765625 0.5407762218750001 0.140464415625 0.5421543125 0.1421109328125 0.5418948343750001 0.1439505734375 0.5432729234375 0.15053886875 0.5422346546875 0.15237850625 0.5436127453124999 0.1573195421875 0.5428340734375 0.15915918281250002 0.5442121656250001 0.16245295937499998 0.5436930890625 0.1642925984375 0.54507118125 0.1725281546875 0.543773315625 0.179801809375 0.5342870203125 0.1796094296875 0.5326493328125 0.1810635671875 0.5307521671875 0.1801016703125 0.5225637328125 0.1815565484375 0.5206664515625 0.181364240625 0.5190293703125 0.1828191203125 0.5171320859375 0.182626740625 0.5154944 0.18408161875 0.5135971171875 0.18388923906250002 0.51195943125 0.18534337812499999 0.5100622640625 0.18495861875 0.5067868921875001 0.1864134984375 0.5048896093749999 0.18622111875 0.5032519234375 0.1891308765625 0.4994573578125 0.18874611875 0.496181984375 0.19020025625 0.49428481875 0.1900078765625 0.49264713125000004 0.1943725859375 0.4869558875 0.19418020625000001 0.48531820156250005 0.1970892234375 0.481523753125 0.19689684375 0.47988606562499997 0.199806603125 0.4760915 0.1996142234375 0.474453815625 0.2010683625 0.4725566484375 0.20049122343749998 0.46764358906250003 0.1986523265625 0.46626538125000005 0.198459946875 0.46462769374999996 0.1929411 0.460494028125 0.1912945828125 0.46075350625 0.1894549421875 0.4593754171875 0.187807684375 0.4596350125 0.18596804375 0.45825692343749996 0.1843215265625 0.45851640156249995 0.1824818875 0.45713831093749996 0.180834628125 0.4573979078125 0.1789949890625 0.4560198171875 0.154289065625 0.459913290625 0.1548662046875 0.46482635156249996 0.1534113265625 0.466723634375 0.1537960859375 0.46999900625 0.1523418765625 0.47189556875000005 0.15253425625 0.4735332546875 0.15107937656249998 0.47543053906250005 0.15127175625 0.4770682234375 0.1498168765625 0.47896550781249997 0.1502016359375 0.48224088125 0.14874675625 0.4841381625 0.1489391359375 0.4857758484375 0.14603011875 0.48957029687500003 0.1462224984375 0.491207984375 0.14476761875 0.49310526718750003 0.14515237812499998 0.496380640625 0.143697496875 0.498277925 0.1438898078125 0.4999150046875 0.1409807890625 0.503709453125 0.14117316875000002 0.505347140625 0.1397182890625 0.5072444234375 0.13991066875 0.5088821109375 0.138455790625 0.5107793921875 0.1386481703125 0.5124170796875 0.13719403125000001 0.51431424375 0.13738641093749998 0.5159519312499999 0.1344766515625 0.5197464968750001 0.13466903125000002 0.5213841828125 0.130305134375 0.527075915625 0.13049744375 0.5287129953124999 0.12904256249999999 0.5306102796875 0.1298120828125 0.5371610265625 0.1334913609375 0.5399172078125 0.135137878125 0.539657728125 0.1369775171875 0.54103581875 0.1386247765625 0.5407762218750001
0 0.707165321875 0.43950232031249997 0.710075153125 0.4357083609375 0.7117224125 0.4354487640625 0.71317655 0.4335515984375 0.71647106875 0.4330324046875 0.7193800859375 0.42923795625 0.71918770625 0.42760027031250003 0.7206425875 0.42570298749999996 0.7196806875 0.4175145546875 0.7178410484375 0.416136465625 0.71764866875 0.414498778125 0.6995310406249999 0.41735398437500004 0.6937122640625 0.424943 0.69206500625 0.4252025953125 0.6936040421875 0.43830408906249996 0.6954436109375 0.43968157343750003 0.6987381296875 0.4391623796875 0.7005770265625 0.44054058906250004 0.707165321875 0.43950232031249997
0 0.42787415156249997 0.6753327640625 0.427681771875 0.6736950765625 0.42913665156249997 0.6717977953125 0.428944271875 0.6701601078125 0.43185335937499997 0.6663662640625 0.43166097968750006 0.664728578125 0.4331158609375 0.6628312937499999 0.4327311015625 0.6595559203125 0.40308414218750005 0.6642280671874999 0.40346890156250004 0.667503440625 0.402014021875 0.6694007234375 0.40393774687499995 0.6857769859375 0.4055850078125 0.6855173890625 0.4074239046875 0.6868955953125 0.420600496875 0.6848190609375 0.42787415156249997 0.6753327640625
0 0.167781696875 0.7747003671875 0.16962059375 0.776078575 0.17126785312499998 0.7758189796875 0.1731074921875 0.7771970703125 0.174754753125 0.7769374734375 0.176208890625 0.7750403078125 0.1827971859375 0.7740020390625 0.18463682343750001 0.7753801296875 0.19287237968749998 0.7740822671875 0.19114096249999998 0.7593430875 0.18930139375 0.7579656 0.187654134375 0.758225196875 0.1821359578125 0.754090809375 0.181943578125 0.752453121875 0.1621786921875 0.755567925 0.1607238125 0.7574652093750001 0.1609161921875 0.75910289375 0.158007175 0.7628973421875 0.15916138124999998 0.7727228578124999 0.161001021875 0.7741009484375 0.1642947984375 0.773581871875 0.1661344375 0.7749599640625 0.167781696875 0.7747003671875
0 0.135994496875 0.7897178265625 0.1358021171875 0.788080140625 0.1372562546875 0.7861829734375 0.1368714953125 0.7829076015624999 0.14269027343750001 0.7753185859375 0.1417283734375 0.7671301546875 0.147547221875 0.75954174375 0.146777703125 0.7529909984375001 0.1525964796875 0.7454019828125 0.1518269609375 0.7388512375 0.1561916703125 0.7331599921875 0.155999290625 0.73152230625 0.15745342812500002 0.729625140625 0.1561067703125 0.718161334375 0.15426787343749998 0.7167831265625 0.127914690625 0.7209361984375 0.12829945 0.7242115703125 0.12684457031250002 0.7261088546875001 0.12703694999999998 0.727746540625 0.1255820703125 0.7296438234375 0.1259668296875 0.732919196875 0.12451195 0.7348164781250001 0.124896709375 0.7380918515625 0.1161688453125 0.749474709375 0.114521584375 0.7497343062499999 0.1087028078125 0.7573233203124999 0.10908756718749998 0.76059869375 0.10763268749999999 0.762495978125 0.1118649 0.798523871875 0.12998326875 0.7956685484375 0.1314374765625 0.7937719875 0.1330847375 0.793512390625 0.135994496875 0.7897178265625
0 0.5042645890624999 0.6115872859375 0.505718728125 0.60969011875 0.5051415890625 0.6047770578125 0.5065964671875001 0.6028797765625 0.5064041593749999 0.60124269375 0.5093139171875001 0.5974481296875 0.5091215375 0.5958104421875 0.5105756765625 0.593913275 0.5094213984375 0.5840871578125 0.5108762765625 0.5821898734375 0.510683896875 0.5805521875 0.5135936578125 0.576757621875 0.513401278125 0.575119934375 0.5148554875 0.5732233734375 0.5144707281249999 0.5699480015625 0.51592560625 0.5680507171875 0.5157332265625 0.5664130328125 0.51718810625 0.5645157484375 0.5188353671875 0.5642561515625 0.5186429875 0.5626184656250001 0.520097125 0.5607213 0.519519984375 0.5558082390625 0.5209748656250001 0.5539109578125 0.5207824859375 0.5522732718750001 0.5236922453124999 0.5484787046874999 0.52330755625 0.5452039375 0.52476169375 0.5433067703125001 0.5234150359374999 0.531842965625 0.49706185312500006 0.535996034375 0.4941528359375 0.5397904828125 0.494729975 0.5447035437500001 0.49327509531249997 0.5466008265625 0.49423692187499996 0.5547886546874999 0.4913279046875 0.5585831031249999 0.49152028437500006 0.5602207890625001 0.488610525 0.56401535625 0.4897648046875 0.5738414749999999 0.48685578593749995 0.5776359234374999 0.4852085265625 0.57789551875 0.48375357656249995 0.5797921968749999 0.4849078546875 0.5896183171875 0.48345297499999995 0.5915155984375 0.48383773437500005 0.5947909734375 0.482383596875 0.5966881390625 0.4807363359375 0.596947734375 0.47928145781250003 0.59884501875 0.48216708124999996 0.6234097125 0.5002847109374999 0.6205545046875 0.5000923312500001 0.6189168171875 0.50445696875 0.613224971875 0.5042645890624999 0.6115872859375
0 0.2041859390625 0.798986784375 0.2056400765625 0.7970896171875 0.2048705578125 0.790538871875 0.209235196875 0.7848470234375 0.208850509375 0.781572253125 0.210304646875 0.7796750875 0.2097275078125 0.7747620296875 0.21118238749999999 0.7728647453125 0.2109900078125 0.7712270593749999 0.21389976718749998 0.76743249375 0.2137073875 0.76579480625 0.2151615234375 0.7638976421875 0.2143920046875 0.7573468953125 0.2158468859375 0.7554496140625 0.21565457656250003 0.7538125296875 0.21856433593750002 0.7500179640625 0.21837195625 0.7483802796875 0.21982609375 0.7464831125 0.2192489546875 0.7415700515625 0.220703834375 0.7396727703125 0.2205114546875 0.738035084375 0.22196633437500002 0.7361378000000001 0.2208121265625 0.7263122859375 0.2189724875 0.7249341953124999 0.2008548609375 0.7277894015624999 0.1993999796875 0.7296866859375 0.200169428125 0.7362368265625 0.1987145484375 0.738134109375 0.19890692968749998 0.739771796875 0.1974527921875 0.7416689609375 0.1976451703125 0.7433066484374999 0.19619029062499999 0.7452039312500001 0.1963826703125 0.74684161875 0.194927790625 0.7487389 0.19531255 0.752014275 0.1894937015625 0.7596026828125 0.18968608125 0.7612403703124999 0.18677706562500002 0.76503481875 0.18696944531249998 0.7666725046875 0.185514565625 0.7685697874999999 0.189746846875 0.8045982890625 0.19962892031249999 0.8030409453124999 0.2010838 0.8011436625 0.20437831874999998 0.8006244703125001 0.2041859390625 0.798986784375
0 0.40527116875 0.5971644703125001 0.41515398281250004 0.5956070109375 0.41496160312499997 0.5939693234375001 0.41641574062500003 0.5920721578125 0.4162233609375 0.590434471875 0.4176783109375 0.5885377921875 0.41652403125 0.5787116734375 0.41468439375 0.5773335828125 0.41449201406249997 0.575695896875 0.39143335 0.5793297749999999 0.393357075 0.5957060359375 0.3950043359375 0.5954464390624999 0.3968432328125 0.5968246484375 0.40343152812499994 0.5957863796875 0.40527116875 0.5971644703125001
1 0.31496102656249997 0.8565877765625001 0.31990206250000003 0.8558091046875 0.321356940625 0.8539118218749999 0.326297978125 0.8531331515625 0.32775285625 0.8512358671875001 0.3294001171875 0.8509762703125 0.330854996875 0.8490789890625001 0.3325015140625 0.8488195093750001 0.3339563921875 0.8469222265624999 0.335603653125 0.8466626312500001 0.33705853124999996 0.8447653468749999 0.33870505 0.84450586875 0.34161488125 0.8407119078124999 0.3432621390625 0.8404523125000001 0.3461711578125 0.8366578625000001 0.3478184171875 0.8363982671875 0.35072743281249996 0.8326038171875 0.35237469374999997 0.8323442218749999 0.35964835 0.8228579249999999 0.361295609375 0.8225983296875 0.36420462656249997 0.81880388125 0.3658518859375 0.8185442843749999 0.3731256140625 0.8090585921875 0.376419390625 0.8085395171875 0.3778742703125 0.806642234375 0.37952152968749997 0.8063826374999999 0.38534030625 0.7987936234374999 0.388634084375 0.7982745484375 0.3915438421875 0.7944799828125 0.393190359375 0.794220503125 0.39610011875 0.7904259390624999 0.3977473796875 0.7901663421875 0.39920151718749997 0.788269178125 0.40084877499999993 0.78800958125 0.40230365468749996 0.7861122968750001 0.403950915625 0.785852703125 0.4112239015625 0.7763671265625 0.412871159375 0.7761075296875 0.41432604062499995 0.7742102484375 0.4159732984375 0.7739506515625 0.42324621406249996 0.7644644703125001 0.423053834375 0.762826784375 0.42596359375 0.75903221875 0.4276108515625 0.758772621875 0.429064990625 0.7568754578125 0.43071225 0.7566158609375 0.43216712968750004 0.7547185796875 0.4338143875 0.7544589828125 0.43526852656250004 0.752561815625 0.4369157859375 0.7523022218750001 0.43837066562500004 0.7504049375 0.440017925 0.7501453406249999 0.44729090937500005 0.7406597671874999 0.4489381703125 0.7404001703125 0.456211825 0.7309138734375 0.4560194453125 0.7292761859375 0.46038334374999995 0.723584453125 0.4636778625 0.7230652625 0.465132 0.7211680984375 0.4717202953125 0.7201298296875 0.47317517656249997 0.718232546875 0.4764696953125 0.7177133546875 0.47792383281250006 0.7158161890625 0.4777314515625 0.7141785031250001 0.47918640156250003 0.7122818234375 0.47899402343749997 0.7106441359375 0.4848128015625 0.7030551234375 0.486460059375 0.7027955265625 0.49082395781250004 0.6971037953125 0.492471215625 0.6968441999999999 0.493926096875 0.6949469171875 0.49721987187499994 0.6944278421875001 0.49867475156249996 0.6925305578125001 0.5003220125000001 0.6922709609375 0.50177615 0.690373796875 0.5034234078125001 0.6901142 0.5048782890625 0.6882169171875 0.5065255484375 0.687957321875 0.5079796859375 0.6860601578125001 0.5112742046875 0.6855409640625 0.5127290828125 0.68364368125 0.5143756015625 0.6833842031249999 0.51583048125 0.68148691875 0.517477740625 0.6812273234374999 0.518932690625 0.67933064375 0.5205792078125 0.679071165625 0.5220340890624999 0.6771738828125 0.5236813484375 0.6769142859375 0.5469565249999999 0.6465588343750001 0.5518975625 0.6457801625 0.5533524421875 0.6438828796875 0.5582934796875 0.643104209375 0.5597483578125 0.6412069265625 0.5613956171875001 0.6409473296875 0.5612032375 0.6393096421875 0.562657375 0.6374124765625 0.5313631562500001 0.64234421875 0.529908278125 0.6442415015625 0.5282617593750001 0.64450098125 0.510805359375 0.6672674187500001 0.5091580984374999 0.6675270156249999 0.5047942015625 0.6732187484375001 0.5031469421875 0.67347834375 0.5016920609375 0.675375625 0.49839828593749996 0.6758947 0.49694340625000005 0.6777919828125001 0.495296146875 0.6780515796875 0.48656828125 0.6894344390625 0.48492102187499997 0.6896940359375 0.48346614218750006 0.691591315625 0.476877846875 0.692629584375 0.47542296562499997 0.6945268671875 0.47212919062500003 0.6950459421875 0.4723215703125 0.6966836296875 0.47086669062500003 0.6985809109375001 0.4710590703125 0.7002185984375 0.45796656562500004 0.71729330625 0.456320046875 0.717552784375 0.4534102890625 0.72134735 0.4517630296875 0.7216069468749999 0.450308890625 0.7235041125 0.4486616328125 0.7237637078125 0.4488540125 0.72540139375 0.4430352359375 0.7329904078125 0.44138797500000004 0.7332500046875 0.43702407968749996 0.7389417359375 0.4304357828125 0.739980003125 0.428980903125 0.7418772859375 0.42568712656249996 0.7423963609374999 0.41986827812499994 0.749984771875 0.41822101875 0.7502443671875 0.413857121875 0.7559361 0.41220986249999997 0.7561956953125 0.409300103125 0.7599902609375 0.4076535859375 0.7602497390625 0.40328894687499994 0.7659415875 0.40164242968749997 0.7662010671874999 0.397277790625 0.771892915625 0.3939840125 0.772411990625 0.3896201171875 0.7781037234375 0.38797285625 0.7783633171875 0.3850630265625 0.7821572796875 0.383416509375 0.7824167578125001 0.38050675 0.7862113234375 0.3788594890625 0.7864709203125 0.3774053515625 0.7883680859375 0.37411083437500003 0.788887278125 0.372655953125 0.7907845625000001 0.3710094359375 0.791044040625 0.366644796875 0.7967358890625 0.3649982796875 0.7969953671875001 0.3635434 0.79889265 0.361896140625 0.7991522453125001 0.3589871234375 0.8029466953125001 0.35733986406249996 0.8032062906249999 0.355884984375 0.8051035734375 0.354237725 0.8053631703124999 0.35278358593750003 0.807260334375 0.351136328125 0.8075199312500001 0.3453174796875 0.815108340625 0.3436702203125 0.8153679374999999 0.3393063234375 0.82105966875 0.33601180468749997 0.8215788609375 0.3345576671875 0.8234760281250001 0.3329104078125 0.8237356234375 0.3300006484375 0.8275301890625 0.32835413125 0.82778966875 0.3225353546875 0.8353786812499999 0.32088809375 0.8356382765625 0.3179783359375 0.8394328421875 0.318170715625 0.8410705296875 0.316716578125 0.842967696875 0.3150693171875 0.843227290625 0.31361443906250003 0.845124575 0.3103206609375 0.8456436500000001 0.308865709375 0.8475403296874999 0.3072184515625 0.8477999265625 0.307795590625 0.8527129828125 0.3096352296875 0.8540910734375 0.309827609375 0.8557287609375 0.3131213859375 0.8552096859375 0.31496102656249997 0.8565877765625001
4 0.8706475859375 0.488797659375 0.8261767765625001 0.4958059375 0.8306013671875 0.533471521875 0.8750721796875001 0.5264632437500001 0.8732325390625 0.525085153125 0.8726554 0.5201720921875 0.8741102796875 0.518274809375 0.8706475859375 0.488797659375
1 0.8266690156250001 0.4857203390625 0.8281238953125 0.4838230546875 0.827931515625 0.48218536875 0.830841275 0.47839080312500004 0.830456515625 0.47511543125 0.831910653125 0.473218265625 0.8315259656249999 0.4699434953125 0.8329808453125 0.4680462140625 0.832788465625 0.46640852656250004 0.8342433437500001 0.46451124374999997 0.8340509640624999 0.4628735578125 0.8355058453125 0.460976275 0.8353134656250001 0.4593385890625 0.836767603125 0.45744142187500003 0.8359980828125 0.450890675 0.8389078421875 0.447096109375 0.8387154640625001 0.445458425 0.8416245515625 0.44166457968749995 0.841432171875 0.4400268921875 0.8428870515625 0.43812961093749997 0.8426946718749999 0.4364919234375 0.84560443125 0.4326973578125 0.8454120515625 0.4310596734375 0.8468661890625 0.42916250624999996 0.845327153125 0.4160610125 0.843488325 0.4146834109375 0.8138406249999999 0.4193556734375 0.8123856734375 0.42125234999999994 0.812578053125 0.42289003750000004 0.8096690359375 0.4266844859375 0.8098614156249999 0.4283221734375 0.8084065359375 0.43021945625 0.8091760546875 0.43677020312500003 0.807721175 0.43866748437499997 0.8082983140625 0.4435805453125 0.805389296875 0.44737499375 0.8055816046875 0.4490120765625 0.8041267265625001 0.45090935937500004 0.80431910625 0.45254704375 0.7999552078125001 0.45823877656249995 0.8001475875 0.4598764625 0.797237828125 0.463671028125 0.7976225890624999 0.46694640156249995 0.7961684515624999 0.46884356718750003 0.7996312140625 0.49832132187499995 0.8243371375 0.494427846875 0.8241447578125 0.49279016093749994 0.8270537750000001 0.48899571249999996 0.8266690156250001 0.4857203390625
4 0.77949399375 0.5982365859375001 0.7789168546874999 0.593323525 0.780371734375 0.5914262421875 0.7776784890624999 0.568499234375 0.7758388484375 0.5671211453125 0.7280742625000001 0.574648496875 0.7328836843750001 0.6155900578125 0.7724134593749999 0.6093604515625 0.7782322359375 0.6017714375 0.77803985625 0.60013375 0.77949399375 0.5982365859375001
0 0.07820150000000001 0.7404466671875001 0.089731575 0.7386296109375 0.0955503515625 0.731040596875 0.095357971875 0.729402909375 0.096812109375 0.7275057421875 0.0962349703125 0.722592684375 0.09768985 0.7206954015625 0.0974975421875 0.7190583187499999 0.1004073015625 0.715263753125 0.10021492031250001 0.7136260671875 0.10166905781249999 0.7117289015625 0.10109191875000001 0.7068158421875 0.10254680000000001 0.704918559375 0.1023544203125 0.703280871875 0.105264178125 0.6994863062500001 0.1050717984375 0.6978486203125 0.1065259359375 0.6959514546875 0.1061411765625 0.69267608125 0.107596128125 0.690779403125 0.1074037484375 0.689141715625 0.1103135078125 0.68534715 0.110121128125 0.6837094640625 0.111575265625 0.6818122984375 0.11119050625 0.678536925 0.1155551453125 0.6728450765625 0.1151703859375 0.669569703125 0.113330746875 0.6681916125 0.1129459875 0.6649162390625001 0.11110641875 0.6635387546875 0.08804775625 0.6671726328124999 0.0865928046875 0.6690693109375 0.0869775640625 0.672344684375 0.0855226859375 0.674241965625 0.0866769625 0.6840680859375 0.082313065625 0.6897598171875 0.08250544531250001 0.6913975031249999 0.081050565625 0.6932947875 0.08162763281249999 0.6982072421875001 0.0801727546875 0.7001045234375 0.08036513437500001 0.7017422109375 0.07745611718749999 0.705536659375 0.077648496875 0.707174346875 0.076193615625 0.7090716296874999 0.077155515625 0.7172600609375 0.07570063593750001 0.7191573453125 0.0758930140625 0.72079503125 0.0729839265625 0.7245888765624999 0.07317630625 0.7262265625000001 0.0717214265625 0.7281238437499999 0.0724909453125 0.734674590625 0.0743305859375 0.73605268125 0.0747153453125 0.7393280546875001 0.076362603125 0.739068459375 0.07820150000000001 0.7404466671875001
3 0.29977655 0.827289275 0.232246334375 0.837931546875 0.23763289531249998 0.88378616875 0.24257393125 0.8830074968750001 0.2444135 0.8843849828125 0.30535541875 0.874780978125 0.29977655 0.827289275
5 0.9401570109374999 0.0808670890625 0.940349390625 0.082504775 0.938895253125 0.084401940625 0.9392800125 0.0876773140625 0.9378251328125 0.0895745953125 0.9380175124999999 0.0912122828125 0.9365626328125 0.093109565625 0.9367550124999999 0.094747253125 0.9353001328125 0.0966445359375 0.9356848921875001 0.0999199078125 0.9342307546875 0.10181707343749999 0.934423134375 0.10345476093749999 0.9315133734375 0.1072493265625 0.931705684375 0.108886409375 0.9258869078125 0.116475421875 0.924239646875 0.11673501875 0.9227855093749999 0.118632184375 0.9194909906250001 0.11915137656250001 0.925647 0.171556140625 0.9274866390625001 0.17293422812499998 0.9276790187499999 0.17457191562500002 0.9350368328125 0.1800843953125 0.9366840921874999 0.17982479843750002 0.94220226875 0.1839591875 0.9603198953125001 0.18110398125 0.9601275156250001 0.17946629375 0.961582396875 0.1775690109375 0.961390015625 0.1759313234375 0.9628448953125 0.174034040625 0.9624601359374999 0.17075866875 0.9639142749999999 0.1688615015625 0.9633371359374999 0.1639484421875 0.9647920140625 0.1620511609375 0.964214875 0.1571381 0.9646246749999999 0.156603884375 0.9500583359375 0.032603824999999996 0.9183001515625 0.037608684375 0.92749760625 0.044499251562499995 0.9291441234375 0.044239773437500005 0.9309837625 0.0456178640625 0.932631021875 0.0453582671875 0.9344706609375001 0.046736357812500004 0.9361171796875001 0.0464768796875 0.9397964578125 0.049233059375 0.9417201828125 0.065609321875 0.9402653046875 0.0675066046875 0.9416119625 0.078970409375 0.9401570109374999 0.0808670890625
0 0.6557953890625 0.587707128125 0.6576342875 0.5890853359375 0.6691643609375 0.5872682796875 0.672073378125 0.58347383125 0.6718809984375 0.58183614375 0.6733358796875 0.5799388609375 0.6731434984375 0.5783011734375 0.674598378125 0.5764038921875 0.6730594109375 0.5633030031249999 0.64505896875 0.5677156703125 0.647175075 0.5857296187500001 0.649014715625 0.587107709375 0.6506612328125 0.5868482312500001 0.6525008703124999 0.588226321875 0.6557953890625 0.587707128125
4 0.9018708140625 0.5689428578125 0.9014861265624999 0.565668090625 0.9029402640624999 0.5637709234375 0.9017859859374999 0.5539448046875 0.9032408656250001 0.552047521875 0.902278965625 0.543859090625 0.903733846875 0.54196180625 0.9029643984375 0.5354116640625 0.9044192796875 0.5335143828125 0.9040345203125 0.5302390078125 0.8496808937500001 0.5388047453125 0.8552597640625 0.5862964484375001 0.8914950203125 0.5805860359375 0.8929498984375 0.5786887515625 0.8945971593750001 0.5784291546875 0.9018708140625 0.5689428578125