2 0.8751166890625001 0.30441063437500004 0.78890230625 0.35617134375 0.8013446406250001 0.3735775484375 0.8932686562500001 0.31502215625 0.9639525109375 0.360265878125 0.9800583453125 0.3435775484375 0.823048846875 0.25313146249999996 0.802655359375 0.26568833125 0.8751166890625001 0.30441063437500004
0 0.7937503390625 0.190624815625 0.7953120765625 0.19218759218749998 0.834374490625 0.19218759218749998 0.834374490625 0.14843722343750002 0.790625509375 0.14843722343750002 0.790625509375 0.190624815625 0.7937503390625 0.190624815625
3 0.4921872453125 0.025 0.49062550937499994 0.025 0.489062415625 0.023437223437499998 0.43437449062500005 0.023437223437499998 0.43437449062500005 0.0781255546875 0.49843690625 0.0781255546875 0.49843690625 0.0765627765625 0.5 0.075 0.5 0.029686853125000003 0.49843690625 0.0281255546875 0.4953120765625 0.0281255546875 0.4921872453125 0.025
0 0.8296879234375 0.090624815625 0.8296879234375 0.129686853125 0.8625006781250001 0.129686853125 0.8625006781250001 0.090624815625 0.8296879234375 0.090624815625
3 0.790625509375 0.4031255546875 0.790625509375 0.36093796093749997 0.7390624156250001 0.36093796093749997 0.7390624156250001 0.40781240781249994 0.7859375843749999 0.40781240781249994 0.790625509375 0.4031255546875
4 0.787500678125 0.0828124078125 0.789062415625 0.084375184375 0.814062415625 0.084375184375 0.814062415625 0.045313146875 0.812500678125 0.043750368750000004 0.812500678125 0.025 0.810937584375 0.023437223437499998 0.810937584375 0.021874445312499997 0.812500678125 0.020313146875 0.812500678125 0.0140620390625 0.814062415625 0.012500739062499999 0.814062415625 0.0046868531249999994 0.7453120765625 0.0046868531249999994 0.7453120765625 0.084375184375 0.7718751703125 0.084375184375 0.77343690625 0.0828124078125 0.775 0.0828124078125 0.77656309375 0.08124963125 0.7843744906250001 0.08124963125 0.7859375843749999 0.0828124078125 0.787500678125 0.0828124078125
0 0.514062415625 0 0.514062415625 0.0140620390625 0.52656309375 0.0140620390625 0.5281248296875 0.012500739062499999 0.559374490625 0.012500739062499999 0.560937584375 0.010937960937500001 0.5625006781249999 0.010937960937500001 0.564062415625 0.009375184375 0.564062415625 0 0.514062415625 0
4 0.30032564375000004 0.19015509531250002 0.2407055625 0.19015509531250002 0.2407055625 0.270701625 0.30032564375000004 0.270701625 0.30032564375000004 0.19015509531250002
4 0.5130325640625 0.20590103437499999 0.44501356875000003 0.20590103437499999 0.44501356875000003 0.27909158125 0.5130325640625 0.27909158125 0.5130325640625 0.20590103437499999
4 0.8259430125 0.5424002953125 0.7376933515624999 0.5424002953125 0.7376933515624999 0.6460782859374999 0.8259430125 0.6460782859374999 0.8259430125 0.5424002953125
4 0.9827679781249999 0.5624224515625 0.9045047484375001 0.5624224515625 0.9045047484375001 0.661624815625 0.9827679781249999 0.661624815625 0.9827679781249999 0.5624224515625
4 0.9716282218750001 0.0287223046875 0.90373134375 0.0287223046875 0.90373134375 0.1215878875 0.9716282218750001 0.1215878875 0.9716282218750001 0.0287223046875
0 0.9808208953124999 0.1565731171875 0.848541384375 0.1565731171875 0.848541384375 0.1996454953125 0.9808208953124999 0.1996454953125 0.9808208953124999 0.1565731171875
0 0.7411804609375 0.3140472671875 0.604599728125 0.3140472671875 0.604599728125 0.355081240625 0.7411804609375 0.355081240625 0.7411804609375 0.3140472671875
0 0.5723812749999999 0 0.5723812749999999 0.0208567203125 0.702191315625 0.0208567203125 0.702191315625 0 0.5723812749999999 0
2 0.5118751703125 0.0630516984375 0.49606105781250004 0.0758567203125 0.7291221171875 0.21862333750000001 0.7442157390624999 0.20620679531250002 0.5118751703125 0.0630516984375
2 0.4247218453125 0.0343161 0.43853867031249993 0.0198670609375 0.394132971875 0.00253914375 0.3708019 0.00253914375 0.4247218453125 0.0343161
1 0.300822253125 0.0148079765625 0.27374626874999997 0.02528508125 0.382415196875 0.095533234375 0.4111438265625 0.08248153593749999 0.300822253125 0.0148079765625
1 0.415696065625 0.08009158125 0.3875725921875 0.09566174375 0.6957706921875 0.288896603125 0.724838534375 0.270932053125 0.415696065625 0.08009158125
1 0.7032496609375001 0.2914224515625 0.8107394843750001 0.35327621875 0.810838534375 0.351410634375 0.8327978296874999 0.337611521875 0.7279660781249999 0.27385228906250003 0.7032496609375001 0.2914224515625
1 0.8239402984374999 0.3530841953125 0.8328303937499999 0.36402215625 0.7929063765625 0.43883013281250005 0.740146540625 0.43856868593750004 0.735374490625 0.47521861093749995 0.788527815625 0.477112259375 0.8510488468749999 0.3686410640625 0.9291478968750001 0.417388478125 0.9494328359375 0.4065406203125 0.840290365625 0.3405051703125 0.8239402984374999 0.3530841953125
1 0.94949389375 0.3391506640625 0.8180583453124999 0.42357459375 0.8327435546874999 0.43251994062500004 0.84235278125 0.42466026562500003 0.86997015 0.47223042812499993 0.9264531890625 0.473824225 0.929963365625 0.44204579062500005 0.87540976875 0.4402053171875 0.8570244234375 0.41567503749999996 0.9668439624999999 0.350252584375 0.94949389375 0.3391506640625
3 0.8114721843750001 0.21140325 0.74462008125 0.21140325 0.74462008125 0.2597932046875 0.8114721843750001 0.2597932046875 0.8114721843750001 0.21140325
1 0.9144979640625 0.20731905468749998 0.857415196875 0.20731905468749998 0.857415196875 0.24514771093749999 0.9144979640625 0.24514771093749999 0.9144979640625 0.20731905468749998
5 0.7196607875 0.3795494828125 0.342781546875 0.3795494828125 0.342781546875 0.41424667656249997 0.7196607875 0.41424667656249997 0.7196607875 0.3795494828125
5 0.7217842609375 0.428980796875 0.43946404375 0.428980796875 0.43946404375 0.583456425 0.7217842609375 0.583456425 0.7217842609375 0.428980796875
1 0.71994436875 0.1644948296875 0.5346431484374999 0.0480738546875 0.5338168249999999 0.0467858203125 0.5167327 0.072982275 0.7065318859375 0.1906484484375 0.71994436875 0.1644948296875