2 0 0.44394825000000004 0.2775719921875 0.5376293671875 0.2704247015625 0.520889615625 0 0.42606259687500003 0 0.44394825000000004
2 0.360960775 0.5468437421875 0.36545281875 0.565322603125 0.733518646875 0.6974442640625 0.7554772109375001 0.8047563343749999 0.7705278015625 0.8065472703125 0.7430369890625 0.6879817703125 0.360960775 0.5468437421875
0 0 0.558484215625 0.0542239609375 0.54389324375 0.0463633625 0.5042072140625 0 0.516683 0 0.558484215625
0 0.3003957640625 0.5577985859375 0.22037168125 0.5793320390625001 0.22515848749999998 0.6034993296875 0.3051825703125 0.5819658750000001 0.3003957640625 0.5577985859375
0 0.167060303125 0.41661062812500005 0.15238753124999999 0.42055888281250003 0.15686324375 0.44315555 0.17153601875 0.439207296875 0.167060303125 0.41661062812500005
0 0.34863967812499996 0.6091329015625 0.26938473281249997 0.6304593921875 0.2739005875 0.6532587203125 0.353155534375 0.63193223125 0.34863967812499996 0.6091329015625
0 0.363985646875 0.46393439531249997 0.3413130015625 0.47003531406250004 0.3455227828125 0.491289353125 0.368195428125 0.4851884359375 0.363985646875 0.46393439531249997
0 0.44236655625 0.6114301375 0.36348350156250003 0.6326565546875 0.3681067328125 0.6559980000000001 0.4469897890625 0.6347715828125 0.44236655625 0.6114301375
0 0.43509112656250004 0.6561976875 0.376590209375 0.671939534375 0.3812977375 0.6957065671875 0.4397986546875 0.679964721875 0.43509112656250004 0.6561976875
0 0.21083677031249998 0.511542253125 0.194852634375 0.506215703125 0.1906222578125 0.527318621875 0.20705138750000002 0.533579396875 0.21083677031249998 0.511542253125
1 0 0.4218669796875 0.09785006093750001 0.45612682031249996 0.0928972125 0.4382677234375 0 0.404958925 0 0.4218669796875
1 0 0.4036524984375 0.272274084375 0.5021350921875001 0.2683366609375 0.48313930312500003 0 0.386489228125 0 0.4036524984375
1 0.23703763125 0.40118641562499996 0.23143866562499998 0.3654598953125 0.14865272812500002 0.3871020140625 0.15527802968749999 0.42027045 0.23703763125 0.40118641562499996
1 0.2688432 0.4879035546875 0.301228175 0.4976445734375 0.2975365 0.466664 0.3168024328125 0.4614162796875 0.31187703125 0.440583209375 0.279216915625 0.44912614531250006 0.2688432 0.4879035546875
1 0.34738682656250003 0.44700508437500003 0.34507876249999997 0.4206525484375 0.3144498515625 0.4264497203125 0.3170350921875 0.4901790640625 0.30590556874999997 0.4881046859375 0.305080975 0.501850465625 0.3357387671875 0.5107370515625 0.3344298046875 0.49362220625 0.3257574078125 0.49130076093749997 0.322983675 0.4508953765625 0.34738682656250003 0.44700508437500003
4 0.2426996046875 0.30503669843750003 0.20359616093750002 0.3155589328125 0.21300419218750002 0.363057534375 0.25210763593749996 0.3525353 0.2426996046875 0.30503669843750003
4 0.2731640140625 0.24889819375000002 0.22822864843750001 0.2609897234375 0.2377119453125 0.308868315625 0.2826473109375 0.296776784375 0.2731640140625 0.24889819375000002
4 0.351488721875 0.3509389609375 0.309363665625 0.3622742734375 0.31791870312500004 0.4054663359375 0.36004375781250003 0.3941310234375 0.351488721875 0.3509389609375
5 0 0.5192712265625 0.08733331250000001 0.4957709515625 0.0836112453125 0.4769792375 0 0.49947795156249997 0 0.5192712265625
3 0 0.4514543125 0.023608290625 0.44510162343750004 0.017901253125 0.416288340625 0 0.4211053390625 0 0.4514543125
3 0.306130390625 0.50965669375 0.27426190625 0.51823209375 0.281435090625 0.5544475609374999 0.31330357656249996 0.5458721609375 0.306130390625 0.50965669375
3 0.3414902578125 0.5224726125 0.31165449375 0.5305010343750001 0.31877850625000004 0.5664682421875 0.34861427031250003 0.5584398203125 0.3414902578125 0.5224726125
3 0.3625841078125 0.5338067890625 0.345506725 0.5384020953124999 0.3513632875 0.567970290625 0.3684406703125 0.5633749859375 0.3625841078125 0.5338067890625
1 0.4494487203125 0.53658174375 0.33962871250000004 0.5010824578124999 0.34324540625 0.52184343125 0.4526349734375 0.5584394015624999 0.4494487203125 0.53658174375
1 0.7352428718749999 0.6615872125 0.7326264390625 0.6424873140625 0.448883565625 0.536119584375 0.452978534375 0.5583805749999999 0.7352428718749999 0.6615872125
1 0.51284523125 0.7110156828124999 0.5240839265624999 0.7129827703125 0.530912446875 0.7237128859374999 0.55404813125 0.717670946875 0.549361196875 0.70002846875 0.5283455609375001 0.704514803125 0.5141394578125 0.6793925546875 0.5070269484375001 0.6782944875 0.51284523125 0.7110156828124999
1 0.5510286296875 0.6983721218750001 0.5499400484375 0.680868709375 0.530738746875 0.684941540625 0.51184481875 0.660058775 0.5098358859375 0.644614778125 0.501983953125 0.641648834375 0.5048030984375 0.6718918734375 0.514442753125 0.675599903125 0.52713158125 0.6902684109375 0.5331072046875 0.7007893640625 0.5510286296875 0.6983721218750001
1 0.5981441328125 0.6559906921875001 0.576844615625 0.66045735625 0.5040862125000001 0.6181279609375 0.500869628125 0.6039198765625 0.49160081718750004 0.6003132484375 0.496610315625 0.6327333609375 0.5065941734375 0.6371049578125 0.5048877187499999 0.6263253609375 0.5731704890625 0.6675878562500001 0.5769284906250001 0.67935606875 0.60064715 0.6745943921875 0.5981441328125 0.6559906921875001
0 0.4634971078125 0.708550196875 0.44146681875000005 0.7144782640625 0.4456173921875 0.73543338125 0.4676476796875 0.7295053140625 0.4634971078125 0.708550196875
0 0.45858092343749995 0.6811677625 0.43606886562499997 0.68722546875 0.4404000734375 0.7090925578125 0.46291212968749995 0.7030348515625 0.45858092343749995 0.6811677625
0 0.6075012015625 0.5632776125000001 0.5922452359375 0.5673827953125 0.5965503515624999 0.5891181578125 0.611806315625 0.5850129734375 0.6075012015625 0.5632776125000001
0 0.39246518125 0.7361544328125 0.334767209375 0.751680215625 0.3393091546875 0.774611275 0.397007128125 0.759085490625 0.39246518125 0.7361544328125
0 0.56269278125 0.75653763125 0.4581239234375 0.7846757703125 0.4656242578125 0.822542921875 0.570193115625 0.7944047828125 0.56269278125 0.75653763125
1 0.6495065859375 0.5357753953125 0.59207908125 0.5512284015625 0.5955783671875 0.5688953484375 0.653005871875 0.5534423421875 0.6495065859375 0.5357753953125
3 0.48568039843750005 0.658279565625 0.4642290765625 0.664051840625 0.47446601875 0.7157353859375 0.49591734218749994 0.7099631093750001 0.48568039843750005 0.658279565625
3 0.47917930468750003 0.62298524375 0.4575589421875 0.6288030078125 0.46584403124999996 0.6706321749999999 0.4874643953125 0.6648144140625 0.47917930468750003 0.62298524375
3 0.4705918953125 0.5982263421875 0.4545794703125 0.60253508125 0.4602644296875 0.631236903125 0.4762768546875 0.626928165625 0.4705918953125 0.5982263421875
3 0.5943834953125 0.6168322640625 0.5684356765625 0.6238144890624999 0.5741417125 0.6526227078125 0.6000895296875 0.6456404828125 0.5943834953125 0.6168322640625
3 0.7425639109375 0.6660258812500001 0.7049902890624999 0.6761364609375 0.7174279578125 0.7389308781249999 0.7550015796875 0.7288203 0.7425639109375 0.6660258812500001
0 0.7690243406249999 0.6581932890625 0.7535105875 0.662367840625 0.757758503125 0.683814409375 0.7732722546875 0.67963985625 0.7690243406249999 0.6581932890625
0 0.6753815234375 0.669604384375 0.6615892796875 0.6644693 0.6550804218749999 0.6856762171875 0.6698994953125 0.6904063890625001 0.6753815234375 0.669604384375
5 0.7055918953125 0.6998716578125 0.458364978125 0.7663972515624999 0.462332909375 0.7864302624999999 0.7095598265625 0.7199046703125 0.7055918953125 0.6998716578125
5 0.5391577609375 0.5085731921875001 0.47779159687500006 0.5250860390625001 0.4811814984375 0.5422007343749999 0.5425476625 0.5256878875 0.5391577609375 0.5085731921875001
5 0.396584628125 0.7646157796875 0.1163355234375 0.8400272187500001 0.13479031875 0.9332004765624999 0.4150394234375 0.8577890375000001 0.396584628125 0.7646157796875
4 0.45371928281249996 0.3752239421875 0.407232965625 0.3877328125 0.41584520312500006 0.43121366562499996 0.46233152187500004 0.4187047953125 0.45371928281249996 0.3752239421875
4 0.6840683703125 0.393114809375 0.6395598328125 0.4050914859375 0.6484540609375 0.44999603125 0.692962596875 0.4380193546875 0.6840683703125 0.393114809375
0 0.7232036484375 0.791564071875 0.64437975625 0.8127745687499999 0.648783215625 0.8350064484375 0.7276071078124999 0.8137959499999999 0.7232036484375 0.791564071875
0 0.7375090984375 0.86152985625 0.6609799421875 0.8821228703124999 0.6658751281249999 0.9068373421875 0.7424042859375 0.886244328125 0.7375090984375 0.86152985625
0 0.70339989375 0.8315886062500001 0.68347839375 0.836949225 0.6882541625 0.8610607828125 0.7081756609375 0.8557001609375 0.70339989375 0.8315886062500001
0 0.75628531875 0.7764051109375 0.7372301546875 0.7815326109375 0.74130145 0.802087471875 0.7603566125000001 0.7969599703125 0.75628531875 0.7764051109375
1 0.8219719937500001 0.9027125296875 0.8185660374999999 0.8855167703125 0.8038256468749999 0.88948321875 0.8072316046875001 0.9066789796875 0.8219719937500001 0.9027125296875
0 0.8575636109375001 0.8931352828125 0.855557565625 0.8830073140625 0.8378166968749999 0.8877811546875 0.8398227390624999 0.8979091234375 0.8575636109375001 0.8931352828125
1 0.7939983734375 0.8396095296875 0.8098170265625001 0.842493775 0.784236115625 0.70425451875 0.765784609375 0.6989008265625001 0.7939983734375 0.8396095296875
1 0.8435541859375 0.8415954046874999 0.8156284812499999 0.8521319437500001 0.8080432515625 0.8582096 0.8076619656249999 0.8479470140625001 0.7976682953124999 0.8442472609375 0.804026309375 0.8803384046874999 0.8184789703125 0.8878077 0.81154630625 0.8678344156250001 0.82170848125 0.8613168234374999 0.8240507593749999 0.8717849734374999 0.8478086515625 0.8653920296875001 0.8435541859375 0.8415954046874999
1 0.911400190625 0.8533612937499999 0.8404155828125001 0.8724623421875 0.8435014187500001 0.88804188125 0.9144860250000001 0.8689408343749999 0.911400190625 0.8533612937499999
3 0.7937146515625 0.91031621875 0.785610196875 0.8693990234375001 0.7685159109375 0.8739988765625 0.776620365625 0.914916071875 0.7937146515625 0.91031621875
3 0.7757595203125 0.8298909484375001 0.760448615625 0.834010915625 0.768428634375 0.8742998625 0.7837395375 0.8701798937499999 0.7757595203125 0.8298909484375001
3 0.774193003125 0.80655414375 0.75495611875 0.8117305437500001 0.7597389109375 0.8358775640625 0.7789757953125 0.8307011671875 0.774193003125 0.80655414375
4 0.9267123125 0.6552359609375 0.8937788687499999 0.6640979265625 0.9032952812499999 0.7121437125 0.9362287234375 0.7032817453125 0.9267123125 0.6552359609375
4 0.941978703125 0.7367502906250001 0.9181946109375 0.743150284375 0.9279488578124999 0.7923968343750001 0.95173295 0.785996840625 0.941978703125 0.7367502906250001
1 0.7668739078125 0.7402744453125 0.7524462468750001 0.7441567421874999 0.7599847140625 0.7822164234375 0.7744123765625 0.778334125 0.7668739078125 0.7402744453125