0 0.6697669515625 0.70409078125 0.6712748296875 0.68686793125 0.6418515109375 0.6841231015625 0.640343634375 0.7013459531249999 0.6697669515625 0.70409078125
5 0.7282006921875 0.9339785421875 0.7241763078125001 0.9799447125 0.742184553125 0.979420725 0.7460175453125 0.9356406312500001 0.7282006921875 0.9339785421875
3 0.77938580625 0.0647596875 0.7832194718750001 0.020971890625 0.705614125 0.013732278125 0.701780459375 0.057520075000000004 0.77938580625 0.0647596875
2 1 0.41503334687500004 0.7553643765625 0.0218934171875 0.44890968906250006 0.0036186421875 0.28806196093750003 0.179470934375 0.1612808265625 0.17009426875 0.14749010468749998 0.148554840625 0.1319244328125 0.1516383171875 0.1473483890625 0.1727122375 0.160253759375 0.180616509375 0.282930246875 0.1935497515625 0.301435121875 0.18816675624999998 0.45504887812500006 0.016365356249999997 0.7398238640625 0.0346314046875 0.7505339140625 0.040066859375 1 0.4475970734375 1 0.41503334687500004
2 1 0.50030465625 0.808483571875 0.7128482859374999 0.68659451875 0.7048848640625 0.6770156296875001 0.71539481875 0.780078090625 0.884752875 0.80370624375 0.8863444765624999 0.6970489421875 0.7162226203125 0.8156982609375 0.726901759375 1 0.526932059375 1 0.50030465625
1 0.890588475 0.2332956125 0.946678409375 0.3242294671875 0.95860128125 0.3101407515625 0.9041922703124999 0.2199026515625 0.890588475 0.2332956125
1 0.834190096875 0.1457831390625 0.8926462546874999 0.23505330156249998 0.9030326046875 0.21903754062499997 0.8484578328125 0.13167564375000002 0.834190096875 0.1457831390625
1 0.8365637203125 0.14528897968750001 0.8488693875 0.1321718015625 0.8080214953124999 0.0636892390625 0.794661234375 0.0787292703125 0.8365637203125 0.14528897968750001
1 0.7296379625 0.7298184328125 0.6970794421875001 0.730617640625 0.7073254718750001 0.748278525 0.7423769578125 0.7494858171875001 0.7296379625 0.7298184328125
1 0.7323801921875 0.7307064015625 0.7372410296874999 0.7487563921875 0.8392687078125001 0.7569446046875 0.8213213640625 0.7375896187500001 0.7323801921875 0.7307064015625
1 0.8191986671875 0.8592541765625 0.8220473171875 0.8267171531249999 0.8004924578124999 0.824706353125 0.7976438078125 0.8572433765625 0.8191986671875 0.8592541765625
0 0.754706221875 0.7017317484375 0.7559438578125001 0.6875955890625 0.7310041875 0.6852690296875 0.7297665546875 0.6994051875 0.754706221875 0.7017317484375
0 0.9644584390625001 0.5513267140625 0.9758638984375001 0.538436746875 0.9568844046875 0.5300913625 0.9460394171875001 0.5407823703125 0.9644584390625001 0.5513267140625
0 0.740284375 0.1164648 0.7416271046875 0.1011282609375 0.7187771859375001 0.09899664687500001 0.7174344578125 0.11433318750000002 0.740284375 0.1164648
1 0.0798605796875 0.140856765625 0.10013934531249999 0.1761518703125 0.12462273593749999 0.1765612078125 0.10246820937500001 0.1443548578125 0.0798605796875 0.140856765625
1 0.0972784125 0.2065131734375 0.1003222375 0.17174687187499998 0.0820638875 0.1700435953125 0.0790200625 0.20480989843750003 0.0972784125 0.2065131734375
0 0.22561202656249998 0.2369535703125 0.227100975 0.2199469359375 0.2008760578125 0.217500478125 0.19938710937499998 0.2345071125 0.22561202656249998 0.2369535703125
5 0.23023739999999998 0.219665253125 0.2311756875 0.189459834375 0.2041217375 0.1869360375 0.2042718625 0.21335235937500002 0.22627335624999997 0.219356340625 0.22922069843749998 0.22060169375 0.22899803749999997 0.2208627984375 0.23023739999999998 0.219665253125
0 0.3588620328125 0.208189003125 0.360204109375 0.19285991875 0.332821490625 0.1903054609375 0.33147941406250003 0.2056345453125 0.3588620328125 0.208189003125
1 0.61983784375 0 0.609134421875 0.0122207875 0.7530785234375 0.026118771875000002 0.770334675 0.006927662499999999 0.758471521875 0.005820978125 0.6705683109375 0 0.61983784375 0
0 0.517743771875 0 0.516657834375 0.011543507812500001 0.53899375 0.013061165625000001 0.5395633359375 0 0.517743771875 0
1 0.319960565625 0.11684189375000001 0.3319519625 0.1334456421875 0.4037693296875 0.053802775000000004 0.38763541562500003 0.0354941546875 0.319960565625 0.11684189375000001
1 0.42132478906250004 0 0.38975718593750003 0.03251028125 0.401865625 0.05191213125000001 0.44712441875 0.0031431625 0.44552324531250004 0 0.42132478906250004 0
0 0.6903358109375 0.9224830546874999 0.6852057078125 0.9810786406249999 0.7245134656250001 0.9799349015625 0.7292258031250001 0.9261110078125 0.6903358109375 0.9224830546874999
0 0.617607053125 0.039754753125 0.5770266187499999 0.03596910625 0.567999065625 0.13908104999999998 0.5815255500000001 0.140342903125 0.5833649546874999 0.138810465625 0.6087274796875 0.1411764734375 0.617607053125 0.039754753125
0 0.40451340937499997 0.0982671703125 0.395337809375 0.20307008437500002 0.43930010937499997 0.20717121875000002 0.4411395140625 0.20563878125 0.4501671328125 0.10252609374999999 0.40451340937499997 0.0982671703125
0 0.81813745625 0.3583958390625 0.858718871875 0.36218158125 0.8680424515625 0.2556884390625 0.8274610375 0.2519027 0.81813745625 0.3583958390625
0 0.24946733281250003 0 0.2411537125 0.0949574578125 0.242993184375 0.09342427656249999 0.261591978125 0.09515931250000001 0.2631353546875 0.097008071875 0.281735128125 0.0987432 0.28188317500000004 0.097052228125 0.2837215984375 0.0955197 0.2841655421875 0.090449025 0.28262314375 0.0886003578125 0.2842510640625 0.0700063859375 0.2860894890625 0.06847385781250001 0.2920844453125 0 0.24946733281250003 0
0 0.86706563125 0.42260579062500003 0.85789003125 0.5274087062499999 0.8967800234375 0.5310366578125 0.8986194281250001 0.529504221875 0.907647046875 0.4263915328125 0.86706563125 0.42260579062500003
5 0.1318444671875 0 0.12078395625 0.12633221875 0.24421766250000002 0.137847046875 0.25628630937499997 0 0.1318444671875 0
1 0.389251375 0 0.3891289109375 0.0013987859375 0.38729048593750004 0.002931315625 0.3871425046875 0.004621540625 0.3853031015625 0.0061539765625 0.3851551203125 0.0078442015625 0.37963880156249996 0.012442439062500001 0.379490821875 0.0141326640625 0.3776514171875 0.0156651 0.377503371875 0.017356071875 0.3664708015625 0.026551803125000002 0.366322821875 0.028242028125000002 0.3571286765625 0.03590523125 0.3569806953125 0.03759545625 0.351463396875 0.042193603125 0.35131541718750003 0.0438838296875 0.3476375875 0.04694879375 0.3474896078125 0.04863901875 0.3456511828125 0.050171546874999993 0.34395976093749997 0.050013757812500004 0.3438117140625 0.05170472968749999 0.3419732890625 0.05323725781250001 0.34167732812499996 0.056617707812499994 0.3398389046875 0.0581502359375 0.3396908578125 0.05984120625 0.334173625 0.06443860625 0.3338775984375 0.067819803125 0.332039175 0.06935233125 0.33189119375 0.07104255625 0.3263738953125 0.075640703125 0.326225915625 0.07733092968750001 0.318871240625 0.0834609484375 0.3185752140625 0.0868421453125 0.3167358078125 0.08837458125 0.3165878265625 0.09006480781250001 0.31290993437500003 0.0931305171875 0.31276195156250003 0.0948207421875 0.31092352968750003 0.09635327187500001 0.3107755484375 0.098043496875 0.30893712500000003 0.099576025 0.308789078125 0.10126699531250001 0.30511125 0.1043319609375 0.30496326875 0.10602218593749999 0.30128544062499996 0.10908715 0.3011373953125 0.1107781203125 0.299297990625 0.11231055625 0.297607546875 0.112152859375 0.2974595671875 0.11384308437499999 0.2956201625 0.115375521875 0.29547218124999997 0.117065746875 0.2936336921875 0.1185990203125 0.29333773124999996 0.1219794703125 0.2878214125 0.12657770937499999 0.286129990625 0.1264199203125 0.2769359109375 0.1340823765625 0.2767878640625 0.1357733484375 0.27494944062500004 0.13730587656249998 0.2733215203125 0.155899846875 0.2750119625 0.15605754375 0.280528278125 0.1514593046875 0.282219703125 0.15161709375000001 0.293252271875 0.1424213640625 0.293400253125 0.1407311390625 0.3007559734375 0.1346004625 0.3024473984375 0.13475825156250001 0.31347996562499997 0.12556252031249998 0.3136279484375 0.12387229531249999 0.3191452453125 0.11927415 0.31929322656250003 0.11758392343749999 0.32113165 0.11605139687499999 0.321575659375 0.11097997500000001 0.3270919109375 0.10638248125000001 0.327239890625 0.10469225625 0.3290792953125 0.1031598203125 0.3293753234375 0.0997786234375 0.33673104375 0.09364795000000001 0.336879025 0.091957725 0.34423376562499997 0.08582695625 0.34452972656249997 0.0824465046875 0.34636913125 0.08091406875 0.3465171125 0.07922384375 0.3520334296875 0.07462560625 0.3521814109375 0.07293538125 0.3595371328125 0.06680470625 0.359685115625 0.06511448125 0.3615235375 0.06358195312500001 0.36167151875000003 0.061891728125 0.3671888171875 0.05729358125 0.367484778125 0.05391313125 0.37483951875 0.0477823640625 0.3749875 0.046092139062499995 0.3768269046875 0.044559703125 0.3769749515625 0.04286873125 0.38249120312499996 0.038271239062500004 0.3826391828125 0.036581012499999996 0.38999490468750003 0.0304503375 0.390142884375 0.0287601125 0.3974986078125 0.0226294390625 0.39779456875 0.0192489890625 0.39963305937500004 0.017715715625 0.39978104062500003 0.016025489062500002 0.40161946249999997 0.014492962500000001 0.4033108859375 0.01465075 0.4034588671875 0.0129605234375 0.4052972921875 0.011427996875 0.40544533749999995 0.009737026562499999 0.4091231640625 0.0066720609375 0.4108145890625 0.0068298515625 0.4126530125 0.005297323437499999 0.41280099375 0.003607096875 0.414640396875 0.002074659375 0.41478844375 0.000383690625 0.41524878750000005 0 0.389251375 0
0 0.8519854734375001 0.8284960109374999 0.8266229453125 0.8261300031250001 0.8211471937500001 0.8886735578125 0.844819278125 0.89088186875 0.844967259375 0.88919164375 0.8468057484375 0.88765836875 0.8519854734375001 0.8284960109374999
1 0.641917575 0.7356199859375 0.6480893203125 0.74301260625 0.6479413375 0.7447028312499999 0.65411308125 0.7520954484375 0.6558035234374999 0.752253146875 0.674318821875 0.7744302578125 0.6760092640625001 0.7745879546875 0.67909516875 0.778283890625 0.6789471875 0.7799741171875 0.680489584375 0.7818227859375 0.679897659375 0.7885836859375 0.6814410375 0.7904324453125 0.681145075 0.793812896875 0.6826875390625 0.7956608187499999 0.6823915765625 0.7990412703125 0.6854774156250001 0.8027379515625 0.6851814515625 0.806118403125 0.6882672921874999 0.809815084375 0.6881193109375 0.811505309375 0.6896617734375 0.81335323125 0.6895137921875001 0.81504345625 0.6910572375 0.8168914718750001 0.690909190625 0.818582440625 0.6924516515625 0.8204303656249999 0.6923036703125 0.8221205906250001 0.69693301875 0.827664540625 0.696784971875 0.8293555125 0.6983274328125 0.831203434375 0.6981794515625 0.832893659375 0.6997219125 0.8347415828125 0.6995739328125 0.8364318078125 0.702659771875 0.8401284890625 0.702215828125 0.845199165625 0.70375920625 0.847047925 0.7036112250000001 0.84873815 0.7082395921875 0.8542820093750001 0.7080916109375 0.855972234375 0.71734919375 0.8670615359375 0.7190396359375 0.8672192328125 0.7205830796875 0.8690672453125 0.7222735234375001 0.8692249437499999 0.7253594265625 0.8729208796875 0.7252114453125 0.8746111046875 0.7267539078125 0.876459028125 0.7266058609375 0.87815 0.7296917656249999 0.8818459359374999 0.7313831890625 0.8820037265625 0.7421833 0.8949402031249999 0.7438737421875 0.8950979 0.7454161390625 0.8969465671875 0.7471075625 0.8971043578125 0.7486500234375 0.8989522796875 0.7604860671875 0.9000564343749999 0.7623254703125 0.898523996875 0.7640159140625 0.8986816953125001 0.765855384375 0.8971485124999999 0.7662993265625 0.8920778374999999 0.7681377484375 0.890545309375 0.7650519109375 0.8868486265625 0.7616700437499999 0.8865331421875 0.7585851203125 0.8828372953124999 0.7587331015625 0.8811470703125 0.757189725 0.879298309375 0.7554992828125 0.8791406125 0.7524133765625 0.8754446765624999 0.75256135625 0.8737544515625 0.744847153125 0.8645139109375 0.7449951328125 0.8628236859375 0.7433037078125 0.8626658953125 0.7417612484375 0.8608179734375 0.74190929375 0.859127003125 0.7388233890625 0.8554310656249999 0.7371319656249999 0.8552732781250001 0.7325036 0.84972941875 0.7308131578125 0.8495717218750001 0.7277273156249999 0.8458750390625 0.7278752984375 0.8441848140625 0.723246996875 0.8386402093750001 0.723394978125 0.8369499843750001 0.721851534375 0.8351019703125001 0.7219995156250001 0.8334117453125 0.7189136765625 0.8297150640625001 0.7192096390625 0.8263346125 0.7176671765625 0.8244866906249999 0.7179631390625001 0.8211062374999999 0.7164197609375 0.819257478125 0.7180476812500001 0.8006635093750001 0.7198870859375 0.7991310734375 0.7215775296875 0.7992887703125 0.723416934375 0.797756334375 0.723564915625 0.7960661078125 0.720183046875 0.7957506234375 0.7165052203125 0.7988155875 0.714813796875 0.7986577984375 0.713271334375 0.7968098765625 0.7115808921875 0.796652178125 0.70232324375 0.7855636234375 0.702471225 0.7838733984374999 0.700928828125 0.78202473125 0.7010768109375001 0.7803345046875 0.699533365625 0.778486490625 0.699681346875 0.776796265625 0.6981388843749999 0.77494834375 0.69828693125 0.7732573734375 0.693657584375 0.767713421875 0.6938055656250001 0.766023196875 0.6921151234375 0.7658654984375 0.6905716796875 0.7640174843749999 0.6888812359375 0.7638597875 0.6873388406250001 0.76201111875 0.6856474171875 0.7618533296875001 0.6825615125 0.75815739375 0.6808710703124999 0.757999696875 0.679327628125 0.7561516828125 0.677637184375 0.755993984375 0.6745513453124999 0.752297303125 0.6746993265625 0.750607078125 0.6731568640625001 0.74875915625 0.671465440625 0.7486013671875 0.6683795359375 0.7449054312500001 0.6685275828125 0.7432144593750001 0.6669851203125 0.7413665359375 0.6671331015625 0.7396763109375 0.6640471984375 0.735980375 0.6641952437499999 0.7342894046875 0.66265278125 0.73244148125 0.6629487421875 0.72906103125 0.6614053 0.7272130171875 0.6597148578125 0.7270553203125 0.65662901875 0.7233586375 0.656777 0.7216684124999999 0.638177225 0.7199332859375 0.6378811984375 0.72331448125 0.639423659375 0.7251624046875 0.638979715625 0.7302330796875001 0.6420655562500001 0.7339297609375001 0.641917575 0.7356199859375
5 0.7842216515625 0.9210165015625 0.7792026046875 0.9783436109375 0.8646545124999999 0.9758572140625 0.8687653671875 0.928903378125 0.7842216515625 0.9210165015625
3 0.13817779531250002 0.1807842890625 0.2024303125 0.18677824999999998 0.2042697171875 0.1852458125 0.20767353906250002 0.1463676484375 0.1298935578125 0.13911174375 0.1263417546875 0.179680134375 0.128032196875 0.17983783125 0.12987061875 0.17830530312499998 0.13663435468750001 0.178936275 0.13817779531250002 0.1807842890625
1 0.852622353125 0.74334715625 0.8529183796875 0.7399659609375 0.8602731218749999 0.73383519375 0.8607170640625 0.7287645171875 0.86255646875 0.7272320796875 0.862852496875 0.7238508828125 0.8665303249999999 0.7207859203125 0.8671223140625001 0.714024271875 0.8519044062500001 0.7126046328125 0.8517564249999999 0.7142948578125 0.8480785296875 0.7173605671875001 0.8479305500000001 0.7190507921875 0.84241423125 0.7236490296875 0.8422662515624999 0.7253392546875 0.8349105953124999 0.7314691859375 0.83476255 0.7331601578125 0.831084721875 0.736225121875 0.829393296875 0.7360673328125 0.82387698125 0.7406655703125 0.8228410484375001 0.7524978921875001 0.83805895625 0.753917534375 0.84173685 0.750851825 0.8434272921874999 0.7510095203125 0.852622353125 0.74334715625
0 0.7665386703125 0.5972781578124999 0.7671305953124999 0.5905172578125 0.745149934375 0.5884667343750001 0.743818040625 0.603679509375 0.7607263921875 0.6052568468749999 0.7644042203125 0.60219188125 0.7647001828125 0.5988114328125 0.7665386703125 0.5972781578124999
0 0.14589200156249998 0.1900248296875 0.147730425 0.188492303125 0.14787840624999998 0.186802078125 0.124206321875 0.1845937671875 0.1231703890625 0.1964260890625 0.1434606078125 0.1983189140625 0.14375656875 0.1949384625 0.14559603906250002 0.19340528125 0.14589200156249998 0.1900248296875
5 0.13872482656250001 0.2524105953125 0.159016025 0.2543035125 0.16360382499999998 0.20190205468750003 0.1433126265625 0.2000091390625 0.13872482656250001 0.2524105953125
0 0.814008796875 0.63919895 0.8528987906250001 0.6428269015625 0.8617784281249999 0.5414044359375 0.8228884359374999 0.5377764859374999 0.814008796875 0.63919895
1 1 0.36706051562500003 0.998257521875 0.36497311250000003 0.9984055015625 0.3632828875 0.996863040625 0.361434965625 0.9970110218749999 0.359744740625 0.995468559375 0.3578968171875 0.9956165406249999 0.3562065921875 0.990987259375 0.35066189531249997 0.9911352390625 0.348971671875 0.9895927765625 0.3471237484375 0.9898888046875 0.3437425515625 0.9883453609374999 0.3418945390625 0.98665491875 0.341736840625 0.9835690140625 0.338040903125 0.9837170609375001 0.336349934375 0.9713744906249999 0.321565534375 0.9715224703124999 0.319875309375 0.9638072828125 0.3106346765625 0.962116840625 0.31047697812499997 0.9605743796875 0.30862905625 0.9607224265625 0.3069380828125 0.9591789828125 0.3050900703125 0.9456524984374999 0.3038282171875 0.9444685203125 0.31735151250000004 0.9475534453125001 0.3210473578125 0.9474054640625 0.32273758125 0.9566631093750001 0.3338261375 0.9565150640625 0.3355171078125 0.95960096875 0.33921304375 0.9594529890624999 0.3409032703125 0.962538828125 0.3445999515625 0.9623908468750001 0.3462901765625 0.963933309375 0.3481381 0.9637853281250001 0.349828325 0.9699570703125 0.35722094375 0.969809090625 0.35891116875 0.9713515515625 0.360759090625 0.9712035703125 0.3624493171875 0.9758328531249999 0.36799401249999997 0.975684871875 0.36968423906250003 0.981856615625 0.3770768578125 0.9817086359375 0.3787670828125 0.9832510984375 0.3806150046875 0.9831030515625001 0.3823059765625 0.9877314171875 0.387849834375 0.9875834359375 0.38954006093750004 0.9891268796875 0.391388075 0.9889788328125 0.39307904531250004 0.9936071999999999 0.3986229046875 0.99345921875 0.400313128125 0.9965450578124999 0.4040098125 1 0.40433211562500004 1 0.36706051562500003
3 0.24823201875 0.189346946875 0.3158664015625 0.1956563921875 0.319270225 0.156778228125 0.25163583906250003 0.15046878125000002 0.24823201875 0.189346946875
4 0.355837284375 0.10906406718749999 0.353997878125 0.110596503125 0.3455437046875 0.109807834375 0.3418438546875 0.1520671953125 0.397643178125 0.1572725765625 0.3994816015625 0.1557400484375 0.4031814515625 0.1134806875 0.355837284375 0.10906406718749999
3 0.8237890921875 0.897440915625 0.8222456484375 0.895592903125 0.8223936953125 0.89390193125 0.8242331 0.8923694953125001 0.82438108125 0.8906792703124999 0.7804177984375 0.8865780437499999 0.7777539453125 0.9170043343750001 0.8234076703125 0.921263259375 0.8248875453125001 0.904360259375 0.82334515 0.9025115921875001 0.8237890921875 0.897440915625
0 0.4746866015625 0.0366469890625 0.475278590625 0.029885342187500004 0.45329695000000003 0.027834729687499997 0.4521130359375 0.0413572765625 0.47071281093749995 0.043092403125 0.47255123593750004 0.0415598765625 0.472847196875 0.038179425 0.4746866015625 0.0366469890625
5 0.782052540625 0.5953173484375001 0.7634527671875 0.5935822203125001 0.757681053125 0.6595062265625 0.7745903859375 0.6610836578125 0.7747383671875 0.6593934328125 0.776576790625 0.657860903125 0.782052540625 0.5953173484375001
5 0.8758758609375 0.5750991296875 0.8783917328124999 0.5463630625 0.8597919578125 0.5446279359374999 0.8541682265625001 0.608861715625 0.8693861343749999 0.6102813578124999 0.8712245578125 0.6087488296875 0.87403645625 0.5766315671875 0.8758758609375 0.5750991296875
5 0.611835340625 0.105678759375 0.628744671875 0.107256190625 0.634516384375 0.041332184375 0.617607053125 0.039754753125 0.611835340625 0.105678759375
5 0.29038019375 0 0.284991034375 0.061554514062499996 0.2985175203125 0.0628163671875 0.29881348124999996 0.059435915625 0.30065190468749997 0.0579033875 0.3057214046875 0 0.29038019375 0
1 1 0.3371780078125 0.9975404875 0.334231428125 0.9976884687500001 0.332541203125 0.9899732828125 0.3233005703125 0.9901212640624999 0.32161034375 0.988430821875 0.32145264687499997 0.9853449812499999 0.317755965625 0.9854929625000001 0.3160657390625 0.9808645968749999 0.31052188125 0.9810126421875 0.3088309078125 0.9779267390624999 0.305134971875 0.9780747203125 0.303444746875 0.97344641875 0.2979001421875 0.9735944 0.2962099171875 0.9705084953125 0.29251398125 0.970656475 0.2908237546875 0.9691130984375 0.288974996875 0.9692610796875 0.2872847703125 0.9661751734375 0.28358883281249997 0.9663231531250001 0.2818986078125 0.9632382968750001 0.27820201718750004 0.963386278125 0.2765117921875 0.9618428343750001 0.2746637796875 0.961990815625 0.2729735546875 0.9603003734375 0.27281585625 0.9464144234375 0.25618269531250004 0.944723 0.2560249078125 0.941637096875 0.25232896875 0.9422290859375 0.24556732343749998 0.9391431796875 0.24187138749999998 0.9392912265625 0.24018041562499998 0.9377487656250001 0.23833249374999999 0.9380447265624999 0.2349520421875 0.9334164250000001 0.2294074375 0.93356440625 0.22771721406249998 0.9320209625 0.2258692 0.93216894375 0.2241789734375 0.9306265484375 0.22233030625 0.928935125 0.22217251718750003 0.9258502 0.21847667187500003 0.9241587765625001 0.218318884375 0.9226163171874999 0.2164709609375 0.9227642968750001 0.21478073593749997 0.9212208531250001 0.2129327203125 0.9216648609375 0.20786129999999997 0.9201224 0.20601337812499998 0.9202703796874999 0.204323153125 0.9156420796875 0.19877854687500002 0.9139506562499999 0.19862075937499998 0.90623645 0.1893802171875 0.9045450265625 0.189222428125 0.903002565625 0.1873745046875 0.903150546875 0.1856842796875 0.8969788031249999 0.1782916625 0.8971267828125 0.17660143749999999 0.8955843203124999 0.1747535140625 0.8957323671875 0.17306254375000002 0.8895605578125 0.1656706703125 0.8897086046875 0.1639797 0.8866227 0.1602837640625 0.88677068125 0.1585935375 0.8836847765625 0.15489760156250001 0.883832821875 0.15320663125 0.8776619953125 0.1458148484375 0.8778100421874999 0.144123878125 0.8762665984375 0.14227586406249998 0.8764145796875 0.1405856375 0.871786278125 0.1350410328125 0.8719342609374999 0.1333508078125 0.8657624500000001 0.12595893593750002 0.8659104953125001 0.1242679640625 0.8643680343750001 0.122420040625 0.8645160140625 0.120729815625 0.8598867328124999 0.11518512031249999 0.86018269375 0.1118046703125 0.85555439375 0.10626006562500001 0.8557023734375001 0.10456984062500001 0.8541599124999999 0.10272191718749998 0.8543078953125001 0.10103169218750001 0.84813615 0.0936390734375 0.84828413125 0.0919488484375 0.8421123890625 0.0845562296875 0.8422603687500001 0.0828660046875 0.8407179062499999 0.08101808125 0.8408658875 0.07932785625 0.8285224 0.06454261875 0.82867038125 0.0628523921875 0.8269799390625 0.0626946953125 0.8130939890625 0.046061535937499995 0.8132419703125 0.044371310937500005 0.8116985281250001 0.042523296875 0.8118465078125 0.040833071875 0.8103040453125001 0.03898515 0.8086126234375 0.0388273609375 0.8055277640625 0.0351307703125 0.8056757453125 0.0334405453125 0.8010464640625001 0.0278958484375 0.8011944453125001 0.026205621875 0.7981085390625 0.022509685937500003 0.798256521875 0.0208194609375 0.78803829375 0.008579189062500001 0.777256046875 0.007573340624999999 0.7761278796875 0.0204591625 0.7778183234375 0.020616860937500002 0.779361765625 0.022464875000000002 0.779213784375 0.0241551015625 0.7807562453125 0.0260030234375 0.7806082 0.027693995312500004 0.7821506609375 0.0295419171875 0.7820026796875 0.031232143750000003 0.7866319625 0.0367768375 0.78648398125 0.0384670640625 0.7880264453125 0.0403149859375 0.7878784640625 0.0420052125 0.79250774375 0.0475499078125 0.7923597625000001 0.049240134375 0.7939022265625 0.051088054687499995 0.7937542453125 0.0527782796875 0.798382546875 0.0583228859375 0.798234565625 0.0600131109375 0.8028639140625 0.0655570609375 0.80455435625 0.065714759375 0.8060967515625 0.0675634265625 0.8059487703125001 0.06925365156249999 0.8074922125 0.071101665625 0.8091826546875 0.0712593640625 0.8122685593750001 0.0749553 0.8139599859375 0.0751130890625 0.8185882859375001 0.08065769218749999 0.820278728125 0.08081538906249999 0.8218221703124999 0.08266340625 0.8216741890625 0.08435363125 0.8232165859375 0.0862022984375 0.8249080093750001 0.0863600875 0.8279939140625 0.0900560234375 0.8278459328125001 0.0917462484375 0.8355601390625 0.100986790625 0.8354121593749999 0.102677015625 0.8369546203124999 0.1045249375 0.8368065734375 0.106215909375 0.8414359203125 0.11175985937499999 0.84113989375 0.1151410546875 0.8426823546875 0.116988978125 0.8425343734374999 0.118679203125 0.8471626750000001 0.1242238078125 0.8470146937499999 0.1259140328125 0.8501005984375001 0.1296099703125 0.8517920234374999 0.1297677578125 0.854876946875 0.133463603125 0.8565683703125 0.1336213921875 0.858110765625 0.135470059375 0.8579627859375 0.137160284375 0.8610486890625 0.140856221875 0.860900709375 0.1425464484375 0.8717007546875 0.155483671875 0.871552771875 0.15717389531249998 0.873096215625 0.1590219109375 0.872948234375 0.1607121359375 0.876034075 0.16440881875 0.8758860937499999 0.16609904375 0.8774285546874999 0.167946965625 0.877280575 0.1696371921875 0.8834523171875001 0.17702980937499999 0.8833043375 0.178720034375 0.8894760796875 0.186112653125 0.8893280984375 0.18780287812500002 0.8908705625 0.1896508015625 0.89072258125 0.19134102656250002 0.8938084187499999 0.19503770781250002 0.8936604390625 0.196727934375 0.8952029015624999 0.1985758578125 0.8946109124999999 0.205337503125 0.8961543546874999 0.20718551875000002 0.895858328125 0.2105667140625 0.8974007890625 0.2124146359375 0.8972528078125 0.21410486093749997 0.9003387125 0.21780079843750003 0.9001907328125001 0.2194910234375 0.901733128125 0.2213396921875 0.901585146875 0.2230299171875 0.903128590625 0.2248779296875 0.902980609375 0.22656815625 0.90606645 0.23026483749999999 0.9059184671875 0.23195506250000003 0.907460928125 0.2338029859375 0.9073129484375 0.2354932109375 0.9103987874999999 0.23918989375000002 0.91025080625 0.24088011874999998 0.91179425 0.2427281328125 0.9116462671875001 0.24441835781250001 0.9147311921875 0.24811420312500002 0.921494925 0.24874517499999999 0.9245807656249999 0.2524418578125 0.9262712078125 0.25259955624999997 0.9324429500000001 0.25999217343750003 0.9341343734375 0.2601499625 0.9356768359375 0.2619978859375 0.93552885625 0.2636881109375 0.9432430609375 0.2729286515625 0.9430950796875001 0.2746188765625 0.9477243625 0.280163571875 0.9475763796875001 0.28185379843749997 0.9491188421875 0.28370172031249996 0.9489708609375 0.2853919453125 0.9505133234375001 0.28723986875 0.950365278125 0.2889308390625 0.9549946234375 0.2944747890625 0.9548466421875 0.2961650140625 0.9563891046874999 0.2980129375 0.956241059375 0.299703909375 0.9593269624999999 0.3033998453125 0.9610183875 0.303557634375 0.9687325921875001 0.3127981765625 0.9685846109374999 0.3144884015625 0.9747553734375 0.321880928125 0.97460739375 0.323571153125 0.9807791375000001 0.3309637734375 0.9806311578125 0.332653996875 0.98232258125 0.3328117859375 0.9838650421875 0.334659709375 0.9837170609375001 0.336349934375 0.9852604390625 0.33819869375 0.9851124578125001 0.33988891875 0.9897408234375 0.3454327765625 0.9895927765625 0.3471237484375 0.9911352390625 0.348971671875 0.990987259375 0.35066189531249997 0.997159003125 0.3580545140625 0.9970110218749999 0.359744740625 1 0.3633249890625 1 0.3371780078125
4 0.8304522328124999 0.68504070625 0.8325240953125 0.661376059375 0.7936341031249999 0.6577481093750001 0.793486121875 0.659438334375 0.7916467171875 0.6609707703125001 0.789130846875 0.6897068375 0.8280208390625001 0.6933347890625 0.831698665625 0.690269825 0.8319946281249999 0.686889375 0.8304522328124999 0.68504070625
5 0.861974778125 0.3249928953125 0.8788831281249999 0.326570234375 0.884802821875 0.2589560046875 0.8678944703125 0.2573786640625 0.861974778125 0.3249928953125
5 0.9017272875 0.49400650625000003 0.9186356375000001 0.49558384687499996 0.924555396875 0.4279688703125 0.907647046875 0.4263915328125 0.9017272875 0.49400650625000003
3 0.6803011015625 0.7255669484375 0.6818435 0.7274156171875 0.683534921875 0.7275734046875 0.6850773828125 0.729421328125 0.68676880625 0.7295791171875 0.6898547109375001 0.7332750531250001 0.691545153125 0.73343275 0.6930876171875 0.7352806734375 0.7133788156249999 0.7371735875 0.7135267953125 0.7354833625 0.711983353125 0.73363535 0.7121313328125 0.731945125 0.710588871875 0.7300972015625 0.7110328796875 0.7250257812500001 0.712871303125 0.7234932515625 0.7130192859375 0.7218030265625 0.7148587546875 0.7202698437499999 0.7160426656250001 0.7067472953125 0.677152675 0.70311934375 0.6756727359375 0.7200230890625 0.6772151984375 0.7218710125000001 0.6770672171875 0.7235612375 0.678610659375 0.7254092515624999 0.6803011015625 0.7255669484375
1 0.8681582453125 0.7021919515625 0.86999666875 0.7006594234375 0.870144715625 0.6989684515625 0.87198411875 0.697436015625 0.8721321 0.695745790625 0.8739705234375 0.6942132625 0.8741185046875 0.6925230375 0.875956928125 0.690990509375 0.8762529562499999 0.6876093125 0.892802821875 0.673815434375 0.892950803125 0.6721252093750001 0.9021449484374999 0.66446200625 0.9022929296875001 0.66277178125 0.9078101625 0.6581743796875 0.907958209375 0.656483409375 0.9116360359375 0.6534184453125 0.9117840171875 0.6517282203125 0.9154618453125 0.64866325625 0.9156098921875 0.646972284375 0.9229645671875 0.6408422640625 0.9231126125 0.6391512921875 0.93046826875 0.6330213640625 0.9321596937500001 0.6331791531250001 0.9395144343749999 0.6270483859375 0.9412058578125 0.6272061734375 0.9430442812500001 0.6256736453125 0.9431922625 0.6239834203125 0.9597421296875 0.61018954375 0.959890109375 0.6084993187500001 0.9690842546875 0.6008361156250001 0.970416215625 0.585622596875 0.968873753125 0.583774675 0.9587281531249999 0.5828282171875 0.9495340078125001 0.5904914203125 0.9493860281250001 0.5921816453125001 0.9475476046875 0.5937141734375 0.947399621875 0.5954043984374999 0.9455601515625001 0.5969375796875 0.9438697093749999 0.5967798828124999 0.943721728125 0.5984701078125 0.9418823250000001 0.60000254375 0.94173434375 0.60169276875 0.912312503125 0.6262148140625 0.9121645218750001 0.627905040625 0.9066482046875001 0.632503278125 0.9065002249999999 0.634193503125 0.9046608203125001 0.635725940625 0.9045128390625001 0.637416165625 0.8989965218749999 0.6420144046875 0.898848540625 0.6437046296875 0.8970101171874999 0.6452371578125 0.896714090625 0.648618353125 0.89119685625 0.653215753125 0.8910488765625001 0.6549059796875001 0.8892103890625 0.6564392531250001 0.8890624078125 0.658129478125 0.881706684375 0.6642601531250001 0.8815587031250001 0.665950378125 0.8760424515624999 0.6705478703125001 0.8758944718749999 0.6722380953125 0.861183028125 0.6844994468750001 0.85896311875 0.7098550625 0.8691087187500001 0.7108015187500001 0.8692566984375001 0.70911129375 0.8677143031250001 0.7072626265624999 0.8681582453125 0.7021919515625
0 0.7393503171875 0.05111188437500001 0.7410407609375 0.051269581249999994 0.7425207 0.0343658390625 0.7137763078125 0.031684343749999996 0.71229636875 0.0485880875 0.7139868109374999 0.048745784375000004 0.7155302531250001 0.050593798437500004 0.7375118953124999 0.0526444125 0.7393503171875 0.05111188437500001
5 0.8565073390625001 0.8936762484375 0.8869431562500001 0.8965155328125001 0.899818540625 0.7494540015625 0.8693827234375 0.74661471875 0.8565073390625001 0.8936762484375
0 0.6490813390625 0.8095675828125 0.665989690625 0.8111449203125 0.6676176109374999 0.7925509515625 0.650709259375 0.7909736140625 0.6490813390625 0.8095675828125
3 0.8391804125 0.7216425734375 0.8408708546874999 0.7218002703125 0.8433867265625 0.69306420625 0.7774427859374999 0.68691245625 0.7738909171875 0.7274815921875 0.8279988156250001 0.7325291859374999 0.8298373046874999 0.7309959109374999 0.8299852859374999 0.7293056859375 0.8391804125 0.7216425734375
4 0.7849430765625 0.8154249171875 0.7873109687500001 0.788379078125 0.746729553125 0.7845933375 0.7449536515624999 0.8048775312500001 0.749582934375 0.8104222265625 0.7512733765624999 0.8105799250000001 0.7528158375 0.8124278468749999 0.7849430765625 0.8154249171875
4 0.7325925343749999 0.6929534187499999 0.7327405140625001 0.69126319375 0.7345789390624999 0.689730665625 0.736946828125 0.6626848234375 0.6980568375 0.6590568703125 0.6946530140625 0.6979350359375001 0.7047986140625 0.69888149375 0.7066370375 0.697348965625 0.7252368125 0.69908409375 0.7325925343749999 0.6929534187499999
1 0.1542201515625 0.1533100734375 0.156058575 0.1517775453125 0.17804021406249998 0.153828159375 0.179583659375 0.1556761734375 0.22016409218750002 0.15946182343749998 0.22200349687499998 0.1579293859375 0.2287662484375 0.1585602671875 0.230309690625 0.1604082796875 0.24721804062500002 0.16198561875 0.24905744687500003 0.1604531828125 0.259202065625 0.16139955 0.2610415359375 0.1598663671875 0.2644234015625 0.160181853125 0.266261825 0.158649325 0.2679522671875 0.1588070234375 0.269791671875 0.157274584375 0.2731735375 0.15759007187500002 0.2750119625 0.15605754375 0.2753079234375 0.15267709375 0.136656309375 0.139742625 0.136508328125 0.14143285 0.1346699046875 0.14296537812500001 0.136212365625 0.14481329999999998 0.135768359375 0.149884721875 0.13745978125 0.1500425109375 0.13900224375 0.1518904328125 0.1542201515625 0.1533100734375
5 0.46766747343750004 0.0973417828125 0.48795867187499997 0.0992347 0.4941743265625 0.028240018750000002 0.4738831296875 0.026347103125 0.46766747343750004 0.0973417828125
5 0.43932304687499996 0.1679776609375 0.456231396875 0.1695549984375 0.46185519375000006 0.105320475 0.44494684375000004 0.103743134375 0.43932304687499996 0.1679776609375
0 0.2873325125 0.210036340625 0.309314153125 0.21208695312499998 0.31049813125000003 0.198563659375 0.288516490625 0.19651304687499999 0.2873325125 0.210036340625
1 1 0.5546973921875 0.9985916203125 0.5558714328125001 0.9984435734374999 0.5575624046875001 0.992927321875 0.5621598953125 0.9927793406250001 0.563850121875 0.9872620421875 0.56844826875 0.9871140625000001 0.57013849375 0.9852756375 0.5716710218750001 0.9849796124999999 0.5750522171875 0.9831402078125 0.5765846546875 0.9829922265625 0.5782748796875 0.9811538015625001 0.5798074093750001 0.9794623781249999 0.5796496203125 0.975785465625 0.5827154218749999 0.9756374843750001 0.584405646875 0.966442359375 0.5920687578125 0.966294378125 0.5937589828125 0.9644559562499999 0.5952915109375 0.9643079734375 0.5969817359375 0.9624694843749999 0.598515009375 0.962321503125 0.6002052359375 0.9604820984375 0.6017376718749999 0.9600381546874999 0.6068083468750001 0.9563602640625 0.6098740578124999 0.9562122828125 0.6115642828125 0.9488565609374999 0.6176949578125 0.948708578125 0.6193851828125 0.9413538390625 0.6255159484374999 0.9412058578125 0.6272061734375 0.9393664546875 0.6287386109375 0.9392184734375 0.6304288375 0.9373800484375 0.6319613656249999 0.937232003125 0.6336523359374999 0.933554175 0.6367173 0.93340619375 0.6384075265625 0.9315677703125 0.6399400546875 0.9309757828125 0.6467017 0.9325182421875 0.648549621875 0.9342086859375 0.6487073203125 0.9378865140625001 0.64564235625 0.9395779359375 0.64580014375 0.9432557656249999 0.6427351796874999 0.94663665 0.6430505734375 0.948476121875 0.6415173921874999 0.9501665640624999 0.6416750890625 0.9556837953124999 0.6370776874999999 0.9558317765625001 0.6353874625 0.9576702656249999 0.6338541890625 0.9578182468750001 0.632163965625 0.9706902203125001 0.6214357953125 0.9708382015625 0.6197455703125 0.9726776062500001 0.618213134375 0.9728256515625 0.6165221625 0.974664075 0.614989634375 0.9748120578125 0.6132994093749999 0.978489884375 0.6102344453125 0.9786379296875 0.6085434750000001 0.9804763546874999 0.607010946875 0.9809202984375001 0.6019402703125001 0.98827601875 0.5958095953125 0.988424 0.594119371875 0.9921018937499999 0.5910536609375 0.9922498734375 0.5893634359375 0.9996055953124999 0.5832327625 0.9997535765625001 0.5815425359375 1 0.581337175 1 0.5546973921875