2 0.1359179875 0.8266165000000001 0.140442453125 0.5574197640625 0.3188876640625 0.423300090625 0.319059959375 0.2917651859375 0.28438111718750003 0.266345421875 0.2825161953125 0.2871024484375 0.3066306 0.3002030828125 0.3062873875 0.4176047140625 0.128450034375 0.5461595640625 0.120262578125 0.835454215625 0.33932598281250004 0.99909338125 0.36664093750000004 0.9987461468750001 0.1359179875 0.8266165000000001
0 0.334383184375 0.265607434375 0.32097174375000004 0.265607434375 0.32097174375000004 0.287991840625 0.334383184375 0.287991840625 0.334383184375 0.265607434375
0 0.3615403171875 0.34136899375 0.3481495515625 0.34136899375 0.3481495515625 0.3656663640625 0.3615403171875 0.3656663640625 0.3615403171875 0.34136899375
0 0.3356616125 0.41627833125 0.31967953125 0.41627833125 0.31967953125 0.4394968265625 0.3356616125 0.4394968265625 0.3356616125 0.41627833125
0 0.32509303906250003 0.4588485953125 0.311268090625 0.4588485953125 0.311268090625 0.4834179515625 0.32509303906250003 0.4834179515625 0.32509303906250003 0.4588485953125
0 0.167029634375 0.55589301875 0.15207443125 0.55589301875 0.15207443125 0.57832275625 0.167029634375 0.57832275625 0.167029634375 0.55589301875
0 0.3137388015625 0.5184406171875 0.2219607171875 0.5184406171875 0.2219607171875 0.5582592921875 0.3137388015625 0.5582592921875 0.3137388015625 0.5184406171875
0 0.24628187499999998 0.6691160468749999 0.1468952453125 0.6691160468749999 0.1468952453125 0.7107932906250001 0.24628187499999998 0.7107932906250001 0.24628187499999998 0.6691160468749999
0 0.2107133015625 0.8044696281249999 0.19349069531250002 0.8044696281249999 0.19349069531250002 0.8283499546875 0.2107133015625 0.8283499546875 0.2107133015625 0.8044696281249999
0 0.13246381875 0.6129329109375 0.1158339078125 0.6129329109375 0.1158339078125 0.63261559375 0.13246381875 0.63261559375 0.13246381875 0.6129329109375
0 0.231929703125 0.36605621093749996 0.136547209375 0.36605621093749996 0.136547209375 0.40705349062499996 0.231929703125 0.40705349062499996 0.231929703125 0.36605621093749996
0 0.42509648593750005 0.915992746875 0.3280944171875 0.915992746875 0.3280944171875 0.9545058937500001 0.42509648593750005 0.9545058937500001 0.42509648593750005 0.915992746875
0 0.5763886968749999 1 0.5763886968749999 0.9670716234375 0.4814610609375 0.9670716234375 0.4814610609375 1 0.5763886968749999 1
0 0.6829841484375 0.936423390625 0.588883528125 0.936423390625 0.588883528125 0.9744741609375 0.6829841484375 0.9744741609375 0.6829841484375 0.936423390625
0 0.655692625 0.864913871875 0.64130255 0.864913871875 0.64130255 0.8875068 0.655692625 0.8875068 0.655692625 0.864913871875
0 0.7450827015625 0.8623662734374999 0.7306030328124999 0.8623662734374999 0.7306030328124999 0.8859202171874999 0.7450827015625 0.8859202171874999 0.7450827015625 0.8623662734374999
0 0.7518470015625 0.784038984375 0.7390144734375 0.784038984375 0.7390144734375 0.8080915687499999 0.7518470015625 0.8080915687499999 0.7518470015625 0.784038984375
0 0.8532460374999999 0.7942565734375 0.8380289453125 0.7942565734375 0.8380289453125 0.8168948328125 0.8532460374999999 0.8168948328125 0.8532460374999999 0.7942565734375
0 0.9089455546874999 0.9611106078124999 0.8503239140625001 0.9611106078124999 0.8503239140625001 0.984945603125 0.9089455546874999 0.984945603125 0.9089455546874999 0.9611106078124999
0 1 0.8427878515625 0.9558063406249999 0.8427878515625 0.9558063406249999 0.8807660921875 1 0.8807660921875 1 0.8427878515625
2 0.7477725703125 0.938854940625 0.6645968296875 0.9968658203125 0.689511371875 0.99909338125 0.7598862859375 0.9480797828125 0.7613521703125 0.8328785125 0.944953825 0.9782375343749999 0.950401103125 0.9535194921875 0.7531826328125 0.8112574796875001 0.7477725703125 0.938854940625
1 0.27953825 0.396854034375 0.28938249531250004 0.40428739843750006 0.2917029640625 0.2861359921875 0.2807815296875 0.27751767968749996 0.27953825 0.396854034375
1 0.279001378125 0.3977488671875 0.10484907031249999 0.52753853125 0.11430186093750001 0.535252946875 0.2907760171875 0.4074487765625 0.279001378125 0.3977488671875
1 0.165791178125 0.5001051671875001 0.11654514062500002 0.536330915625 0.12658028906250002 0.546361740625 0.1760992421875 0.5124415234375 0.165791178125 0.5001051671875001
1 0.246875946875 0.44126382656249996 0.1661598890625 0.50038440625 0.17643831875 0.5112456937500001 0.255424534375 0.45134179531249996 0.246875946875 0.44126382656249996
1 0.1112357 0.56429374375 0.09989042031249999 0.5728785125 0.092660234375 0.8541931093749999 0.105678153125 0.845422484375 0.1112357 0.56429374375
1 0.11015230937500001 0.7006029015624999 0.1070441078125 0.846901178125 0.11899310781250001 0.8385430640625 0.120810475 0.6935276515625 0.11015230937500001 0.7006029015624999
0 0.1503790484375 0.8001042609375 0.137849759375 0.8001042609375 0.137849759375 0.8215276515625 0.1503790484375 0.8215276515625 0.1503790484375 0.8001042609375
3 0.31932805000000003 0.2721804171875 0.2824776015625 0.2721804171875 0.2824776015625 0.336776971875 0.31932805000000003 0.336776971875 0.31932805000000003 0.2721804171875
3 0.317949690625 0.38252039843749996 0.2828635421875 0.38252039843749996 0.2828635421875 0.44507706249999995 0.317949690625 0.44507706249999995 0.317949690625 0.38252039843749996
3 0.273949 0.4498821390625 0.252308753125 0.4498821390625 0.252308753125 0.4666183140625 0.273949 0.4666183140625 0.273949 0.4498821390625
3 0.1949965546875 0.50816863125 0.1704341828125 0.50816863125 0.1704341828125 0.5250498640625 0.1949965546875 0.5250498640625 0.1949965546875 0.50816863125
3 0.16725706406250002 0.526808703125 0.126567884375 0.526808703125 0.126567884375 0.59293744375 0.16725706406250002 0.59293744375 0.16725706406250002 0.526808703125
3 0.158011715625 0.7880054390625 0.12072019375000001 0.7880054390625 0.12072019375000001 0.853898459375 0.158011715625 0.853898459375 0.158011715625 0.7880054390625
3 0.1911543765625 0.8594469625000001 0.1662543078125 0.8594469625000001 0.1662543078125 0.87933816875 0.1911543765625 0.87933816875 0.1911543765625 0.8594469625000001
1 0.1667773953125 0.8736572984375 0.1553556171875 0.8825566640625 0.2127904890625 0.9280661828125 0.22319848437499998 0.9160725296875001 0.1667773953125 0.8736572984375
1 0.22517574062499998 0.91650770625 0.212652653125 0.9263526750000001 0.287383184375 0.9864560296875 0.3036533421875 0.975808703125 0.22517574062499998 0.91650770625
1 0.248873190625 0.8980961015625001 0.2221261203125 0.8980961015625001 0.2221261203125 0.9189845875 0.248873190625 0.9189845875 0.248873190625 0.8980961015625001
1 0.2879772578125 0.22864641875 0.288849759375 0.24737624687499998 0.3155947625 0.264760653125 0.315108890625 0.24627833125 0.2879772578125 0.22864641875
1 0.315503790625 0.22617679062499998 0.3174252234375 0.24655575624999998 0.3468966234375 0.245085221875 0.3464507234375 0.22349410625 0.315503790625 0.22617679062499998
5 0.2726016546875 0.260775159375 0.10848725 0.260775159375 0.10848725 0.364283771875 0.2726016546875 0.364283771875 0.2726016546875 0.260775159375
5 0.200937284375 0.40417044375 0.13688490625 0.40417044375 0.13688490625 0.41902085156249996 0.200937284375 0.41902085156249996 0.200937284375 0.40417044375
5 0.21568228750000001 0.5760970078125001 0.17267057187499998 0.5760970078125001 0.17267057187499998 0.59215321875 0.21568228750000001 0.59215321875 0.21568228750000001 0.5760970078125001
5 0.2830496203125 0.5521894828125 0.22038249531249998 0.5521894828125 0.22038249531249998 0.5716364453125 0.2830496203125 0.5716364453125 0.2830496203125 0.5521894828125
5 0.38123707812499996 0.286178603125 0.343642315625 0.286178603125 0.343642315625 0.3038304625 0.38123707812499996 0.3038304625 0.38123707812499996 0.286178603125
5 0.21019986249999997 0.7068540343749999 0.1493866296875 0.7068540343749999 0.1493866296875 0.7225203984374999 0.21019986249999997 0.7225203984374999 0.21019986249999997 0.7068540343749999
5 0.3906306 0.9534406171875001 0.331147484375 0.9534406171875001 0.331147484375 0.9693336359375 0.3906306 0.9693336359375 0.3906306 0.9534406171875001
1 0.744949 0.9658712609375 0.7088676781250001 0.9922946515625 0.7176209515624999 0.99909338125 0.7555458296875 0.9742275609375 0.744949 0.9658712609375
1 0.77758718125 0.9571958296874999 0.72931564375 0.99909338125 0.741399034375 0.99909338125 0.7868352859375001 0.9680426109375 0.77758718125 0.9571958296874999
1 0.7897353546875 0.8777443343750001 0.7773700890625 0.8687624656249999 0.7757746375 0.9605820484375001 0.7859496906250001 0.9669392562500001 0.7897353546875 0.8777443343750001
1 0.7889765671875 0.8451178609375001 0.7771660921875 0.8349020859375 0.7766154375000001 0.8692647328125 0.7892646453125 0.8766990031249999 0.7889765671875 0.8451178609375001
1 0.7571481734375001 0.7718676343750001 0.7565692625 0.7888576609375 0.9262308750000001 0.9151214875000001 0.9255210203124999 0.8943427015625 0.7571481734375001 0.7718676343750001
1 0.9172005515625001 0.912483228125 0.81735630625 0.8398640078125 0.81681254375 0.85144605625 0.9164686421875 0.92921668125 0.9172005515625001 0.912483228125
1 0.8811509296875 0.9399954671874999 0.8537077875 0.9399954671874999 0.8537077875 0.9562148687500001 0.8811509296875 0.9562148687500001 0.8811509296875 0.9399954671874999
3 0.7672674015625 0.9018177703125 0.719307375 0.9018177703125 0.719307375 0.9710743421875 0.7672674015625 0.9710743421875 0.7672674015625 0.9018177703125
3 0.8826361125 0.8906708968749999 0.8565506546874999 0.8906708968749999 0.8565506546874999 0.9224932000000001 0.8826361125 0.9224932000000001 0.8826361125 0.8906708968749999
3 0.94188490625 0.9228059843749999 0.9042625781250001 0.9228059843749999 0.9042625781250001 0.967039890625 0.94188490625 0.967039890625 0.94188490625 0.9228059843749999
3 0.7839558921875 0.8137080687499999 0.7480634046875 0.8137080687499999 0.7480634046875 0.8671804171874999 0.7839558921875 0.8671804171874999 0.7839558921875 0.8137080687499999
5 0.701719503125 0.8869401625 0.6435458296875 0.8869401625 0.6435458296875 0.90323209375 0.701719503125 0.90323209375 0.701719503125 0.8869401625
5 0.9999965546875 0.8817044421875 0.9565161953124999 0.8817044421875 0.9565161953124999 0.8956663640625001 0.9999965546875 0.8956663640625001 0.9999965546875 0.8817044421875
5 1 0.9022846781249999 0.9337835968749999 0.9022846781249999 0.9337835968749999 1 1 1 1 0.9022846781249999
5 0.65100275625 0.971378059375 0.5929944859375 0.971378059375 0.5929944859375 0.9871350859374999 0.65100275625 0.9871350859374999 0.65100275625 0.971378059375
4 0.743749828125 0.8515621031249999 0.743749828125 0.840624659375 0.74218745625 0.83906255625 0.74218745625 0.8312502265624999 0.7406250859375 0.8296872171875 0.70781254375 0.8296872171875 0.70781254375 0.8671876703124999 0.743749828125 0.8671876703124999 0.74218745625 0.865624659375 0.743749828125 0.8640625562500001 0.743749828125 0.8625004531249999 0.7453121984375 0.8609374437499999 0.7453121984375 0.8531251140625 0.743749828125 0.8515621031249999