4 0.677325078125 0.49455055937500003 0.641612784375 0.49351291249999996 0.6423282328125001 0.554911140625 0.678040528125 0.5559487859375001 0.677325078125 0.49455055937500003
3 0.604209515625 0.47439171562500004 0.5532340671875 0.4729105890625 0.5544301015624999 0.57555150625 0.6054055515625001 0.57703263125 0.604209515625 0.47439171562500004
3 0.728890759375 0.3837269859375 0.6953426421875 0.3827522234375 0.6959363328125 0.433701296875 0.72948445 0.4346760609375 0.728890759375 0.3837269859375
3 0.37148393125 0.35933509375 0.3362607515625 0.358311659375 0.33693659375 0.416310765625 0.3721597703125 0.417334196875 0.37148393125 0.35933509375
1 0.2287 0.167822240625 0.2501494875 0.16844546875 0.251818946875 0.17014010468750002 0.258418684375 0.170331865625 0.2600874734375 0.17202648125 0.2666872125 0.172218240625 0.268356671875 0.1739128765625 0.273306140625 0.1740566875 0.274937221875 0.17245795 0.27660601093750004 0.17415256875000001 0.279905878125 0.1742484484375 0.281575321875 0.1759418234375 0.30962388125 0.17675679375 0.31125430625 0.175159296875 0.321154584375 0.17544695625 0.3227849953125 0.1738482 0.337634746875 0.17427966875 0.339303534375 0.1759742875 0.3442536734375 0.17611811718749998 0.3459224453125 0.17781147343749998 0.35087191562500003 0.1779552828125 0.35254137343749997 0.17964991875 0.35419164531249997 0.17969786875 0.35586043125 0.1813924859375 0.3987587359375 0.182638925 0.4003891484375 0.18104016875 0.4680368125 0.1830057171875 0.46970626875 0.18470035468749998 0.87398805625 0.2046537671875 0.87173815 0.1402131890625 0.17221918125 0.13326361250000002 0.1705881 0.1348623484375 0.1689186421875 0.1331677140625 0.16916805937499999 0.154572115625 0.17083750312499998 0.15626549218750002 0.170856690625 0.1579121765625 0.1758637234375 0.162996046875 0.175882896875 0.16464147499999998 0.17755235625000002 0.1663361109375 0.180852225 0.1664319890625 0.182521684375 0.1681266265625 0.1841520953125 0.1665278703125 0.1858023640625 0.1665758203125 0.1874327765625 0.16497706406249998 0.189083046875 0.1650250140625 0.1907134734375 0.16342751718749998 0.192382915625 0.16512089375 0.197332384375 0.1652647046875 0.19900184375000002 0.1669593390625 0.20065144375 0.16700726875 0.2023209015625 0.16870190625 0.213870109375 0.169037475 0.215501190625 0.1674387390625 0.22045066093750001 0.1675825484375 0.22208174375 0.1659838140625 0.22703121249999997 0.166127625 0.2287 0.167822240625
1 0.6646600953124999 0.6954633203125 0.6643224437499999 0.697181440625 0.6676124875 0.7390846734375 0.713768915625 0.7374192046875 0.7116044265625 0.6892183796875 0.6646600953124999 0.6954633203125
1 0.7009328140625 0.60629731875 0.5113604921875 0.8058504765625001 0.51074865 0.8439327734375001 0.8045641578125 0.538839496875 0.803444775 0.49617626875000004 0.7433789484375 0.5637962062499999 0.7430076546875 0.5319325781249999 0.7006979828125 0.5673484796875 0.7009328140625 0.60629731875
1 0.7783842046875 0.36091611874999996 0.7327581671875001 0.358837834375 0.7342621125 0.3963938828125 0.7344946546875 0.3960595859375 0.777236484375 0.3999720328125 0.7783842046875 0.36091611874999996
1 0.48330437187499997 0.5512999187500001 0.48337809062500003 0.5949886531249999 0.5096754546875 0.5873245093749999 0.5073690046875 0.5538994796875001 0.48330437187499997 0.5512999187500001
1 0.474764540625 0.44358903906249997 0.4521655765625 0.571713028125 0.45851542656250005 0.7599186375 0.48302778281250003 0.7398390484374999 0.474764540625 0.44358903906249997
1 0.4561163296875 0.4996574140625 0.4125789453125 0.49794311875 0.411524628125 0.530414715625 0.4562166796875 0.5299966671874999 0.4561163296875 0.4996574140625
1 0.4386887125 0.46699490312499997 0.4358127515625 0.465340721875 0.4371254171875 0.49884007500000005 0.4633167859375 0.4966221953125 0.4622880734375 0.4650163359375 0.4386887125 0.46699490312499997
2 0.534637515625 0.41184104687499995 0.7944404015625001 0.4264852640625 0.7943345140625 0.398372153125 0.19235571406250002 0.35954198593750003 0.1852153828125 0.34790600625 0.187771825 0.2546002421875 0.17031812500000001 0.25441780937499997 0.1728625078125 0.3609136984375 0.18014867968749998 0.38535294375 0.5123073171875 0.40898228750000004 0.54888779375 0.4921703625 0.5635358874999999 0.4801820515625 0.534637515625 0.41184104687499995
1 0.1503454828125 0.28511644999999997 0.151496809375 0.3725394453125 0.1744584953125 0.3442898734375 0.1730188109375 0.269195653125 0.1503454828125 0.28511644999999997
4 0.2321156546875 0.177796996875 0.23374606562500003 0.176198240625 0.233611778125 0.16467395468749998 0.2022633515625 0.16376310624999998 0.20299238593750002 0.22632710781249998 0.23269121250000002 0.22719002656249998 0.23432163906249998 0.22559252812500002 0.23418733593750002 0.2140669859375 0.2325185484375 0.21237236875 0.2321156546875 0.177796996875
0 0.8053145234375 0.1105117078125 0.7591156781249999 0.10916936875000001 0.7595953078125001 0.1503302265625 0.802494284375 0.1515766859375 0.8057557796875001 0.14837919375 0.8053145234375 0.1105117078125
4 0.370594425 0.45503892500000004 0.3722638828125 0.4567335609375 0.40031310937500003 0.45754854843750004 0.39962243750000004 0.3982766609375 0.3649734734375 0.3972699125 0.36562576875 0.45324842812500005 0.367295225 0.45494306562500003 0.370594425 0.45503892500000004
0 0.3883027578125 0.13460494218750002 0.4279011953125 0.1357555015625 0.429532275 0.1341567640625 0.42903345625 0.0913492203125 0.3828346109375 0.09000688125 0.3833334296875 0.132814425 0.386633971875 0.132910325 0.3883027578125 0.13460494218750002
1 0.26321504375 0.5819442234375 0.271560309375 0.5904160875 0.2732105796875 0.5904640359375 0.2782176140625 0.5955479046875001 0.27823678749999997 0.59719333125 0.279906246875 0.5988879671875 0.2815558453125 0.5989358984375001 0.299915834375 0.61757425625 0.301566103125 0.61762220625 0.30490435 0.6210114578125 0.3049235375 0.6226581437500001 0.30659298125 0.6243515234375 0.30824258125 0.6243994515625 0.3182573046875 0.6345659484375 0.3182764921875 0.6362126359375 0.3199459515625 0.637907271875 0.3215955515625 0.637955203125 0.331610275 0.6481217 0.33162946249999997 0.649768384375 0.3332989046875 0.6514617625 0.33331809375 0.6531084500000001 0.3466710625 0.6666641984375 0.3466902515625 0.6683108843750001 0.3533667296875 0.67508813125 0.3533859171875 0.6767348156249999 0.35503551718750004 0.6767827468750001 0.358373746875 0.6801707390625 0.3583929359375 0.6818174265625 0.37174590625000004 0.6953731765625 0.3717650796875 0.6970186015625 0.380111015625 0.7054904843750001 0.3817606140625 0.7055384140625 0.3850988609375 0.708927665625 0.38511805 0.7105743546875 0.38678750625 0.7122689890625 0.3884371078125 0.71231691875 0.4168124890625 0.7411217953125 0.418462090625 0.741169725 0.42847679687499995 0.751334965625 0.43012706874999995 0.7513829140625 0.4434800375 0.7649386640625 0.44349922499999994 0.7665853515625 0.4718739375 0.7953902078125 0.4718931125 0.797035634375 0.4769008140625 0.8021195234375 0.47692000312499994 0.8037662093750001 0.47858877499999997 0.8054595656249999 0.4786079640625 0.807106253125 0.48027742343749996 0.8088008890625 0.48031579999999996 0.8120942609374999 0.481984571875 0.8137876187499999 0.48200376250000004 0.8154343046875001 0.48868025312499996 0.822212809375 0.4903298546875 0.8222607375000001 0.4919992953125 0.8239541171875 0.493649565625 0.824002065625 0.4986566 0.829085934375 0.5069059390625 0.8293256250000001 0.50638793125 0.78487139375 0.5047383328125 0.7848234640625 0.50306954375 0.7831288468750001 0.5014192734375 0.783080896875 0.49975048437499997 0.7813862796875 0.49315074687499993 0.7811945203125 0.4898118453125 0.7778065078124999 0.48816224531249996 0.777758578125 0.48649345781250003 0.7760639625 0.4848431875 0.7760160109375 0.47816670937500005 0.7692387671875001 0.476517109375 0.7691908359374999 0.45815645156249996 0.7505524578125 0.4581372640625 0.7489057703124999 0.45146078437500003 0.742128525 0.45144159687499996 0.740481840625 0.43975741562500004 0.7286207078125 0.43973822812499996 0.7269740203125 0.4313929640625 0.7185021578125 0.43137377499999996 0.716855471875 0.4280355421875 0.713467478125 0.42801635468750004 0.7118207937500001 0.41800163125 0.7016542953125 0.41798244375 0.700007609375 0.40296070000000006 0.6847585015625001 0.4029415125 0.683111815625 0.40127205312500003 0.6814171796874999 0.40125286562499995 0.67977049375 0.3962458453125 0.674687884375 0.3945955765625 0.6746399328125 0.3895878859375 0.6695573046875001 0.3895686984375 0.66791061875 0.384561665625 0.66282675 0.382912065625 0.6627788203125 0.37623558749999997 0.656001575 0.3762164 0.6543548890625 0.3728774984375 0.6509668750000001 0.37122789843750004 0.6509189453124999 0.36955910937500003 0.6492243296875 0.367908840625 0.6491763796875001 0.3545558703125 0.6356206281250001 0.3545366984375 0.6339752015625 0.35288709687500003 0.6339272734375 0.35121763906250003 0.6322326359375 0.3462681703125 0.6320888265625 0.3429299234375 0.6286995734375 0.341279653125 0.6286516234375 0.3329343890625 0.6201797625000001 0.3312841203125 0.6201318140625001 0.32293885312500004 0.6116599500000001 0.322919665625 0.6100132640625 0.3212502078125 0.6083186296875 0.321231034375 0.6066732015625 0.3162233296875 0.6015893125 0.3145737296875 0.60154138125 0.3112354828125 0.59815213125 0.3112163109375 0.5965067046875 0.309547521875 0.5948120859375 0.309528334375 0.5931654015625 0.2961753796875 0.5796109109375001 0.296156190625 0.5779642234375 0.2878102546875 0.5694923421875 0.287791065625 0.5678456578125 0.27610755625 0.5559845421875 0.27608836875 0.5543378578125 0.2744380984375 0.55428990625 0.2527398765625 0.5322635546875001 0.2510896078125 0.5322156046875001 0.2444131296875 0.525438359375 0.24276353125 0.5253904281249999 0.2377558265625 0.520306540625 0.23610622656250002 0.5202586109375 0.23443676875000002 0.518563975 0.23278649843750002 0.518516025 0.2294489359375 0.5151280500000001 0.2294297484375 0.5134813640625 0.226091503125 0.5100921125 0.2244412328125 0.5100441625000001 0.2127577359375 0.4981843078125 0.2111074671875 0.49813635781250004 0.2061004328125 0.49305249218749997 0.2044501640625 0.493004540625 0.194435440625 0.4828380421875 0.1944162515625 0.4811913546875 0.1927666515625 0.48114342656250003 0.1910972078125 0.4794500484375 0.18614773906249998 0.4793062390625 0.184516640625 0.48090371562499995 0.18463175625 0.4907825734375 0.186301215625 0.49247721093749997 0.186320403125 0.49412389687499997 0.18965864999999998 0.4975131484375 0.18967782187499999 0.49915857656249996 0.19301606875 0.502547828125 0.19303525625 0.5041945140624999 0.1997110640625 0.510971740625 0.1997302515625 0.5126184265625 0.20473794218750002 0.51770105625 0.2047571296875 0.519347740625 0.21644064218749998 0.5312088546875 0.2164598296875 0.5328555421875001 0.226475209375 0.5430208000000001 0.226494396875 0.5446674875 0.23150143124999997 0.5497513546875 0.23315102968749998 0.5497992859374999 0.251511690625 0.5684376624999999 0.2515308625 0.5700830906250001 0.25820735625 0.5768615953125 0.259857625 0.57690954375 0.2631958546875 0.5802975375 0.26321504375 0.5819442234375
0 0.8963487328124999 0.27939184375 0.896847553125 0.3221993875 0.9380955890625 0.323397878125 0.93759676875 0.2805903328125 0.8963487328124999 0.27939184375
4 0.20051749062500002 0.2970286578125 0.2012273515625 0.35794723125 0.234226046875 0.35890603125 0.23351618749999997 0.2979874578125 0.20051749062500002 0.2970286578125
3 0.15109584843749999 0.160630271875 0.152170225 0.2528308453125 0.20001867187500003 0.25422111406250003 0.19999948437499998 0.25257442812500003 0.1983300390625 0.2508810515625 0.1983108515625 0.249234365625 0.1999419328125 0.247635628125 0.19894429375 0.1620205390625 0.15109584843749999 0.160630271875
0 0.31607017187499997 0.44687142968750004 0.31653061718750003 0.4863856015625 0.35942892187500003 0.487632040625 0.358968478125 0.4481178703125 0.31607017187499997 0.44687142968750004
4 0.8732301375 0.41862091250000005 0.8739591859375 0.481186171875 0.9053082828125 0.4820970421875 0.904579234375 0.4195317828125 0.8732301375 0.41862091250000005
0 0.163623828125 0.10338733124999999 0.1190759234375 0.1020929609375 0.11953638124999999 0.14160839218750002 0.1607844171875 0.1428068828125 0.16404590937500002 0.1396093890625 0.163623828125 0.10338733124999999
0 0.8576133140625 0.49387774375 0.8580737734375001 0.5333931734374999 0.9026223453125001 0.5346875625 0.9021618890624999 0.49517213125000004 0.8576133140625 0.49387774375
4 0.555905771875 0.22176860625 0.5558865843749999 0.2201219203125 0.5575170109375 0.21852442343749998 0.55724840625 0.195473334375 0.5555796171875 0.19377871875 0.55556044375 0.1921332921875 0.5225617484375 0.19117449375 0.5233099703125 0.2553851796875 0.5579582671875001 0.2563919078125 0.5575745609375 0.22346322187499998 0.555905771875 0.22176860625
0 0.1132621421875 0.4524990875 0.11378015 0.49695331718749997 0.1269802984375 0.49733685625 0.12861072499999998 0.4957393578125 0.1302794984375 0.49743271718750004 0.145129246875 0.4978641875 0.14675967343750002 0.4962666890625 0.15500968125 0.4965063984375 0.156640765625 0.4949076625 0.15829036406250002 0.49495559375 0.15992144531250002 0.49335685625 0.15946098749999998 0.45384142499999997 0.1132621421875 0.4524990875
3 0.8345145453124999 0.35165967187499997 0.8353970859375 0.427397159375 0.8749955203124999 0.42854771875 0.8741129828125 0.35281023125 0.8345145453124999 0.35165967187499997
1 0.629922628125 0.34571511250000003 0.631591415625 0.34740972812500004 0.6316106046875001 0.3490564140625 0.633279390625 0.35075103125 0.6332985812499999 0.3523977171875 0.6366374828125 0.35578573125 0.6366566703125 0.35743241718749996 0.6383254593750001 0.35912703281249997 0.638344646875 0.36077371875 0.6400140890625 0.3624670953125 0.640033278125 0.36411378125 0.643370853125 0.367503015625 0.643390040625 0.3691497 0.645059484375 0.37084307656250004 0.645078671875 0.372489765625 0.6467481296875001 0.3741844 0.6467673203125 0.3758310859375 0.6501048953125 0.37922031875 0.6501240687500001 0.38086574687499997 0.6517935265625 0.38256038124999997 0.6518319015625 0.38585375312500003 0.6535013625 0.3875483890625 0.653520534375 0.3891938171875 0.6551893234375 0.3908884328125 0.6568395921875 0.3909363828125 0.6585083796875 0.392631 0.6601579796875 0.3926789296875 0.6618274390625001 0.3943735640625 0.6750269171875 0.394757084375 0.676657328125 0.393158328125 0.6799571984375 0.393254209375 0.68648086875 0.386860503125 0.6861547156250001 0.3588706171875 0.6845236328125 0.36046935156250004 0.6795734921875 0.360325521875 0.6762352468749999 0.356936271875 0.674585646875 0.35688834062499997 0.671247415625 0.353500346875 0.671228228125 0.3518536625 0.66788998125 0.3484644078125 0.6678707921875 0.34681772187500004 0.662863775 0.3417351125 0.6628445859375 0.3400884265625 0.6595056703125 0.3366991546875 0.6594864953124999 0.335053728125 0.6561489203125 0.3316644953125 0.6561297328125 0.3300178078125 0.6527915 0.3266298140625 0.6511412296875 0.326581865625 0.6427952796875 0.3181087265625 0.64114568125 0.3180607953125 0.63780745 0.3146728015625 0.6377882609375 0.3130261171875 0.6361194734375 0.3113315 0.6360811125 0.3080393859375 0.634411653125 0.3063447515625 0.6343732765625 0.3030513796875 0.63270381875 0.30135674218749997 0.6326846453125 0.29971131562500003 0.6310158578125 0.2980166984375 0.63099666875 0.2963700125 0.6293278812499999 0.294675396875 0.62930869375 0.29302870937500003 0.6259697921875 0.2896406984375 0.625950603125 0.2879940109375 0.6242818156250001 0.28629939531250004 0.6242434390625 0.283006025 0.622574665625 0.281312665625 0.622536290625 0.27801929375 0.6208668312500001 0.27632465625 0.609317621875 0.2759890875 0.609336809375 0.2776357734375 0.607705728125 0.27923451093749996 0.6060561296875 0.2791865796875 0.604425046875 0.2807853171875 0.6044442203125 0.28243074375 0.602813809375 0.2840295 0.6028329968749999 0.2856761859375 0.5995708359374999 0.2888736578125 0.5998202375 0.31027680156250004 0.60147050625 0.3103247515625 0.6031399640624999 0.3120193859375 0.6047895640625 0.3120673171875 0.609797253125 0.317149946875 0.6114468546875 0.3171978765625 0.6164538875 0.3222817453125 0.6164730765625 0.32392843125000004 0.618142534375 0.325623065625 0.61816170625 0.32726849375 0.6248382 0.33404699843749996 0.6248765609375 0.3373391109375 0.62654535 0.3390337296875 0.6265645375 0.3406804140625 0.6299034390625 0.344068425 0.629922628125 0.34571511250000003
0 0.650776728125 0.578392453125 0.6511988125 0.6146145125 0.692447515625 0.6158130203125001 0.694077928125 0.614214265625 0.693694221875 0.5812855796874999 0.692025434375 0.5795909640625 0.650776728125 0.578392453125
5 0.8613352640624999 0.5301956828125001 0.8625631328125 0.6355684875 0.9747587 0.63882840625 0.9735308328125001 0.5334556015625 0.8613352640624999 0.5301956828125001
1 0.33084283281250004 0.2991704796875 0.33251227656250004 0.30086385625 0.380360053125 0.30225410625000004 0.382029509375 0.30394874375 0.43152755468750004 0.30538694375 0.433157965625 0.3037881859375 0.443057575 0.304075825 0.44242446874999997 0.249743996875 0.2460818875 0.24403912968750002 0.2466382578125 0.2917854734375 0.2565385359375 0.2920731328125 0.258207325 0.2937677484375 0.26150719375000003 0.293863628125 0.26317598124999997 0.29555824531249997 0.32422390624999997 0.2973320359375 0.3258926921875 0.2990266515625 0.33084283281250004 0.2991704796875
4 0.7902732875 0.518255415625 0.7935347953125 0.51505918125 0.8001345359375 0.515250940625 0.7997316265625 0.480674309375 0.7980621828125 0.4789809328125 0.7980238078124999 0.47568756093750003 0.7996548890625 0.47408882343750003 0.7995205999999999 0.46256453906250006 0.79785114375 0.46086990468750005 0.7977935781250001 0.45592984531249997 0.76644515 0.4550189953125 0.7648140703124999 0.45661773281249995 0.764833259375 0.4582644171875 0.7615717640625 0.4614619109375 0.7622048718750001 0.515793740625 0.7638544703125 0.5158416703125 0.76552393125 0.51753630625 0.7902732875 0.518255415625
1 0.684063175 0.320953921875 0.6939627828125 0.3212415609375 0.695631571875 0.3229361765625 0.697281840625 0.32298412656250003 0.6989512999999999 0.3246787640625 0.801247259375 0.32765104218749996 0.8007676265624999 0.28649018437499996 0.79251761875 0.2862504734375 0.7908488296875 0.2845558578125 0.7825988203125 0.28431614843749997 0.7809300328125001 0.28262153125 0.7743302937500001 0.282429771875 0.7726608359375 0.2807351359375 0.7710112359375 0.28068720625 0.769341778125 0.27899256875 0.7693226046875 0.2773471421875 0.7659843578125 0.273957890625 0.7643347578124999 0.27390995937499996 0.7626653015625 0.272215325 0.7593654296875 0.2721194453125 0.7576966421875 0.2704248296875 0.6125023781250001 0.2662061109375 0.6125599421875 0.2711461671875 0.610928859375 0.2727449046875 0.610967221875 0.2760370171875 0.609336809375 0.2776357734375 0.6076865406249999 0.277587825 0.6060561296875 0.2791865796875 0.604405859375 0.2791386296875 0.6048663015625 0.3186528015625 0.6147659125 0.3189404421875 0.6163963234375001 0.3173416875 0.6196968625 0.3174375859375 0.621327290625 0.3158400875 0.6328764984374999 0.316175659375 0.634545940625 0.3178690359375 0.64114568125 0.3180607953125 0.6428144687499999 0.3197554125 0.66426395625 0.320378640625 0.66593274375 0.32207325625 0.669233284375 0.32216915625000003 0.670902071875 0.323863775 0.6791514109375 0.3241034640625 0.6807824921875001 0.3225047265625 0.6824327640625001 0.32255267656250003 0.684063175 0.320953921875
1 0.1783773296875 0.2371335421875 0.178972078125 0.28817325781249997 0.2136203734375 0.28917998749999996 0.21525146875 0.2875825109375 0.21855133906250002 0.287678390625 0.22022078125000003 0.2893717671875 0.25321947968749997 0.2903305671875 0.252624734375 0.2392908515625 0.1783773296875 0.2371335421875
1 0.26488348125 0.4420919078125 0.26653375156250003 0.44213985781250004 0.2682032109375 0.44383449218750004 0.2731526796875 0.44397830312500003 0.2748221375 0.4456729390625 0.2781220078125 0.4457688203125 0.279790796875 0.447463434375 0.29134067343750003 0.447799025 0.293009446875 0.4494923828125 0.29465971875 0.44954033125 0.29799729375 0.45292956562500003 0.2996475625 0.45297751562500005 0.304655253125 0.45806014375000004 0.306304853125 0.458108075 0.309566359375 0.454911840625 0.30954717187499997 0.4532651546875 0.31117758281249996 0.45166639999999997 0.3111583953125 0.45001971249999995 0.31278949218749996 0.448422234375 0.312770303125 0.44677555 0.314400715625 0.44517679218749995 0.3143623390625 0.44188342187499996 0.31599341875000003 0.440284684375 0.315955059375 0.436992571875 0.317586140625 0.435393834375 0.317566953125 0.43374714843750006 0.3191973640625 0.4321483921875 0.3191206265625 0.42556290781249995 0.31578239375 0.42217491406249996 0.3157440171875 0.41888154218749996 0.3140745609375 0.41718690468749997 0.314055371875 0.4155402203125 0.3090483515625 0.41045760937500003 0.30739875156249996 0.4104096796875 0.30572929531250004 0.4087150453125 0.3040796953125 0.40866711406249995 0.2990720046875 0.40358448593749996 0.2974217359375 0.403536534375 0.295752946875 0.40184191875 0.2941033484375 0.40179398906249997 0.2924338890625 0.4000993515625 0.2907842890625 0.40005142187500004 0.28911483125 0.3983567875 0.28251509218750004 0.39816502656249997 0.2808840125 0.3997637625 0.275934540625 0.39961995156249996 0.267589275 0.3911480921875 0.2675700875 0.38950140625 0.26591981875 0.38945345468750003 0.26425035937499997 0.38775881874999996 0.262600759375 0.3877108890625 0.260931971875 0.386016271875 0.25103236406249996 0.38572863281249997 0.24936292031249999 0.38403525625 0.24441345 0.3838914453125 0.2427823546875 0.38548892343749996 0.241132753125 0.3854409921875 0.239501671875 0.3870397296875 0.236201803125 0.38694385 0.234571390625 0.38854260625000003 0.2312708515625 0.38844670625 0.2315586296875 0.41314322187499997 0.23322808906249998 0.41483785624999997 0.23324727812499998 0.41648454375000005 0.234916734375 0.4181791796875 0.234935921875 0.419825865625 0.2366046953125 0.42151922031250005 0.23666226093749998 0.42645928125 0.2383317171875 0.4281539171875 0.2383508921875 0.42979934374999995 0.2416507625 0.42989522343750003 0.2449122703125 0.42669898906250003 0.24658105625 0.42839360624999995 0.24823065781250003 0.4284415375 0.24990010156250003 0.4301349140625 0.2515503703125 0.43018286406249995 0.253219159375 0.4318774796875 0.2548694296875 0.43192542968750003 0.26488348125 0.4420919078125
1 0.5470994390625 0.7399689859375 0.5471186296874999 0.741615671875 0.540595628125 0.7480093984375 0.5406148171875 0.749656084375 0.538983734375 0.75125481875 0.539002921875 0.7529015078125 0.5275880015625 0.764090221875 0.525938403125 0.7640422906250001 0.5243073203125 0.7656410265625 0.5226570500000001 0.765593078125 0.5210266390625 0.7671918328125 0.519377040625 0.767143903125 0.5177459578125 0.768742640625 0.5144460875 0.7686467609375 0.5111845796875001 0.77184299375 0.5120095546875 0.8426404249999999 0.5153094234375 0.8427363046874999 0.5185709328125 0.8395400703125 0.5185517453124999 0.8378933843749999 0.52344365 0.8330971359375001 0.5234244765625 0.831451709375 0.5283170515625 0.8266554812500001 0.5282978625 0.825008796875 0.533190453125 0.8202138250000001 0.5331712640624999 0.8185671390625 0.534801675 0.8169683843750001 0.5347824875 0.8153216984375 0.5380439953125 0.8121254640625001 0.5380248062499999 0.810478778125 0.5412863 0.8072812859375 0.541267128125 0.8056358578125 0.5428982078125 0.804037121875 0.5428790203125 0.8023904343750001 0.554293925 0.7912004609375 0.5542555640625 0.7879083484375 0.5558859765624999 0.78630959375 0.5558667875000001 0.78466290625 0.5574978703125 0.7830641703125 0.5574786828125 0.781417484375 0.5591097781250001 0.77982000625 0.5590714015625 0.7765266359375 0.565594403125 0.770132909375 0.5672440015625 0.7701808406249999 0.5672248140625 0.768534153125 0.5704863062500001 0.7653366625 0.57046711875 0.763689975 0.5802516296875 0.754100015625 0.580232440625 0.7524533296875 0.581863521875 0.7508545921875001 0.581844334375 0.7492079078125 0.5867362515625001 0.7444129171875 0.5883858531249999 0.7444608484375 0.590016934375 0.7428621109375 0.591667203125 0.7429100609375 0.59819020625 0.7365163359375 0.5998398046875 0.736564265625 0.5998206171875 0.7349175812500001 0.6161281125 0.7189326359375 0.6161089234375 0.7172859500000001 0.61937041875 0.7140884578125 0.61935123125 0.712441771875 0.6226127375 0.7092455375 0.62259355 0.7075988515625 0.6274861390625001 0.7028038828125001 0.6270064921875 0.6616417671875 0.618756484375 0.66140205625 0.6187756734375001 0.6630487421875 0.6171452609375 0.664647496875 0.6171836374999999 0.6679408703124999 0.615552540625 0.669538346875 0.615571728125 0.6711850328125 0.5992642328125 0.6871699765625 0.5976146328125 0.687122046875 0.591091646875 0.6935170328125 0.5894413765625 0.6934690812500001 0.582918375 0.6998628078125 0.5829375625 0.7015094937499999 0.5796760562500001 0.704705728125 0.57969524375 0.7063524125 0.5682803375 0.7175423875 0.56663006875 0.7174944375 0.563368559375 0.7206906703125 0.561718959375 0.720642740625 0.5568263859375 0.72543896875 0.556845575 0.7270856546875 0.5535840656250001 0.7302818875 0.5536032546875 0.731928575 0.5503417625 0.735126065625 0.550360934375 0.7367714953125 0.5470994390625 0.7399689859375
1 0.8368551515625 0.269433834375 0.8368743249999999 0.2710792609375 0.8385431125 0.272773878125 0.8385623015625001 0.27442056406250004 0.8402317609375001 0.2761151984375 0.8403852359374999 0.289286171875 0.842054025 0.2909807859375 0.8421307625000001 0.29756627343750003 0.852030371875 0.29785391250000004 0.85366146875 0.2962564359375 0.8553110687500001 0.2963043640625 0.8569421500000001 0.294705628125 0.8602413500000001 0.2948014875 0.86191080625 0.296496125 0.8635610765624999 0.296544075 0.8684529812499999 0.2917478265625 0.8683378671875 0.28186896875 0.86666909375 0.2801756109375 0.8666115281250001 0.27523555312500003 0.8632732828125 0.2718463 0.8583231437500001 0.2717024703125 0.8549849140625 0.26831447812500003 0.8549657234374999 0.2666677921875 0.8532969375 0.264973175 0.8532585750000001 0.2616810625 0.8515891171875 0.259986425 0.8515699281250001 0.2583397390625 0.849901140625 0.2566451234375 0.8498819531249999 0.2549984359375 0.8482125093749999 0.2533050609375 0.848193321875 0.251658375 0.8465245328125001 0.24996375781250002 0.8464861578124999 0.2466703859375 0.8448166968749999 0.2449757515625 0.844797525 0.2433303234375 0.8414592796875 0.2399410703125 0.8414400890625 0.2382943828125 0.8397713031249999 0.23659976718750003 0.839752128125 0.2349543421875 0.8380826703125 0.2332597046875 0.8380634828125 0.23161301875 0.83639469375 0.22991840312499998 0.8363755062499999 0.2282717171875 0.833037275 0.2248837234375 0.8329988984375 0.22159035 0.8313294421874999 0.21989571406250003 0.831310253125 0.2182490296875 0.8296414796875 0.21655567343749998 0.8296222906249999 0.21490898593750002 0.8279528328125 0.21321435000000002 0.8279144546874999 0.2099209765625 0.8262450140625001 0.20822760156250003 0.8262066359375 0.204934228125 0.8245378499999999 0.2032396125 0.824518659375 0.2015929265625 0.8261490874999999 0.1999954296875 0.8030506687500001 0.1993242890625 0.8047194421875 0.201017646875 0.8047386296875001 0.20266433281250001 0.8031082187499999 0.2042630875 0.8034535625 0.2338996625 0.8051031609375 0.233947590625 0.80673424375 0.23234885468750002 0.8116837140625 0.232492665625 0.8133531703125 0.2341873015625 0.8150027718749999 0.23423523125 0.8166722140625 0.23592860781249997 0.818321815625 0.2359765390625 0.819991271875 0.23767117343750002 0.8216408718749999 0.23771910312500003 0.8233103312500001 0.2394137421875 0.8249599312499999 0.239461671875 0.8266287171875 0.2411562859375 0.8266670796875 0.2444484 0.8283365375 0.2461430375 0.8284132906250001 0.25272978125 0.8300827343750001 0.25442315625 0.8301019234375 0.25606984375 0.83510895625 0.2611537140625 0.83518569375 0.2677391984375 0.8368551515625 0.269433834375
1 0.529909709375 0.2555769390625 0.52664821875 0.25877443125 0.523348346875 0.25867855156249997 0.521717265625 0.2602772875 0.520048478125 0.258582671875 0.5200292906249999 0.256935984375 0.5167287484374999 0.256840084375 0.5150599625 0.25514546875 0.43091361875 0.25270054062499997 0.43150836718749996 0.30374025625 0.43313879218749995 0.302142759375 0.44468867031250003 0.30247835 0.44635744375 0.3041717046875 0.449657315625 0.30426758593750003 0.451326103125 0.305962203125 0.518973765625 0.30792775156249996 0.5206432234375 0.30962238750000004 0.53054283125 0.3099100265625 0.5322116203125 0.3116046421875 0.54871096875 0.3120840421875 0.5503413796875 0.31048528750000004 0.5585913890625 0.3107249984375 0.5602608484375 0.3124196328125 0.561910446875 0.3124675625 0.563541528125 0.31086882656250003 0.5734411390624999 0.3111564671875 0.5751099265625 0.3128510828125 0.5784097953125 0.3129469625 0.5778726 0.266846046875 0.5729231296874999 0.2667022375 0.5645771953125001 0.2582303546875 0.5645580046875 0.25658366875 0.529909709375 0.2555769390625
1 0.7497731375 0.43972193906249996 0.7200743109375 0.43885901875 0.7184432296875001 0.44045775468750004 0.711843490625 0.4402659953125 0.7101747031250001 0.4385713796875 0.687075615625 0.43790021875 0.6874401328124999 0.46918222031249995 0.6891089203125 0.4708768359375 0.6940590609374999 0.47102066562499995 0.6957278484375 0.47271528125 0.7023275875 0.4729070421875 0.7039970453125 0.474601678125 0.7056466453125 0.474649609375 0.7073161046875 0.47634424375 0.7254650515625001 0.47687157343750003 0.7270961328125 0.47527283750000004 0.7287457328125 0.47532076874999996 0.73037614375 0.47372201093750005 0.7336766828125 0.47381791093750003 0.735307096875 0.4722191546875 0.7435571046875 0.4724588640625 0.745187515625 0.47086010937499995 0.746837115625 0.470908040625 0.7500992937500001 0.467711825 0.75174889375 0.4677597546875 0.753379975 0.4661610203125 0.7531689328125 0.44804999062500006 0.7514994765624999 0.4463553546875 0.7514419265625001 0.4414165546875 0.7497731375 0.43972193906249996
1 0.13757024375 0.415350709375 0.1392013265625 0.41375197343750003 0.1389902859375 0.39564094375000003 0.1373208265625 0.393946309375 0.137186525 0.38242076406250003 0.1355177515625 0.3807274078125 0.13511485781250002 0.34615203437500003 0.13674526874999998 0.3445532796875 0.136515040625 0.3247955640625 0.1381461234375 0.323196825 0.1377432296875 0.2886214546875 0.1360737703125 0.28692681875 0.1377048671875 0.2853293421875 0.1374938265625 0.26721831093750004 0.1160443390625 0.26659508125000003 0.1160635125 0.268240509375 0.1144331015625 0.269839265625 0.11449066562500002 0.2747793234375 0.1112284875 0.2779755359375 0.11124767656250001 0.279622225 0.10961726406250001 0.2812209796875 0.109636453125 0.282867665625 0.10800604062500001 0.28446642187500004 0.1083513703125 0.3141017359375 0.11002015624999999 0.31579635 0.1102503859375 0.3355540671875 0.10861997500000001 0.33715282343749997 0.1096751640625 0.4277067109375 0.11134395156250002 0.429401328125 0.11138232968749999 0.4326947 0.1097519015625 0.43429219531249996 0.12790085 0.4348195265625 0.1278816765625 0.4331741 0.1327742515625 0.42837787031249996 0.13275506406249998 0.426731184375 0.1360165703125 0.42353494999999997 0.1359973828125 0.4218882640625 0.13762779375 0.420289509375 0.13757024375 0.415350709375
1 0.6526376890625001 0.4550044984375 0.6509682328124999 0.4533098625 0.6509490437500001 0.4516631765625 0.64928025625 0.44996855937499997 0.64920351875 0.443383075 0.6508339296875 0.4417843203125 0.65081475625 0.4401388921875 0.6491459671875 0.438444275 0.649107590625 0.4351509046875 0.6440999015625 0.4300682734375 0.6440807125 0.4284215890625 0.63907368125 0.42333772031250005 0.6374240796875 0.4232897890625 0.634085178125 0.41990177656250005 0.6324355781250001 0.419853846875 0.62909733125 0.4164645953125 0.6241478625 0.41632078593750005 0.6224784062500001 0.41462614843749995 0.6191785359375 0.41453026875 0.6175090921875 0.4128368921875 0.612559621875 0.41269308125000004 0.6075525890625 0.4076092125 0.6075909640625 0.41090258593750006 0.6059598828125 0.41250132031250003 0.60597905625 0.4141467484375 0.609317303125 0.41753600156250004 0.6093556796875 0.42082937343750004 0.6126939109375 0.4242173671875 0.6127322859375 0.42751073906250003 0.6144017453124999 0.4292053734375 0.614420934375 0.430852059375 0.6177584953124999 0.434240034375 0.6177776828125 0.43588672031250003 0.6261236171875 0.444358603125 0.6261428062500001 0.44600528749999996 0.62781159375 0.4476999046875 0.6294618640625 0.447747853125 0.64448360625 0.46299696093750004 0.6461338765625 0.4630449109375 0.6494721234374999 0.46643416249999997 0.651121721875 0.46648209375 0.652791165625 0.46817547031249995 0.6560910359375 0.46827135000000003 0.6559951109375 0.460039178125 0.6526568765625 0.4566511859375 0.6526376890625001 0.4550044984375
1 0.0799184359375 0.280358059375 0.071668428125 0.2801183484375 0.0667765078125 0.2849133390625 0.0651269078125 0.284865409375 0.0634958265625 0.28646414375 0.0601959578125 0.2863682640625 0.05367295625 0.29276199062499997 0.05369214375 0.294408678125 0.0520610625 0.29600741406250003 0.052080249999999995 0.29765410000000003 0.0504498390625 0.2992528546875 0.0525794203125 0.48200857656249996 0.054248207812500004 0.48370319375 0.0542673828125 0.4853486203125 0.0576062984375 0.4887378921875 0.0576254859375 0.490384578125 0.060963732812500004 0.49377382968749994 0.0758128109375 0.49420527812500004 0.07744389375 0.49260654375 0.077405515625 0.4893131734375 0.079035928125 0.4877144140625 0.0787481484375 0.4630179015625 0.080378559375 0.46141914531249995 0.080359371875 0.459772459375 0.08199046875 0.45817498125 0.0799184359375 0.280358059375
1 0.5375451453125 0.48622407343749996 0.5391762265625 0.4846253359375 0.5375067703124999 0.4829307015625 0.5374875968749999 0.48128527343750005 0.5358181375 0.4795906375 0.5357989484375001 0.47794395312500004 0.5307919156249999 0.47286008281249997 0.5307727421874999 0.47121465625000003 0.5291231421875 0.47116672656249997 0.5241154390625 0.4660828375 0.5224658375 0.4660349078125 0.5191269359375 0.46264689375 0.5191077484375 0.46100020781250006 0.5040859906249999 0.445749840625 0.5040668171875 0.4441044140625 0.4973903234375 0.43732591093749995 0.4972943984375 0.42909373906250003 0.50055590625 0.42589750625 0.50053671875 0.42425082031250005 0.5037982125 0.421053328125 0.503779021875 0.4194066421875 0.5054101203125 0.41780916250000005 0.5053717437499999 0.41451579218749995 0.48062238593749995 0.41379668281250004 0.47573046718749995 0.4185916734375 0.475999071875 0.44164275937499997 0.47762948437499997 0.44004400468749993 0.48092935312499996 0.440139884375 0.48256043593750003 0.4385411453125 0.48422922343749997 0.4402357640625 0.4858788234375 0.44028369375 0.4892177390625 0.44367296562499997 0.4908673390625 0.44372089531250003 0.5025508359375 0.45558075000000003 0.5025700234375 0.4572274375 0.5042394812500001 0.4589220734375 0.5058897515624999 0.458970021875 0.507558540625 0.46066463906250005 0.5075969015624999 0.463956753125 0.509266359375 0.4656513875 0.5092855468749999 0.46729807343749996 0.5142925671875 0.4723806828125 0.5143117546875 0.47402737031250003 0.520988246875 0.4808058734375 0.5226385171875 0.48085382499999996 0.5309837828124999 0.4893256859375 0.5375835234374999 0.48951744531249997 0.5375451453125 0.48622407343749996
1 0.1279772515625 0.2998593390625 0.1296083328125 0.2982606015625 0.12958914531250001 0.296613915625 0.132850653125 0.2934176828125 0.13283146562499998 0.291770996875 0.134462546875 0.290172259375 0.1344049984375 0.2852334609375 0.136035409375 0.28363470468749996 0.13597784375 0.2786946453125 0.13760892656249998 0.277095909375 0.1369949921875 0.2244095078125 0.1237955140625 0.2240259875 0.1221644328125 0.225624725 0.1221836203125 0.22727140937499998 0.120553209375 0.22887016718750003 0.12057239687500002 0.230516853125 0.1173108890625 0.233713084375 0.11733007656250001 0.235359771875 0.1108064046875 0.2417534796875 0.11082559375 0.2434001640625 0.10430326406249998 0.24979390937499998 0.1043224515625 0.25144059531249996 0.10269136875 0.2530393328125 0.1027105578125 0.2546860171875 0.09618755625 0.26107974375 0.0945372859375 0.2610317921875 0.095170409375 0.31536488125 0.11827016562499999 0.31603606093750003 0.1199005765625 0.31443730625 0.11986221562499999 0.31114519218750003 0.12149329843750001 0.30954645468750003 0.121454921875 0.30625308281249997 0.124716415625 0.303055590625 0.1263660140625 0.303103521875 0.1279964421875 0.3015060234375 0.1279772515625 0.2998593390625
1 0.6107373734375 0.6809200796875 0.6107565625 0.6825667671875 0.6058639718750001 0.6873617359375 0.604213703125 0.6873137875 0.5976913859375 0.6937087921875 0.5960411156250001 0.6936608421875 0.594410690625 0.6952583390625 0.59111081875 0.695162459375 0.5894797374999999 0.69676119375 0.589594853125 0.7066400515625 0.615993809375 0.7074070921875 0.6257783046875 0.6978158734375 0.6274285749999999 0.697863825 0.6306894125 0.694667571875 0.6339899515625 0.694763471875 0.6356203640625 0.693164715625 0.6372699640625 0.6932126453125 0.6389010453124999 0.691613909375 0.640551315625 0.6916618578125 0.642181728125 0.690063103125 0.643831996875 0.690111053125 0.648723915625 0.6853160625 0.6487047265625 0.6836693781250001 0.650335809375 0.682070640625 0.650316621875 0.6804239546875 0.651947034375 0.6788251984375 0.65177436875 0.6640075421875 0.6467666796875 0.6589249125000001 0.6467474906249999 0.6572782265625 0.643409915625 0.65388899375 0.6433907265625 0.6522423078124999 0.641721284375 0.65054893125 0.6417020953125 0.64890224375 0.6350256187500001 0.642125 0.6350064296875 0.6404783140625 0.6316681828124999 0.637089059375 0.6316489953125 0.635442375 0.628310765625 0.63205438125 0.628291575 0.6304076953125 0.6266227890625 0.6287130796875 0.6265844109375001 0.62541970625 0.62491496875 0.62372633125 0.6248765921875 0.6204329578125 0.623207803125 0.6187383421875 0.6230926890624999 0.6088594828125 0.6197537875 0.605471471875 0.6197345999999999 0.603824784375 0.6163970234375 0.600435553125 0.6064974140625 0.6001479125 0.6048663328125 0.6017466484375 0.6032160640625001 0.6016986984375 0.6032352515625 0.6033453843750001 0.6016048406250001 0.604944140625 0.599955240625 0.6048962109375 0.59832414375 0.6064936890625 0.5950242734375 0.606397809375 0.5933938624999999 0.6079965640625 0.5900939921874999 0.607900684375 0.5884629109375 0.60949941875 0.5885780265625 0.619378278125 0.5969239609375 0.627850159375 0.5985735609375 0.6278980890625 0.6102577421875 0.6397592234375 0.6102769296874999 0.641405909375 0.6136151625 0.644793903125 0.61363435 0.6464405890625 0.6153031375 0.6481352046875 0.6153606890625001 0.6530740046875 0.617030146875 0.6547686390624999 0.6172411859375 0.6728796703125 0.6156101046875 0.67447840625 0.61562929375 0.676125090625 0.6107373734375 0.6809200796875