3 0.76132306875 0.3875829046875 0.8142880124999999 0.37803368437499996 0.8007355828125 0.26338164375 0.7477706390625001 0.2729308640625 0.76132306875 0.3875829046875
1 0.729863728125 0.2195783015625 0.7511613421875001 0.2849386140625 0.88835273125 0.076780825 0.8736828234375 0.013145985937499998 0.729863728125 0.2195783015625
1 0.3833180078125 0.9457617359375 0.359718546875 0.99756836875 0.40636459374999995 0.997296990625 0.41022305000000003 0.9913943656249999 0.3833180078125 0.9457617359375
5 0.0109278171875 0.9041128703125001 0.0222068171875 0.9995319546875001 0.27135965624999997 0.998082425 0.255049390625 0.86009940625 0.0109278171875 0.9041128703125001
5 0.3404042828125 0.812900915625 0.656516990625 0.7559079375 0.6507741546875 0.70732419375 0.334661446875 0.7643171703125 0.3404042828125 0.812900915625
5 0.6089856703125001 0.94100164375 0.71995769375 0.920994140625 0.7143140640625 0.873249653125 0.6033420390625001 0.8932571578124999 0.6089856703125001 0.94100164375
4 0.50637749375 0.73021506875 0.5618184859375 0.7202194343749999 0.5481888984375 0.6049146390625 0.49274790468749996 0.6149102734375 0.50637749375 0.73021506875
0 0.846912409375 0.51595675 0.8281984765624999 0.473397328125 0.8105248171874999 0.5134266937499999 0.8285492796874999 0.54922945625 0.846912409375 0.51595675
0 0.8504788718749999 0.3751944359375 0.8256141984375001 0.34979874375 0.8186363953125 0.399494978125 0.84086539375 0.419513475 0.8504788718749999 0.3751944359375
1 0.5427098046875 0.8575267500000001 0.5576637703125 0.8859949921875 0.545326159375 0.8963574921875 0.5535097796875 0.94846546875 0.59483190625 0.89116084375 0.5892237875 0.8437167734375001 0.56751005 0.8735768984375 0.544684534375 0.8108301593749999 0.48553906874999997 0.8196317765625001 0.490125275 0.868621671875 0.5427098046875 0.8575267500000001
1 0.930359321875 0.8503029484375 0.7062730609375001 0.32861506406249996 0.6894030156250001 0.35925190625000003 0.9183962296875 0.883340821875 0.930359321875 0.8503029484375
1 0.964511321875 0.37501953125 0.9126641687499999 0.3330827953125 0.9162071656249999 0.3770202875 0.9706314984375 0.42679554062499997 0.964511321875 0.37501953125
2 0.761495059375 0.26442071875 0.7469662359375 0.29742831875000003 0.9537752890625001 0.7878298109374999 0.9570381749999999 0.7318082078125 0.7718419484375 0.3092839015625 0.9713032046875 0.4868871203125 0.9734261328124999 0.4504378375 0.9729544296875 0.4464472703125 0.761495059375 0.26442071875
0 0.7361277875 0.39157782343749997 0.7600104078125 0.3872719484375 0.7527739953125 0.32605270000000003 0.728891375 0.330358575 0.7361277875 0.39157782343749997
1 0.5551495 0.9521365125000001 0.552063140625 0.926026246875 0.54546446875 0.9272159421874999 0.5396385125000001 0.934933003125 0.5398314109375 0.93656489375 0.5354613828125 0.942352790625 0.5356542796875 0.9439846812500001 0.522544190625 0.9613483687500001 0.5227370890625 0.9629802609375 0.5212811625 0.9649094249999999 0.5196312140625 0.9652068984375 0.5181741609375 0.9671362640625001 0.5165253390625 0.9674335359375 0.5150682859375 0.969362903125 0.5117695140625 0.9699576499999999 0.5103124625000001 0.971887015625 0.5086636375 0.9721842875 0.5072065875 0.9741136515625 0.507399484375 0.9757455453125001 0.503029453125 0.981533440625 0.5032223515625 0.9831653328125001 0.498852321875 0.988953228125 0.49923811718750005 0.9922170109374999 0.49778219218749997 0.9941461734375 0.49783730625 0.9946124296875001 0.552742409375 0.9847134109375 0.5522158828125 0.9843321484375 0.5520229859375 0.98270025625 0.5501812640625 0.9813656390625001 0.548531315625 0.9816631140625001 0.5430039 0.977659659375 0.5426181062500001 0.9743958749999999 0.5407752578125 0.9730614578125 0.5422323109375 0.9711320921875 0.5416536171875 0.9662364171875 0.5460236468749999 0.960448521875 0.5493224203125 0.959853775 0.5551495 0.9521365125000001
0 0.48601544375000005 0.8946007890625 0.46292177968750003 0.8987644187500001 0.461464728125 0.900693784375 0.4581659546875 0.90128853125 0.45525297968749995 0.9051470609375001 0.4554458765625 0.906778953125 0.45398882343749997 0.9087083171874999 0.4545675171875 0.9136039953124999 0.4564103640625 0.9149384093749999 0.45737485156249996 0.92309786875 0.45591780000000004 0.925027234375 0.45746097968750005 0.9380823671874999 0.49869958125 0.9306473265624999 0.4948416296875 0.8980094968750001 0.49299878281250004 0.8966750781249999 0.4913488328125 0.8969725515625001 0.4895071125 0.8956379343749999 0.4878571625 0.8959354093749999 0.48601544375000005 0.8946007890625
0 0.6964292984375 0.9216647140625 0.6991298625 0.944511196875 0.700972709375 0.9458456140625 0.7017442984375 0.9523731796874999 0.7002872499999999 0.954302546875 0.7007281578125 0.9580325828125 0.728770540625 0.9529767328125001 0.7242787828125 0.9149769703124999 0.69788635 0.9197353484375 0.6964292984375 0.9216647140625
4 0.6879474328125 0.5648599515625 0.7390823515625 0.555640671875 0.7273156015625 0.4560952859375 0.68112940625 0.46442234375 0.6767593749999999 0.4702102390625 0.6879474328125 0.5648599515625
4 0.8280458265625 0.8379350375 0.8326753671875 0.8771004343750001 0.8920577812499999 0.8663941890625001 0.8804839296875 0.76848069375 0.8276990625 0.7779974468749999 0.8247860828125001 0.7818559781250001 0.8249789812499999 0.78348786875 0.82352305625 0.78541703125 0.82545203125 0.8017359484375 0.8272937515625 0.8030705671874999 0.8290298296874999 0.8177575921875 0.827573903125 0.81968675625 0.8295028796875 0.8360056703125001 0.8280458265625 0.8379350375
1 0.9049413765625 0.4436229796875 0.95582829375 0.7525810859375001 0.9609737218750001 0.6642374890625 0.9413761828125 0.4752683859375 0.9049413765625 0.4436229796875
3 0.9428610140625 0.9143776718750001 0.946442321875 0.9137319859374999 0.9601206296875 0.6788845046875001 0.9159655859375 0.686845359375 0.9428610140625 0.9143776718750001