0 0.7703122171875 0.7296871921875 0.7703122171875 0.69375 0.7421877828125 0.69375 0.7421877828125 0.7328128078125 0.7671877828125 0.7328128078125 0.7703122171875 0.7296871921875
0 0.6171877828125 0.49218719218749996 0.6171877828125 0.4546871921875 0.571875565625 0.4546871921875 0.571875565625 0.49375 0.615625565625 0.49375 0.6171877828125 0.49218719218749996
1 0.5515622171875 0.78125 0.546875565625 0.7859371921875 0.5453122171875 0.7859371921875 0.54375 0.7875 0.540625565625 0.7875 0.5390622171875 0.7890628078125 0.5375 0.7890628078125 0.5359377828125 0.790625615625 0.534375565625 0.790625615625 0.5328122171875 0.7921871921875 0.53125 0.7921871921875 0.5296877828125 0.79375 0.528125565625 0.79375 0.5265622171875 0.7953128078125 0.525 0.7953128078125 0.5203122171875 0.8 0.5171877828125 0.8 0.5125 0.8046871921875001 0.5109377828125 0.8046871921875001 0.5015622171875 0.8140628078125 0.5 0.8140628078125 0.496875565625 0.8171871921875 0.4953122171875 0.8171871921875 0.4921877828125 0.8203128078124999 0.490625565625 0.8203128078124999 0.4875 0.8234371921875001 0.4859377828125 0.8234371921875001 0.484375565625 0.825 0.4828122171875 0.825 0.48125 0.8265628078124999 0.4796877828125 0.8265628078124999 0.4765622171875 0.8296871921875001 0.475 0.8296871921875001 0.4734377828125 0.83125 0.471875565625 0.83125 0.4671877828125 0.8359371921875001 0.465625565625 0.8359371921875001 0.453125565625 0.8484371921875 0.45 0.8484371921875 0.4484377828125 0.85 0.44687556562499997 0.85 0.4453122171875 0.8515628078124999 0.44375 0.8515628078124999 0.4421877828125 0.853125615625 0.4421877828125 0.86875 0.4578122171875 0.86875 0.459375565625 0.8671871921875001 0.4625 0.8671871921875001 0.4640622171875 0.8656256156250001 0.4671877828125 0.8656256156250001 0.4703122171875 0.8625 0.471875565625 0.8625 0.4734377828125 0.8609371921875001 0.475 0.8609371921875001 0.4765622171875 0.8593756156250001 0.47812556562499997 0.8593756156250001 0.48125 0.85625 0.4828122171875 0.85625 0.484375565625 0.8546871921875001 0.4859377828125 0.8546871921875001 0.4875 0.853125615625 0.4890622171875 0.853125615625 0.49375 0.8484371921875 0.4953122171875 0.8484371921875 0.496875565625 0.846875615625 0.4984377828125 0.846875615625 0.5015622171875 0.84375 0.503125565625 0.84375 0.5046877828125 0.8421871921875 0.5078122171875 0.8421871921875 0.509375565625 0.840625615625 0.5109377828125 0.840625615625 0.5140622171875 0.8375 0.515625565625 0.8375 0.5171877828125 0.8359371921875001 0.51875 0.8359371921875001 0.5203122171875 0.8343756156250001 0.521875565625 0.8343756156250001 0.5265622171875 0.8296871921875001 0.528125565625 0.8296871921875001 0.5296877828125 0.8281256156250001 0.53125 0.8281256156250001 0.5328122171875 0.8265628078124999 0.534375565625 0.8265628078124999 0.5359377828125 0.825 0.5375 0.825 0.5390622171875 0.8234371921875001 0.540625565625 0.8234371921875001 0.5421877828125 0.821875615625 0.54375 0.821875615625 0.5484377828125 0.8171871921875 0.55 0.8171871921875 0.553125565625 0.8140628078125 0.553125565625 0.8125 0.559375565625 0.80625 0.565625565625 0.80625 0.5671877828125 0.8046871921875001 0.5703122171875 0.8046871921875001 0.578125565625 0.796875615625 0.578125565625 0.7953128078125 0.5828122171875 0.790625615625 0.584375565625 0.790625615625 0.5875 0.7875 0.5890622171875 0.7875 0.590625565625 0.7859371921875 0.59375 0.7859371921875 0.5953122171875 0.7843756156249999 0.596875565625 0.7843756156249999 0.6 0.78125 0.6015622171875 0.78125 0.603125565625 0.7796871921874999 0.6046877828125 0.7796871921874999 0.6078122171875 0.7765628078125 0.609375565625 0.7765628078125 0.615625565625 0.7703128078125 0.615625565625 0.7578128078125 0.58125 0.7578128078125 0.571875565625 0.7671871921875 0.5703122171875 0.7671871921875 0.5640622171875 0.7734371921875 0.5625 0.7734371921875 0.559375565625 0.7765628078125 0.5578122171875 0.7765628078125 0.553125565625 0.78125 0.5515622171875 0.78125
0 0.49375 0.68125 0.53125 0.68125 0.5328122171875 0.6796871921875 0.534375565625 0.6796871921875 0.5359377828125 0.678125615625 0.5359377828125 0.6453128078125 0.49375 0.6453128078125 0.49375 0.68125
0 0.571875565625 0.04375 0.609375565625 0.04375 0.6109377828125 0.0421871921875 0.6125 0.0421871921875 0.6140622171875 0.040625615625 0.6140622171875 0.0078128078125 0.571875565625 0.0078128078125 0.571875565625 0.04375
0 0.3265622171875 0.7421871921875 0.3265622171875 0.78125 0.3671877828125 0.78125 0.36875 0.7796871921874999 0.371875565625 0.7796871921874999 0.371875565625 0.7781256156249999 0.3734377828125 0.7765628078125 0.3734377828125 0.7421871921875 0.3265622171875 0.7421871921875
0 0.4765622171875 0.91875 0.47812556562499997 0.9171871921875001 0.4796877828125 0.9171871921875001 0.4796877828125 0.8906256156250001 0.4375 0.8906256156250001 0.4375 0.91875 0.4765622171875 0.91875
5 0.915625565625 0.115625615625 0.915625565625 0.1140628078125 0.9171877828125 0.1125 0.9171877828125 0.0015628078125 0.734375565625 0.0015628078125 0.734375565625 0.115625615625 0.915625565625 0.115625615625
4 0.50625 0.65 0.51875 0.65 0.5203122171875 0.6515628078125 0.5203122171875 0.6531256156249999 0.51875 0.6546871921874999 0.5375 0.6546871921874999 0.5375 0.6109371921875 0.5359377828125 0.609375615625 0.5375 0.6078128078125 0.5375 0.5875 0.47812556562499997 0.5875 0.47812556562499997 0.65 0.4796877828125 0.6515628078125 0.484375565625 0.6515628078125 0.4875 0.6546871921874999 0.5046877828125 0.6546871921874999 0.503125565625 0.6531256156249999 0.50625 0.65
0 0.725 0.846875615625 0.725 0.809375615625 0.5859377828125 0.809375615625 0.5859377828125 0.8484371921875 0.7234377828125 0.8484371921875 0.725 0.846875615625
0 0.4328122171875 0.678125615625 0.459375565625 0.678125615625 0.4609377828125 0.6765628078125 0.4609377828125 0.675 0.4625 0.6734371921875 0.4625 0.6390628078125 0.4328122171875 0.6390628078125 0.4328122171875 0.678125615625
3 0.575 0.7468756156249999 0.5765622171875 0.7453128078125 0.578125565625 0.7453128078125 0.5796877828125 0.74375 0.58125 0.74375 0.58125 0.6953128078125 0.5140622171875 0.6953128078125 0.5140622171875 0.7515628078125001 0.54375 0.7515628078125001 0.5453122171875 0.75 0.5609377828125 0.75 0.5625 0.7484371921874999 0.571875565625 0.7484371921874999 0.5734377828125 0.7468756156249999 0.575 0.7468756156249999
4 0.2890622171875 0.6281256156249999 0.2890622171875 0.7015628078125 0.346875565625 0.7015628078125 0.346875565625 0.6281256156249999 0.2890622171875 0.6281256156249999
0 0.1765622171875 0.7515628078125001 0.1765622171875 0.790625615625 0.309375565625 0.790625615625 0.309375565625 0.7515628078125001 0.1765622171875 0.7515628078125001
0 0.653125565625 0.359375615625 0.653125565625 0.32656280781249997 0.621875565625 0.32656280781249997 0.621875565625 0.36093719218750003 0.6515622171875 0.36093719218750003 0.653125565625 0.359375615625
1 0.7 0.6859371921874999 0.6984377828125 0.6859371921874999 0.696875565625 0.6875 0.6953122171875 0.6875 0.6921877828125 0.6906256156249999 0.6921877828125 0.6921871921875 0.690625565625 0.69375 0.690625565625 0.6953128078125 0.6875 0.6984371921875 0.684375565625 0.6984371921875 0.6828122171875 0.7 0.6796877828125 0.7 0.678125565625 0.7015628078125 0.6765622171875 0.7015628078125 0.675 0.703125615625 0.6734377828125 0.703125615625 0.6703122171875 0.70625 0.6671877828125 0.70625 0.6640622171875 0.709375615625 0.6625 0.709375615625 0.6609377828125 0.7109371921875 0.659375565625 0.7109371921875 0.6578122171875 0.7125 0.65625 0.7125 0.653125565625 0.7156256156249999 0.6515622171875 0.7156256156249999 0.6484377828125 0.71875 0.646875565625 0.71875 0.64375 0.7218756156249999 0.64375 0.7234371921875 0.6359377828125 0.73125 0.634375565625 0.73125 0.628125565625 0.7375 0.6265622171875 0.7375 0.6234377828125 0.740625615625 0.621875565625 0.740625615625 0.6203122171875 0.7421871921875 0.61875 0.7421871921875 0.6171877828125 0.74375 0.615625565625 0.74375 0.6140622171875 0.7453128078125 0.6109377828125 0.7453128078125 0.609375565625 0.7468756156249999 0.603125565625 0.7468756156249999 0.603125565625 0.771875615625 0.615625565625 0.771875615625 0.6171877828125 0.7703128078125 0.61875 0.7703128078125 0.6203122171875 0.76875 0.6234377828125 0.76875 0.625 0.7671871921875 0.6296877828125 0.7671871921875 0.63125 0.765625615625 0.6328122171875 0.765625615625 0.6359377828125 0.7625 0.6375 0.7625 0.6390622171875 0.7609371921875 0.640625565625 0.7609371921875 0.6421877828125 0.759375615625 0.64375 0.759375615625 0.6453122171875 0.7578128078125 0.646875565625 0.7578128078125 0.6484377828125 0.75625 0.65 0.75625 0.6515622171875 0.7546871921875 0.653125565625 0.7546871921875 0.6546877828125 0.7531256156249999 0.65625 0.7531256156249999 0.6578122171875 0.7515628078125001 0.659375565625 0.7515628078125001 0.6625 0.7484371921874999 0.6640622171875 0.7484371921874999 0.665625565625 0.7468756156249999 0.6671877828125 0.7468756156249999 0.6703122171875 0.74375 0.671875565625 0.74375 0.6734377828125 0.7421871921875 0.675 0.7421871921875 0.6796877828125 0.7375 0.68125 0.7375 0.6859377828125 0.7328128078125 0.6859377828125 0.73125 0.6890622171875 0.728125615625 0.690625565625 0.728125615625 0.690625565625 0.7265628078125 0.6953122171875 0.7218756156249999 0.6953122171875 0.7203128078125001 0.7 0.7156256156249999 0.7015622171875 0.7156256156249999 0.70625 0.7109371921875 0.7078122171875 0.7109371921875 0.709375565625 0.709375615625 0.7109377828125 0.709375615625 0.7125 0.7078128078125 0.7140622171875 0.7078128078125 0.7171877828125 0.7046871921875 0.71875 0.7046871921875 0.7203122171875 0.703125615625 0.7234377828125 0.703125615625 0.725 0.7015628078125 0.7265622171875 0.7015628078125 0.7265622171875 0.7 0.728125565625 0.6984371921875 0.728125565625 0.696875615625 0.7296877828125 0.6953128078125 0.7296877828125 0.678125615625 0.728125565625 0.6765628078125 0.728125565625 0.675 0.7140622171875 0.675 0.7140622171875 0.6765628078125 0.709375565625 0.68125 0.7078122171875 0.68125 0.70625 0.6828128078125 0.7046877828125 0.6828128078125 0.703125565625 0.6843756156249999 0.7015622171875 0.6843756156249999 0.7 0.6859371921874999
4 0.5609377828125 0.425 0.5609377828125 0.4234371921875 0.5625 0.421875615625 0.5625 0.35 0.5125 0.35 0.5125 0.425 0.5609377828125 0.425
3 0.346875565625 0.85 0.3484377828125 0.8515628078124999 0.409375565625 0.8515628078124999 0.4140622171875 0.846875615625 0.41562556562499997 0.846875615625 0.41562556562499997 0.8031256156250001 0.346875565625 0.8031256156250001 0.346875565625 0.85
5 0.4171877828125 0.2703128078125 0.4203122171875 0.2734371921875 0.434375565625 0.2734371921875 0.4359377828125 0.271875615625 0.440625565625 0.271875615625 0.4421877828125 0.2734371921875 0.6015622171875 0.2734371921875 0.6015622171875 0.203125615625 0.2984377828125 0.203125615625 0.2984377828125 0.271875615625 0.3046877828125 0.271875615625 0.30625 0.2734371921875 0.3953122171875 0.2734371921875 0.396875565625 0.271875615625 0.4109377828125 0.271875615625 0.4125 0.2703128078125 0.4171877828125 0.2703128078125
4 0.565625565625 0.603125615625 0.565625565625 0.6015628078125 0.5671877828125 0.6 0.5671877828125 0.54375 0.5125 0.54375 0.5125 0.603125615625 0.565625565625 0.603125615625
3 0.6375 0.4890628078125 0.6375 0.5625 0.6828122171875 0.5625 0.6828122171875 0.4890628078125 0.6375 0.4890628078125
4 0.60625 0.8593756156250001 0.60625 0.915625615625 0.6578122171875 0.915625615625 0.6578122171875 0.8593756156250001 0.60625 0.8593756156250001
0 0.6203122171875 0.5171871921875 0.6203122171875 0.5046871921875 0.4859377828125 0.5046871921875 0.4859377828125 0.54375 0.6234377828125 0.54375 0.6234377828125 0.5281256156249999 0.6203122171875 0.525 0.6203122171875 0.5234371921875 0.61875 0.521875615625 0.61875 0.51875 0.6203122171875 0.5171871921875
0 0.1125 0.8359371921875001 0.1125 0.871875615625 0.1390622171875 0.871875615625 0.1390622171875 0.8359371921875001 0.1125 0.8359371921875001
4 0.509375565625 0.0984371921875 0.509375565625 0.021875615625 0.453125565625 0.021875615625 0.453125565625 0.1 0.5078122171875 0.1 0.509375565625 0.0984371921875
3 0.6796877828125 0.0734371921875 0.6796877828125 0.028125615625 0.678125565625 0.0265628078125 0.678125565625 0.021875615625 0.6765622171875 0.0203128078125 0.6375 0.0203128078125 0.6375 0.075 0.6484377828125 0.075 0.65 0.0734371921875 0.6546877828125 0.0734371921875 0.65625 0.075 0.6765622171875 0.075 0.678125565625 0.0734371921875 0.6796877828125 0.0734371921875
1 0.5625 0.103125615625 0.625 0.103125615625 0.625 0.0765628078125 0.6234377828125 0.075 0.6234377828125 0.0734371921875 0.621875565625 0.071875615625 0.5625 0.071875615625 0.5625 0.103125615625
4 0.628125565625 0.27968719218750004 0.6296877828125 0.28125 0.6421877828125 0.28125 0.64375 0.28281280781249996 0.6546877828125 0.28281280781249996 0.6546877828125 0.209375615625 0.628125565625 0.209375615625 0.628125565625 0.27968719218750004
1 0.6953122171875 0.2875 0.6984377828125 0.284375615625 0.6984377828125 0.27968719218750004 0.7 0.278125615625 0.7 0.2609371921875 0.7015622171875 0.259375615625 0.7015622171875 0.253125615625 0.7 0.25156280781249996 0.7 0.20468719218750003 0.7015622171875 0.203125615625 0.7015622171875 0.1875 0.703125565625 0.1859371921875 0.703125565625 0.1640628078125 0.7015622171875 0.1625 0.7015622171875 0.1390628078125 0.703125565625 0.1375 0.703125565625 0.0828128078125 0.7015622171875 0.08125 0.7015622171875 0.078125615625 0.7 0.0765628078125 0.7 0.071875615625 0.6984377828125 0.0703128078125 0.6984377828125 0.0640628078125 0.696875565625 0.0625 0.696875565625 0.0609371921875 0.6953122171875 0.059375615625 0.6953122171875 0.0578128078125 0.6921877828125 0.0546871921875 0.6921877828125 0.053125615625 0.6796877828125 0.053125615625 0.6796877828125 0.2921871921875 0.684375565625 0.2921871921875 0.6859377828125 0.290625615625 0.6875 0.290625615625 0.6890622171875 0.2890628078125 0.6921877828125 0.2890628078125 0.69375 0.2875 0.6953122171875 0.2875
1 0.2859377828125 0.7109371921875 0.2859377828125 0.7421871921875 0.3796877828125 0.7421871921875 0.38125 0.740625615625 0.396875565625 0.740625615625 0.3984377828125 0.7390628078125 0.4046877828125 0.7390628078125 0.40625 0.740625615625 0.4109377828125 0.740625615625 0.4125 0.7390628078125 0.425 0.7390628078125 0.4265622171875 0.7375 0.428125565625 0.7375 0.4296877828125 0.7390628078125 0.4359377828125 0.7390628078125 0.4375 0.7375 0.440625565625 0.7375 0.44375 0.734375615625 0.44375 0.7265628078125 0.4453122171875 0.725 0.4453122171875 0.7234371921875 0.44687556562499997 0.7218756156249999 0.4484377828125 0.7218756156249999 0.4484377828125 0.703125615625 0.4 0.703125615625 0.3984377828125 0.7046871921875 0.3640622171875 0.7046871921875 0.3625 0.703125615625 0.3015622171875 0.703125615625 0.3 0.7046871921875 0.2984377828125 0.7046871921875 0.296875565625 0.70625 0.2953122171875 0.70625 0.2921877828125 0.709375615625 0.2890622171875 0.709375615625 0.2875 0.7109371921875 0.2859377828125 0.7109371921875
4 0.0640622171875 0.7640628078125 0.0640622171875 0.8343756156250001 0.1125 0.8343756156250001 0.1125 0.7640628078125 0.0640622171875 0.7640628078125
0 0.5828122171875 0.91875 0.584375565625 0.9171871921875001 0.6 0.9171871921875001 0.6 0.9015628078125 0.4921877828125 0.9015628078125 0.4921877828125 0.91875 0.5828122171875 0.91875
5 0.875 0.7921871921875 0.8765622171875 0.790625615625 0.8828122171875 0.790625615625 0.884375565625 0.7890628078125 0.884375565625 0.7265628078125 0.74375 0.7265628078125 0.74375 0.79375 0.81875 0.79375 0.8203122171875 0.7921871921875 0.8625 0.7921871921875 0.8640622171875 0.790625615625 0.865625565625 0.790625615625 0.8671877828125 0.7921871921875 0.875 0.7921871921875
1 0.709375565625 0.5031256156249999 0.709375565625 0.50625 0.7109377828125 0.5078128078125 0.7109377828125 0.515625615625 0.7125 0.5171871921875 0.7125 0.5390628078125 0.7109377828125 0.540625615625 0.7109377828125 0.5484371921875 0.709375565625 0.55 0.709375565625 0.571875615625 0.7078122171875 0.5734371921875 0.7078122171875 0.578125615625 0.7296877828125 0.578125615625 0.7296877828125 0.221875615625 0.728125565625 0.22031280781249998 0.728125565625 0.190625615625 0.7265622171875 0.1890628078125 0.7265622171875 0.1703128078125 0.725 0.16875 0.725 0.14375 0.7265622171875 0.1421871921875 0.7265622171875 0.1078128078125 0.725 0.10625 0.725 0.090625615625 0.7265622171875 0.0890628078125 0.7265622171875 0.0828128078125 0.7296877828125 0.0796871921875 0.7296877828125 0.0640628078125 0.728125565625 0.065624384375 0.7265622171875 0.065624384375 0.725 0.0640628078125 0.7234377828125 0.0640628078125 0.721875565625 0.0625 0.71875 0.0625 0.7171877828125 0.0609371921875 0.7078122171875 0.0609371921875 0.7046877828125 0.0578128078125 0.703125565625 0.0578128078125 0.703125565625 0.4546871921875 0.7046877828125 0.45625 0.7046877828125 0.4703128078125 0.70625 0.47187561562499997 0.70625 0.49062561562499996 0.7078122171875 0.49218719218749996 0.7078122171875 0.5015628078125001 0.709375565625 0.5031256156249999
1 0.22343778281249999 0.9015628078125 0.225 0.9 0.246875565625 0.9 0.2484377828125 0.8984371921875001 0.2515622171875 0.8984371921875001 0.2515622171875 0.86875 0.196875565625 0.86875 0.1953122171875 0.8703128078125 0.19218778281249999 0.8703128078125 0.190625565625 0.871875615625 0.1875 0.871875615625 0.1859377828125 0.8734371921875 0.1796877828125 0.8734371921875 0.17812556562499998 0.875 0.1703122171875 0.875 0.16875 0.8765628078125 0.1578122171875 0.8765628078125 0.15 0.86875 0.1359377828125 0.86875 0.1359377828125 0.903125615625 0.1953122171875 0.903125615625 0.196875565625 0.9015628078125 0.2109377828125 0.9015628078125 0.2125 0.9 0.21875 0.9 0.2203122171875 0.9015628078125 0.22343778281249999 0.9015628078125
0 0.11875 0.8734371921875 0.11875 0.8984371921875001 0.140625565625 0.8984371921875001 0.140625565625 0.8734371921875 0.11875 0.8734371921875
5 0.5625 0.1046871921875 0.625 0.1046871921875 0.625 0.0765628078125 0.6234377828125 0.075 0.6234377828125 0.071875615625 0.621875565625 0.0703128078125 0.5625 0.0703128078125 0.5625 0.1046871921875
1 0.409375565625 0.8765628078125 0.4078122171875 0.8765628078125 0.4046877828125 0.8796871921875 0.403125565625 0.8796871921875 0.4015622171875 0.88125 0.3984377828125 0.88125 0.396875565625 0.8828128078124999 0.3953122171875 0.8828128078124999 0.39375 0.884375615625 0.3921877828125 0.884375615625 0.390625565625 0.8859371921875001 0.3875 0.8859371921875001 0.3859377828125 0.8875 0.3828122171875 0.8875 0.3765622171875 0.89375 0.3734377828125 0.89375 0.371875565625 0.8953128078124999 0.3703122171875 0.8953128078124999 0.3671877828125 0.8984371921875001 0.365625565625 0.8984371921875001 0.3640622171875 0.9 0.3625 0.9 0.3609377828125 0.9015628078125 0.359375565625 0.9015628078125 0.35625 0.9046871921875 0.3546877828125 0.9046871921875 0.35312556562499997 0.90625 0.3515622171875 0.90625 0.3515622171875 0.9125 0.4015622171875 0.9125 0.403125565625 0.9109371921875 0.4046877828125 0.9109371921875 0.4046877828125 0.909375615625 0.4078122171875 0.90625 0.409375565625 0.90625 0.4125 0.903125615625 0.4125 0.9015628078125 0.421875565625 0.8921871921875001 0.4234377828125 0.8921871921875001 0.425 0.8906256156250001 0.4265622171875 0.8906256156250001 0.4296877828125 0.8875 0.43125 0.8875 0.4328122171875 0.8859371921875001 0.434375565625 0.8859371921875001 0.4359377828125 0.884375615625 0.4359377828125 0.8828128078124999 0.4375 0.88125 0.4390622171875 0.88125 0.4421877828125 0.878125615625 0.44375 0.878125615625 0.44687556562499997 0.875 0.4484377828125 0.875 0.45 0.8734371921875 0.4515622171875 0.8734371921875 0.453125565625 0.871875615625 0.45625 0.871875615625 0.4578122171875 0.8703128078125 0.4578122171875 0.8609371921875001 0.428125565625 0.8609371921875001 0.428125565625 0.8640628078124999 0.4234377828125 0.86875 0.421875565625 0.86875 0.4171877828125 0.8734371921875 0.41562556562499997 0.8734371921875 0.4140622171875 0.875 0.4109377828125 0.875 0.409375565625 0.8765628078125
1 0.778125565625 0.7640628078125 0.7796877828125 0.7625 0.8 0.7625 0.8015622171875 0.7609371921875 0.80625 0.7609371921875 0.8078122171875 0.759375615625 0.809375565625 0.759375615625 0.8109377828125 0.7578128078125 0.8125 0.7578128078125 0.8140622171875 0.75625 0.8171877828125 0.75625 0.81875 0.7546871921875 0.81875 0.728125615625 0.74375 0.728125615625 0.74375 0.765625615625 0.7578122171875 0.765625615625 0.759375565625 0.7640628078125 0.76875 0.7640628078125 0.7703122171875 0.765625615625 0.771875565625 0.765625615625 0.7734377828125 0.7640628078125 0.778125565625 0.7640628078125
2 0.64375 0.25156280781249996 0.64375 0.3234371921875 0.6453122171875 0.325 0.6453122171875 0.34218719218750004 0.64375 0.34375 0.64375 0.521875615625 0.6453122171875 0.5234371921875 0.6453122171875 0.5265628078125 0.646875565625 0.5281256156249999 0.646875565625 0.5296871921874999 0.6484377828125 0.53125 0.6484377828125 0.5359371921875 0.646875565625 0.5375 0.646875565625 0.546875615625 0.6703122171875 0.546875615625 0.6703122171875 0.540625615625 0.66875 0.5390628078125 0.66875 0.5359371921875 0.6671877828125 0.5343756156249999 0.6671877828125 0.5328128078125001 0.665625565625 0.53125 0.665625565625 0.5296871921874999 0.6640622171875 0.5296871921874999 0.6625 0.5281256156249999 0.6625 0.5265628078125 0.6640622171875 0.525 0.665625565625 0.525 0.6703122171875 0.5203128078125 0.6703122171875 0.36093719218750003 0.66875 0.359375615625 0.66875 0.3359371921875 0.6671877828125 0.334375615625 0.6671877828125 0.33125 0.66875 0.32968719218750003 0.66875 0.30625 0.6703122171875 0.3046871921875 0.6703122171875 0.296875615625 0.66875 0.29531280781249997 0.66875 0.29375 0.6671877828125 0.2921871921875 0.6671877828125 0.290625615625 0.665625565625 0.2890628078125 0.665625565625 0.2859371921875 0.6640622171875 0.284375615625 0.6640622171875 0.28125 0.665625565625 0.27968719218750004 0.665625565625 0.2734371921875 0.6640622171875 0.271875615625 0.665625565625 0.2703128078125 0.665625565625 0.26718719218750003 0.6671877828125 0.265625615625 0.6671877828125 0.2609371921875 0.665625565625 0.259375615625 0.665625565625 0.25625 0.6640622171875 0.2546871921875 0.6640622171875 0.253125615625 0.6609377828125 0.25 0.6609377828125 0.24843719218750002 0.659375565625 0.246875615625 0.659375565625 0.240625615625 0.6609377828125 0.23906280781249997 0.6609377828125 0.23125 0.6625 0.22968719218750003 0.6625 0.228125615625 0.6640622171875 0.2265628078125 0.6640622171875 0.22343719218750002 0.665625565625 0.221875615625 0.665625565625 0.184375615625 0.6671877828125 0.1828128078125 0.6671877828125 0.14375 0.66875 0.1421871921875 0.66875 0.1390628078125 0.64375 0.1390628078125 0.64375 0.22343719218750002 0.6453122171875 0.225 0.6453122171875 0.228125615625 0.646875565625 0.22968719218750003 0.646875565625 0.234375615625 0.6453122171875 0.23593719218750003 0.6453122171875 0.25 0.64375 0.25156280781249996
1 0.700847284375 0.6791613296875 0.735626696875 0.703177340625 0.7358552031250001 0.5641847296875 0.7066029406250001 0.5485825125 0.700847284375 0.6791613296875
2 0.322398190625 0.9154347296875001 0.29572285 0.899905171875 0.6688054296875 0.6678706890624999 0.6720316734375 0.064655171875 0.6398472843749999 0.0572302953125 0.64450905 0.641236453125 0.2566979640625 0.886891625 0.2685475109375 0.9195640390625 0.322398190625 0.9154347296875001