0 0.8656256687500001 0.4125 0.8656256687500001 0.4890625 0.998437165625 0.4890625 0.998437165625 0.4125 0.8656256687500001 0.4125
4 0.35 0.5265625 0.35 0.525 0.351562834375 0.5234375 0.351562834375 0.4734375 0.25625 0.4734375 0.25625 0.5265625 0.35 0.5265625
3 0.41093716562499993 0.3953125 0.41093716562499993 0.478125 0.46875 0.478125 0.46875 0.3953125 0.41093716562499993 0.3953125
4 0.285937165625 0.54375 0.285937165625 0.6125 0.304687165625 0.6125 0.30625 0.6109375 0.31875 0.6109375 0.320312834375 0.6125 0.357812834375 0.6125 0.357812834375 0.54375 0.285937165625 0.54375
0 0.304687165625 0.759375 0.304687165625 0.71875 0.28125 0.71875 0.28125 0.7609375 0.30312433125 0.7609375 0.304687165625 0.759375
0 0.47187566875 0.7171875 0.47187566875 0.7921875 0.6515628343750001 0.7921875 0.6515628343750001 0.7171875 0.47187566875 0.7171875
0 0.6671871656249999 0.6765625 0.6671871656249999 0.634375 0.639062834375 0.634375 0.639062834375 0.6796875 0.664062834375 0.6796875 0.6671871656249999 0.6765625
0 0.925 0.234375 0.9265628343750001 0.2359375 0.9343756687500001 0.2359375 0.939062834375 0.23125 0.9406256687500001 0.23125 0.9421871656249999 0.2296875 0.94375 0.2296875 0.945312834375 0.228125 0.9468743312499999 0.228125 0.9468743312499999 0.2265625 0.9484371656249999 0.225 0.9484371656249999 0.221875 0.95 0.2203125 0.95 0.2171875 0.951562834375 0.215625 0.951562834375 0.2140625 0.95 0.2125 0.95 0.2109375 0.9484371656249999 0.209375 0.9484371656249999 0.2015625 0.9468743312499999 0.2 0.9468743312499999 0.1984375 0.94375 0.1953125 0.94375 0.19375 0.9421871656249999 0.1921875 0.9421871656249999 0.1890625 0.9406256687500001 0.1875 0.93125 0.1875 0.929687165625 0.1890625 0.9281256687500001 0.1890625 0.923437165625 0.19375 0.92187566875 0.19375 0.91875 0.196875 0.91875 0.215625 0.925 0.221875 0.925 0.234375
0 0.48593716562499994 0.54375 0.50937566875 0.54375 0.5109371656249999 0.5421875 0.5109371656249999 0.5125 0.5125 0.5109375 0.5125 0.5015625 0.48593716562499994 0.5015625 0.48593716562499994 0.54375
0 0.264062834375 0.271875 0.264062834375 0.3125 0.289062834375 0.3125 0.289062834375 0.271875 0.264062834375 0.271875
2 0.44062566875 0.4296875 0.44375 0.4328125 0.44375 0.434375 0.45312566875 0.44375 0.45625 0.44375 0.45781283437500003 0.4453125 0.45937566875 0.4453125 0.4625 0.4484375 0.4625 0.45 0.46406283437500007 0.4515625 0.46562433125 0.4515625 0.46718716562499996 0.453125 0.47031283437500004 0.453125 0.476562834375 0.459375 0.47812566875 0.459375 0.47968716562499997 0.4609375 0.48125 0.4609375 0.48281283437500006 0.4625 0.48437566875 0.4625 0.48906283437500003 0.4671875 0.49062566875 0.4671875 0.49687433125 0.4734375 0.49843716562499996 0.4734375 0.52187566875 0.496875 0.523437165625 0.496875 0.5265628343750001 0.5 0.52812433125 0.5 0.53437566875 0.50625 0.5359371656249999 0.50625 0.5375 0.5078125 0.5375 0.509375 0.539062834375 0.509375 0.54062566875 0.5109375 0.5421871656249999 0.5109375 0.548437165625 0.5171875 0.55 0.5171875 0.5515628343750001 0.51875 0.55312566875 0.51875 0.554687165625 0.5203125 0.554687165625 0.521875 0.5625 0.5296875 0.5625 0.53125 0.56875 0.5375 0.570312834375 0.5375 0.575 0.5421875 0.576562834375 0.5421875 0.57812566875 0.54375 0.579687165625 0.54375 0.58437566875 0.5484375 0.585937165625 0.5484375 0.5875 0.55 0.5890628343750001 0.55 0.592187165625 0.553125 0.59375 0.553125 0.59687566875 0.55625 0.6 0.55625 0.601562834375 0.5578125 0.60625 0.5578125 0.607812834375 0.559375 0.6140628343750001 0.559375 0.6203128343750001 0.565625 0.6203128343750001 0.5671875 0.62187433125 0.56875 0.62187433125 0.5703125 0.6296871656249999 0.578125 0.63125 0.578125 0.64375 0.590625 0.64375 0.5921875 0.6453128343750001 0.59375 0.6453128343750001 0.5953125 0.65937566875 0.609375 0.6609371656249999 0.609375 0.66875 0.6171875 0.670312834375 0.6171875 0.673437165625 0.6203125 0.673437165625 0.621875 0.675 0.6234375 0.675 0.6328125 0.6765628343750001 0.634375 0.6765628343750001 0.6390625 0.67812433125 0.640625 0.679687165625 0.6390625 0.6828128343750001 0.6390625 0.68437433125 0.6375 0.69687433125 0.6375 0.6984371656249999 0.6390625 0.6984371656249999 0.640625 0.7 0.6421875 0.7 0.6453125 0.70312566875 0.6484375 0.7078128343750001 0.6484375 0.70937566875 0.65 0.7125 0.65 0.71562566875 0.653125 0.717187165625 0.653125 0.726562834375 0.6625 0.72812433125 0.6625 0.7296871656249999 0.6640625 0.7296871656249999 0.665625 0.732812834375 0.66875 0.73437566875 0.66875 0.735937165625 0.6703125 0.735937165625 0.671875 0.7375 0.671875 0.7453128343750001 0.6796875 0.74687566875 0.6796875 0.7546871656249999 0.6875 0.75625 0.6875 0.757812834375 0.6890625 0.757812834375 0.690625 0.75937433125 0.690625 0.7625 0.69375 0.764062834375 0.69375 0.76875 0.6984375 0.7703128343750001 0.6984375 0.775 0.703125 0.7765628343750001 0.703125 0.77812566875 0.7046875 0.779687165625 0.7046875 0.7859371656249999 0.7109375 0.7875 0.7109375 0.7921871656249999 0.715625 0.79375 0.715625 0.795312834375 0.7171875 0.79687566875 0.7171875 0.798437165625 0.71875 0.8 0.71875 0.8015628343750001 0.7203125 0.8015628343750001 0.721875 0.8031256687500001 0.721875 0.804687165625 0.7234375 0.80625 0.7234375 0.8078128343750001 0.725 0.8093756687500001 0.725 0.81875 0.734375 0.81875 0.7359375 0.8218743312499999 0.7390625 0.8234371656249999 0.7390625 0.825 0.740625 0.826562834375 0.740625 0.82812566875 0.7421875 0.83125 0.7421875 0.8328128343750001 0.74375 0.8343756687500001 0.74375 0.8375 0.746875 0.8375 0.7484375 0.8390628343750001 0.75 0.8406256687500001 0.75 0.842187165625 0.7515625 0.842187165625 0.753125 0.84375 0.753125 0.8468756687500001 0.75625 0.8484371656249999 0.75625 0.85 0.7578125 0.85 0.759375 0.851562834375 0.7609375 0.8531243312499999 0.7609375 0.85937566875 0.7671875 0.8625 0.7671875 0.8640628343750001 0.76875 0.8656256687500001 0.76875 0.8703128343750001 0.7734375 0.8718756687500001 0.7734375 0.88125 0.7828125 0.88125 0.784375 0.8875 0.790625 0.8875 0.7921875 0.889062834375 0.7921875 0.8968756687500001 0.8 0.898437165625 0.8 0.9031256687500001 0.8046875 0.904687165625 0.8046875 0.90625 0.80625 0.907812834375 0.80625 0.9125 0.8109375 0.9125 0.8125 0.9156243312499999 0.815625 0.9171871656249999 0.815625 0.91875 0.8171875 0.920312834375 0.8171875 0.9265628343750001 0.8234375 0.9281256687500001 0.8234375 0.93125 0.8265625 0.93125 0.828125 0.9375 0.834375 0.9375 0.8359375 0.951562834375 0.85 0.951562834375 0.8515625 0.95312566875 0.8515625 0.9625 0.8609375 0.9640628343750001 0.8609375 0.970312834375 0.8671875 0.9718756687500001 0.8671875 0.976562834375 0.871875 0.9781243312499999 0.871875 0.9796871656249999 0.8734375 0.9953128343750001 0.8734375 0.9968756687500001 0.871875 0.9968756687500001 0.8421875 0.992187165625 0.8375 0.9906256687500001 0.8375 0.9875 0.834375 0.9875 0.8328125 0.9781243312499999 0.8234375 0.976562834375 0.8234375 0.9734371656249999 0.8203125 0.9718756687500001 0.8203125 0.970312834375 0.81875 0.96875 0.81875 0.967187165625 0.8171875 0.9656256687500001 0.8171875 0.960937165625 0.8125 0.9593756687500001 0.8125 0.951562834375 0.8046875 0.95 0.8046875 0.945312834375 0.8 0.94375 0.8 0.9421871656249999 0.7984375 0.9406256687500001 0.7984375 0.935937165625 0.79375 0.9343756687500001 0.79375 0.9265628343750001 0.7859375 0.925 0.7859375 0.923437165625 0.784375 0.923437165625 0.7828125 0.92187566875 0.78125 0.920312834375 0.78125 0.907812834375 0.76875 0.90625 0.76875 0.904687165625 0.7671875 0.9031256687500001 0.7671875 0.8968756687500001 0.7609375 0.8953128343750001 0.7609375 0.89375 0.759375 0.89375 0.7578125 0.892187165625 0.7578125 0.8843743312499999 0.75 0.882812834375 0.75 0.8796871656249999 0.746875 0.8796871656249999 0.7453125 0.8718756687500001 0.7375 0.8703128343750001 0.7375 0.8640628343750001 0.73125 0.8625 0.73125 0.860937165625 0.7296875 0.85937566875 0.7296875 0.85625 0.7265625 0.85625 0.725 0.8546871656249999 0.7234375 0.8546871656249999 0.721875 0.8531243312499999 0.7203125 0.8531243312499999 0.71875 0.85 0.715625 0.85 0.7140625 0.8468756687500001 0.7109375 0.845312834375 0.7109375 0.84375 0.709375 0.842187165625 0.709375 0.8328128343750001 0.7 0.83125 0.7 0.829687165625 0.6984375 0.826562834375 0.6984375 0.825 0.696875 0.825 0.6953125 0.8234371656249999 0.6953125 0.820312834375 0.6921875 0.81875 0.6921875 0.8156256687500001 0.6890625 0.814062834375 0.6890625 0.8125 0.6875 0.8093756687500001 0.6875 0.8078128343750001 0.6859375 0.80625 0.6859375 0.8031256687500001 0.6828125 0.8015628343750001 0.6828125 0.8 0.68125 0.79687566875 0.68125 0.795312834375 0.6796875 0.79375 0.6796875 0.7921871656249999 0.678125 0.7921871656249999 0.6765625 0.79062433125 0.675 0.789062834375 0.675 0.77812566875 0.6640625 0.7765628343750001 0.6640625 0.77187566875 0.659375 0.7703128343750001 0.659375 0.767187165625 0.65625 0.76562566875 0.65625 0.75937433125 0.65 0.757812834375 0.65 0.75312566875 0.6453125 0.751562834375 0.6453125 0.75 0.64375 0.748437165625 0.64375 0.74687566875 0.6421875 0.7453128343750001 0.6421875 0.74062566875 0.6375 0.7390628343750001 0.6375 0.732812834375 0.63125 0.7296871656249999 0.63125 0.72812433125 0.6296875 0.726562834375 0.6296875 0.72187566875 0.625 0.720312834375 0.625 0.71875 0.6234375 0.717187165625 0.6234375 0.710937165625 0.6171875 0.710937165625 0.615625 0.69687433125 0.6015625 0.695312834375 0.6015625 0.69375 0.6 0.6921871656249999 0.6 0.69062566875 0.5984375 0.689062834375 0.5984375 0.6828128343750001 0.5921875 0.68125 0.5921875 0.679687165625 0.590625 0.679687165625 0.5890625 0.67812433125 0.5875 0.6765628343750001 0.5875 0.67187566875 0.5828125 0.67187566875 0.58125 0.670312834375 0.58125 0.6671871656249999 0.578125 0.6671871656249999 0.5765625 0.66562566875 0.575 0.664062834375 0.575 0.6609371656249999 0.571875 0.6609371656249999 0.5703125 0.65937566875 0.56875 0.657812834375 0.56875 0.6515628343750001 0.5625 0.6515628343750001 0.5609375 0.648437165625 0.5578125 0.648437165625 0.55625 0.64687433125 0.5546875 0.64375 0.5546875 0.642187165625 0.55625 0.632812834375 0.55625 0.63125 0.5546875 0.6296871656249999 0.5546875 0.62187433125 0.546875 0.62187433125 0.54375 0.6203128343750001 0.5421875 0.6203128343750001 0.540625 0.617187165625 0.5375 0.61562433125 0.5375 0.6140628343750001 0.5359375 0.610937165625 0.5359375 0.60937566875 0.534375 0.607812834375 0.534375 0.60312566875 0.5296875 0.601562834375 0.5296875 0.6 0.528125 0.6 0.5265625 0.5984371656249999 0.525 0.5984371656249999 0.5234375 0.59687566875 0.521875 0.59687566875 0.51875 0.595312834375 0.5171875 0.59375 0.5171875 0.592187165625 0.515625 0.59062433125 0.515625 0.5890628343750001 0.5140625 0.5875 0.5140625 0.585937165625 0.5125 0.58125 0.5125 0.579687165625 0.5109375 0.57812566875 0.5109375 0.5734371656249999 0.50625 0.57187566875 0.50625 0.564062834375 0.4984375 0.5625 0.4984375 0.560937165625 0.496875 0.560937165625 0.4953125 0.55937433125 0.4953125 0.55625 0.4921875 0.554687165625 0.4921875 0.55 0.4875 0.548437165625 0.4875 0.54375 0.4828125 0.5421871656249999 0.4828125 0.53437566875 0.475 0.532812834375 0.475 0.52812433125 0.4703125 0.5265628343750001 0.4703125 0.5203128343750001 0.4640625 0.51875 0.4640625 0.517187165625 0.4625 0.51562566875 0.4625 0.514062834375 0.4609375 0.5125 0.4609375 0.507812834375 0.45625 0.50625 0.45625 0.501562834375 0.4515625 0.5 0.4515625 0.49531283437500007 0.446875 0.49375 0.446875 0.49062566875 0.44375 0.48906283437500003 0.44375 0.48593716562499994 0.440625 0.48593716562499994 0.4390625 0.48437566875 0.4390625 0.48281283437500006 0.4375 0.47812566875 0.4375 0.46875 0.428125 0.46875 0.425 0.46718716562499996 0.4234375 0.46718716562499996 0.41875 0.46562433125 0.4171875 0.46562433125 0.4140625 0.45781283437500003 0.40625 0.45625 0.40625 0.45468716562499994 0.4046875 0.45 0.4046875 0.44843716562499997 0.403125 0.44218716562499993 0.403125 0.44062566875 0.4015625 0.43281283437500007 0.4015625 0.43125 0.4 0.425 0.4 0.425 0.4296875 0.42812566875 0.4265625 0.429687165625 0.4265625 0.43125 0.425 0.43437433125 0.425 0.43906283437500004 0.4296875 0.44062566875 0.4296875
5 0.86875 0.4875 0.86875 0.5203125 0.98437566875 0.5203125 0.98437566875 0.4875 0.86875 0.4875
5 0.28125 0.7875 0.28125 0.8265625 0.392187165625 0.8265625 0.392187165625 0.7875 0.28125 0.7875
5 0.26562566875 0.3296875 0.26562566875 0.3796875 0.38437566875 0.3796875 0.38437566875 0.3296875 0.26562566875 0.3296875
5 0.34375 0.3890625 0.34375 0.3875 0.342187165625 0.3875 0.34062566875 0.3859375 0.31562433125 0.3859375 0.314062834375 0.384375 0.09687433125 0.384375 0.09687433125 0.421875 0.345312834375 0.421875 0.345312834375 0.4203125 0.34687433125 0.41875 0.34687433125 0.3953125 0.345312834375 0.39375 0.345312834375 0.390625 0.34375 0.3890625
1 0.77812566875 0.3953125 0.7765628343750001 0.3953125 0.7703128343750001 0.4015625 0.76875 0.4015625 0.764062834375 0.40625 0.75937433125 0.40625 0.75625 0.409375 0.7546871656249999 0.409375 0.751562834375 0.4125 0.75 0.4125 0.748437165625 0.4140625 0.74687566875 0.4140625 0.7375 0.4234375 0.7375 0.425 0.73437566875 0.428125 0.73437566875 0.4296875 0.73125 0.4328125 0.73125 0.434375 0.725 0.440625 0.7234371656249999 0.440625 0.72187566875 0.4421875 0.720312834375 0.4421875 0.71875 0.44375 0.7140628343750001 0.44375 0.710937165625 0.446875 0.70937566875 0.446875 0.70937566875 0.4484375 0.7078128343750001 0.45 0.7078128343750001 0.4515625 0.70312566875 0.45625 0.701562834375 0.45625 0.7 0.4578125 0.6984371656249999 0.4578125 0.69687433125 0.459375 0.695312834375 0.459375 0.6921871656249999 0.4625 0.69062566875 0.4625 0.689062834375 0.4640625 0.6875 0.4640625 0.685937165625 0.465625 0.68437433125 0.465625 0.6828128343750001 0.4671875 0.68125 0.4671875 0.679687165625 0.46875 0.67187566875 0.46875 0.670312834375 0.4703125 0.66562566875 0.4703125 0.664062834375 0.471875 0.6625 0.471875 0.6609371656249999 0.4734375 0.65937566875 0.4734375 0.657812834375 0.475 0.65312433125 0.475 0.6515628343750001 0.4765625 0.65 0.4765625 0.65 0.478125 0.648437165625 0.4796875 0.648437165625 0.49375 0.65 0.4953125 0.65 0.50625 0.648437165625 0.5078125 0.648437165625 0.51875 0.65625 0.51875 0.657812834375 0.5203125 0.68125 0.5203125 0.68125 0.5140625 0.6828128343750001 0.5125 0.6828128343750001 0.509375 0.68437433125 0.5078125 0.68437433125 0.50625 0.6875 0.503125 0.6875 0.5015625 0.689062834375 0.5 0.69062566875 0.5 0.69375 0.496875 0.695312834375 0.496875 0.69687433125 0.4953125 0.69687433125 0.49375 0.704687165625 0.4859375 0.70625 0.4859375 0.7078128343750001 0.484375 0.70937566875 0.484375 0.72187566875 0.471875 0.72187566875 0.4703125 0.725 0.4671875 0.726562834375 0.4671875 0.7296871656249999 0.4640625 0.7296871656249999 0.4625 0.73125 0.4609375 0.732812834375 0.4609375 0.7390628343750001 0.4546875 0.74062566875 0.4546875 0.74687566875 0.4484375 0.748437165625 0.4484375 0.75937433125 0.4375 0.7609371656249999 0.4375 0.7625 0.4359375 0.764062834375 0.4359375 0.76562566875 0.434375 0.767187165625 0.434375 0.76875 0.4328125 0.7703128343750001 0.4328125 0.77187566875 0.43125 0.773437165625 0.43125 0.775 0.4296875 0.77812566875 0.4296875 0.779687165625 0.428125 0.78125 0.428125 0.782812834375 0.4265625 0.78437566875 0.4265625 0.7875 0.4234375 0.789062834375 0.4234375 0.79062433125 0.421875 0.7921871656249999 0.421875 0.7921871656249999 0.4203125 0.804687165625 0.4078125 0.804687165625 0.40625 0.814062834375 0.396875 0.814062834375 0.3953125 0.8171871656249999 0.3921875 0.8171871656249999 0.390625 0.81875 0.3890625 0.81875 0.38125 0.8171871656249999 0.3796875 0.8171871656249999 0.3765625 0.8125 0.371875 0.798437165625 0.371875 0.798437165625 0.3734375 0.79687566875 0.375 0.79687566875 0.3765625 0.7859371656249999 0.3875 0.7859371656249999 0.3890625 0.782812834375 0.3921875 0.78125 0.3921875 0.77812566875 0.3953125
5 0.475 0.7921875 0.475 0.825 0.5890628343750001 0.825 0.5890628343750001 0.7921875 0.475 0.7921875
1 0.348437165625 0.6171875 0.348437165625 0.6203125 0.34687433125 0.621875 0.34687433125 0.625 0.345312834375 0.6265625 0.345312834375 0.6484375 0.34375 0.65 0.34375 0.7125 0.351562834375 0.7125 0.35312566875 0.7109375 0.35625 0.7109375 0.357812834375 0.709375 0.35937566875 0.709375 0.3625 0.70625 0.3625 0.7046875 0.364062834375 0.703125 0.36562566875 0.703125 0.36562566875 0.7015625 0.367187165625 0.7 0.367187165625 0.696875 0.36875 0.6953125 0.36875 0.69375 0.370312834375 0.6921875 0.370312834375 0.6890625 0.37187433125 0.6875 0.37187433125 0.68125 0.370312834375 0.6796875 0.370312834375 0.6546875 0.37187433125 0.653125 0.37187433125 0.6515625 0.370312834375 0.65 0.370312834375 0.628125 0.37187433125 0.6265625 0.37187433125 0.6125 0.370312834375 0.6109375 0.370312834375 0.609375 0.36875 0.6078125 0.36875 0.603125 0.367187165625 0.6015625 0.367187165625 0.5890625 0.351562834375 0.5890625 0.351562834375 0.590625 0.35312566875 0.5921875 0.35312566875 0.603125 0.351562834375 0.6046875 0.351562834375 0.6078125 0.35 0.609375 0.35 0.615625 0.348437165625 0.6171875
1 0.66562566875 0.4015625 0.670312834375 0.396875 0.670312834375 0.3625 0.5375 0.3625 0.5375 0.4 0.54375 0.4 0.545312834375 0.4015625 0.5578128343750001 0.4015625 0.55937433125 0.4 0.56562566875 0.4 0.5671871656249999 0.4015625 0.66562566875 0.4015625
5 0.6765628343750001 0.7765625 0.8078128343750001 0.7765625 0.8078128343750001 0.74375 0.80625 0.7421875 0.80625 0.7390625 0.8031256687500001 0.7359375 0.6765628343750001 0.7359375 0.6765628343750001 0.7765625
4 0.925 0.7203125 0.929687165625 0.725 0.929687165625 0.7265625 0.9328128343750001 0.7296875 0.998437165625 0.7296875 0.998437165625 0.65625 0.925 0.65625 0.925 0.7203125
1 0.5625 0.5703125 0.5578128343750001 0.575 0.55625 0.575 0.554687165625 0.5765625 0.55312566875 0.5765625 0.55 0.5796875 0.548437165625 0.5796875 0.54687566875 0.58125 0.545312834375 0.58125 0.54375 0.5828125 0.5421871656249999 0.5828125 0.539062834375 0.5859375 0.5375 0.5859375 0.53437566875 0.5890625 0.532812834375 0.5890625 0.5265628343750001 0.5953125 0.525 0.5953125 0.525 0.596875 0.52187566875 0.6 0.5203128343750001 0.6 0.507812834375 0.6125 0.50625 0.6125 0.492187165625 0.6265625 0.492187165625 0.628125 0.49062566875 0.6296875 0.48906283437500003 0.6296875 0.48593716562499994 0.6328125 0.48437566875 0.6328125 0.47343716562499993 0.64375 0.47187566875 0.64375 0.45312566875 0.6625 0.45156283437500006 0.6625 0.45 0.6640625 0.44687566875 0.6640625 0.445312834375 0.665625 0.445312834375 0.6859375 0.44687566875 0.6859375 0.44843716562499997 0.6875 0.460937165625 0.6875 0.4625 0.6859375 0.4625 0.684375 0.48125 0.665625 0.48281283437500006 0.665625 0.49531283437500007 0.653125 0.49687433125 0.653125 0.514062834375 0.6359375 0.51562566875 0.6359375 0.52187566875 0.6296875 0.523437165625 0.6296875 0.5265628343750001 0.6265625 0.52812433125 0.6265625 0.5359371656249999 0.61875 0.5375 0.61875 0.545312834375 0.6109375 0.54687566875 0.6109375 0.55312566875 0.6046875 0.554687165625 0.6046875 0.55625 0.603125 0.55625 0.6015625 0.5578128343750001 0.6 0.55937433125 0.6 0.5625 0.596875 0.564062834375 0.596875 0.5671871656249999 0.59375 0.5671871656249999 0.5921875 0.570312834375 0.5890625 0.57187566875 0.5890625 0.576562834375 0.584375 0.57812566875 0.584375 0.57812566875 0.5796875 0.579687165625 0.578125 0.579687165625 0.5765625 0.58437566875 0.571875 0.585937165625 0.571875 0.5890628343750001 0.56875 0.5890628343750001 0.5625 0.585937165625 0.5625 0.58437566875 0.5609375 0.579687165625 0.5609375 0.57812566875 0.5625 0.575 0.5625 0.5734371656249999 0.5640625 0.57187566875 0.5640625 0.5671871656249999 0.56875 0.56562566875 0.56875 0.564062834375 0.5703125 0.5625 0.5703125
3 0.40312433125 0.5765625 0.40312433125 0.6609375 0.46406283437500007 0.6609375 0.46406283437500007 0.5765625 0.40312433125 0.5765625
1 0.8343756687500001 0.6921875 0.8375 0.6953125 0.8375 0.696875 0.857812834375 0.7171875 0.857812834375 0.71875 0.8625 0.7234375 0.8640628343750001 0.7234375 0.8718756687500001 0.73125 0.873437165625 0.73125 0.875 0.7328125 0.875 0.734375 0.876562834375 0.734375 0.8875 0.7453125 0.8875 0.746875 0.889062834375 0.7484375 0.89062566875 0.7484375 0.8968756687500001 0.7546875 0.898437165625 0.7546875 0.92187566875 0.778125 0.923437165625 0.778125 0.935937165625 0.790625 0.9375 0.790625 0.939062834375 0.7921875 0.9406256687500001 0.7921875 0.94375 0.7953125 0.94375 0.796875 0.945312834375 0.7984375 0.9468743312499999 0.7984375 0.9593756687500001 0.8109375 0.960937165625 0.8109375 0.9656256687500001 0.815625 0.967187165625 0.815625 0.96875 0.8171875 0.970312834375 0.8171875 0.976562834375 0.8234375 0.9781243312499999 0.8234375 0.98125 0.8265625 0.98125 0.828125 0.982812834375 0.8296875 0.982812834375 0.83125 0.985937165625 0.834375 0.9875 0.834375 0.9906256687500001 0.8375 0.992187165625 0.8375 0.99375 0.8390625 0.998437165625 0.8390625 0.998437165625 0.7890625 0.9953128343750001 0.7890625 0.99375 0.7875 0.9906256687500001 0.7875 0.9796871656249999 0.7765625 0.9781243312499999 0.7765625 0.9734371656249999 0.771875 0.9718756687500001 0.771875 0.970312834375 0.7703125 0.96875 0.7703125 0.967187165625 0.76875 0.9640628343750001 0.76875 0.9578128343750001 0.7625 0.95625 0.7625 0.954687165625 0.7609375 0.95312566875 0.7609375 0.9468743312499999 0.7546875 0.945312834375 0.7546875 0.9343756687500001 0.74375 0.9328128343750001 0.74375 0.9281256687500001 0.7390625 0.9265628343750001 0.7390625 0.925 0.7375 0.923437165625 0.7375 0.9171871656249999 0.73125 0.9156243312499999 0.73125 0.9093756687500001 0.725 0.907812834375 0.725 0.9015628343750001 0.71875 0.9 0.71875 0.89375 0.7125 0.892187165625 0.7125 0.8843743312499999 0.7046875 0.882812834375 0.7046875 0.8718756687500001 0.69375 0.86875 0.69375 0.867187165625 0.6921875 0.8656256687500001 0.6921875 0.8640628343750001 0.690625 0.8625 0.690625 0.8531243312499999 0.68125 0.8531243312499999 0.6796875 0.85 0.6765625 0.85 0.675 0.845312834375 0.6703125 0.84375 0.6703125 0.842187165625 0.66875 0.8406256687500001 0.66875 0.8390628343750001 0.6671875 0.8375 0.6671875 0.8343756687500001 0.6640625 0.8328128343750001 0.6640625 0.83125 0.6625 0.829687165625 0.6625 0.82812566875 0.6609375 0.826562834375 0.6609375 0.8234371656249999 0.6578125 0.8218743312499999 0.6578125 0.814062834375 0.65 0.8125 0.65 0.8125 0.6734375 0.814062834375 0.6734375 0.8234371656249999 0.6828125 0.8234371656249999 0.684375 0.825 0.6859375 0.826562834375 0.6859375 0.8328128343750001 0.6921875 0.8343756687500001 0.6921875
4 0.84375 0.4703125 0.7546871656249999 0.4703125 0.7546871656249999 0.5203125 0.7609371656249999 0.5203125 0.7625 0.521875 0.775 0.521875 0.7765628343750001 0.5234375 0.8406256687500001 0.5234375 0.84375 0.5203125 0.84375 0.4703125