0 0.27497733125 0.5468050171875001 0.232825446875 0.55728213125 0.23912779843749998 0.5837915265625 0.28127968124999997 0.5733144125 0.27497733125 0.5468050171875001
4 0.6279923078125 0.640723215625 0.5265154953125 0.6659459125 0.5454222734374999 0.74547295625 0.6468990859375 0.720250259375 0.6279923078125 0.640723215625
0 0.92887749375 0.8978841624999999 0.9269451453125 0.8967122234374999 0.9262039171875 0.8935944171875001 0.927394490625 0.891646253125 0.9229460296875001 0.8729348171875 0.8885999390625001 0.881471753125 0.89601413125 0.9126578625 0.9303602234374999 0.9041209265625 0.92887749375 0.8978841624999999
0 0.135328821875 0.6409693421875 0.133767359375 0.641357453125 0.13183501250000002 0.6401855140625 0.0943675109375 0.6494982953124999 0.10066986250000001 0.6760076921875 0.141260284375 0.6659186890625 0.135328821875 0.6409693421875
0 0.52850998125 0.5630588375000001 0.48791955781249996 0.5731478390625 0.4942219078125 0.5996572359375001 0.5348123296875 0.5895682343749999 0.52850998125 0.5630588375000001
0 0.7942288421875 0.8322626390625001 0.7520769578125 0.8427397531249999 0.758749921875 0.8708080546874999 0.80090180625 0.8603309390625 0.7942288421875 0.8322626390625001
1 0.060615123437499994 0.697117365625 0.0474213671875 0.6416208421875 0.012624823437499998 0.650269740625 0.0258185796875 0.7057662640625 0.060615123437499994 0.697117365625
2 0.9759355203125001 0.84449758125 0.7742988359375 0.8905556890625 0.41870009374999995 0.602636425 0.148419971875 0.6756914015625 0.1226638234375 0.74666900625 0.1555481859375 0.7494511828125 0.174868278125 0.69150168125 0.413627184375 0.632098346875 0.7583534625 0.91561055 0.9751591140625001 0.8711809328125 0.9759355203125001 0.84449758125
1 0.3857357625 0.6973670609375 0.4000399640625 0.669577228125 0.153823559375 0.727954903125 0.158728540625 0.748822265625 0.3857357625 0.6973670609375
1 0.740406396875 0.9592512984375 0.399475715625 0.6689411671875 0.3857355953125 0.6988006609374999 0.705196153125 0.968003025 0.740406396875 0.9592512984375
1 0.7535263046875 0.9244434640625 0.6606812453125 0.8497349625 0.6457338625 0.871351490625 0.738954459375 0.9525889624999999 0.7535263046875 0.9244434640625
1 0.646193571875 0.8713660046875 0.659843209375 0.8455769796875 0.503156546875 0.7128124515625001 0.48793090625 0.7383493156250001 0.4927324140625 0.743738090625 0.646193571875 0.8713660046875
1 0.041268925 0.7592193296875 0.083205534375 0.7487864171874999 0.09884105625 0.6937354234375 0.0635133359375 0.697517115625 0.041268925 0.7592193296875
0 0.46550133281250006 0.977995328125 0.4203976671875 0.788277059375 0.34424433125 0.8072054468750001 0.3893479984375 0.9969237140624999 0.46550133281250006 0.977995328125
5 0.497157709375 0.9639492703125001 0.46912847500000004 0.8460507046875 0.4307646078125 0.8555862843750001 0.458793840625 0.9734848515625 0.497157709375 0.9639492703125001
5 0.7598727765625 0.72045114375 0.7306872484375 0.5976888890625001 0.6948477171875 0.6065970296875001 0.72403324375 0.7293592828125 0.7598727765625 0.72045114375
5 0.83398999375 0.8505297484375 0.8041090546874999 0.7248424 0.770234575 0.7332621125000001 0.800115515625 0.8589494625 0.83398999375 0.8505297484375
5 0.2625492046875 1 0.38200398281250003 0.9703087671875 0.32507011406249997 0.7308294578125001 0.170511190625 0.76924604375 0.2253706921875 1 0.2625492046875 1
5 0.2125554796875 1 0.1565920203125 0.7646024890625001 0.1132701765625 0.7753704031249999 0.16667366875 1 0.2125554796875 1
5 0.1750805453125 0.653856875 0.1472094859375 0.5366236265625 0.11082578750000001 0.545667021875 0.13869684843750002 0.662900271875 0.1750805453125 0.653856875
0 0.44893160312499997 0.591068140625 0.44291287187500006 0.5657517234375 0.3971724984375 0.5771207781250001 0.40319122968750004 0.6024371953125 0.44893160312499997 0.591068140625
0 0.728841828125 0.7318755375 0.6833072796875 0.5403448578125001 0.6096782796875 0.55864580625 0.655212828125 0.7501764859375 0.728841828125 0.7318755375
3 0.2684885359375 0.7199638171875 0.2502905328125 0.6434180765625 0.1116938796875 0.6778671421875 0.12989188437500002 0.7544128812500001 0.2684885359375 0.7199638171875
3 0.4818323203125 0.6652168296875 0.464384275 0.5918256046875 0.32967237968749996 0.6253090875 0.347120425 0.6987003125 0.4818323203125 0.6652168296875
3 0.85755463125 0.9065525437499999 0.8367522390625 0.8190520328125 0.6945277984375 0.8544028078125001 0.715330190625 0.9419033171875 0.85755463125 0.9065525437499999