5 0.57187531875 0.639062275 0.57187531875 0.7937497 0.89687531875 0.7937497 0.89687531875 0.639062275 0.57187531875 0.639062275
4 0.4921870234375 0.5359377249999999 0.49687531875 0.5312503000000001 0.49843765937500006 0.5312503000000001 0.5 0.529687425 0.5 0.426562875 0.3937493640625 0.426562875 0.3937493640625 0.5375005984375 0.43593765937500006 0.5375005984375 0.4375 0.5359377249999999 0.4687506359375 0.5359377249999999 0.47031297656250004 0.5375005984375 0.48593765937500005 0.5375005984375 0.4875 0.5359377249999999 0.4921870234375 0.5359377249999999
4 0.023437659375 0.298437125 0.023437659375 0.3812503 0.10312468125 0.3812503 0.10312468125 0.3312503 0.101562340625 0.32968742500000003 0.101562340625 0.314062275 0.10312468125 0.3125005984375 0.10312468125 0.298437125 0.023437659375 0.298437125
0 0.0546870234375 0.20937484999999997 0.0546870234375 0.173437125 0.025 0.173437125 0.025 0.21093772500000002 0.05312468125000001 0.21093772500000002 0.0546870234375 0.20937484999999997
4 0.25 0.4781245515625 0.326562340625 0.4781245515625 0.32812468125 0.47656287500000005 0.3328129765625 0.47656287500000005 0.33437531875 0.475 0.34062468125 0.475 0.3421870234375 0.47343712499999996 0.3453129765625 0.47343712499999996 0.348437659375 0.470312575 0.348437659375 0.3875005984375 0.34687531875 0.385937725 0.34687531875 0.38437485 0.3453129765625 0.3828119765625 0.26562468125 0.3828119765625 0.26562468125 0.38437485 0.2578129765625 0.39218802343750003 0.25625063593749997 0.39218802343750003 0.2546870234375 0.3937497 0.2546870234375 0.395312575 0.251562340625 0.398437125 0.25 0.398437125 0.25 0.4781245515625
4 0.1 0.0421880234375 0.1 0.11406227499999999 0.1812493640625 0.11406227499999999 0.1812493640625 0.0421880234375 0.1 0.0421880234375
0 0.01562468125 0.620312575 0.01562468125 0.6593748500000001 0.0453129765625 0.6593748500000001 0.0453129765625 0.620312575 0.01562468125 0.620312575
0 0.076562340625 0.55 0.076562340625 0.5890622750000001 0.10937531874999999 0.5890622750000001 0.10937531874999999 0.55 0.076562340625 0.55
5 0.018749364062500003 0.648437125 0.018749364062500003 0.7156251499999999 0.1671870234375 0.7156251499999999 0.1671870234375 0.648437125 0.0375 0.648437125 0.035937659375 0.65 0.02187531875 0.65 0.0203129765625 0.648437125 0.018749364062500003 0.648437125
5 0.0062493640625 0.795312575 0.0062493640625 0.829687425 0.175 0.829687425 0.175 0.795312575 0.0062493640625 0.795312575
3 0.52187531875 0.648437125 0.52187531875 0.7 0.55937531875 0.7 0.55937531875 0.648437125 0.52187531875 0.648437125
1 0 0.404687425 0.0015623406249999998 0.404687425 0.0031246812499999997 0.4031245515625 0.010937659375 0.4031245515625 0.0125 0.404687425 0.01562468125 0.404687425 0.0203129765625 0.40937485 0.02187531875 0.40937485 0.023437659375 0.410937725 0.026562340625000003 0.410937725 0.02812468125 0.4125005984375 0.029687023437499998 0.4125005984375 0.0312506359375 0.41406227500000004 0.0328129765625 0.41406227500000004 0.03437531875 0.41562515 0.035937659375 0.41562515 0.0375 0.4171880234375 0.039062340625000004 0.4171880234375 0.04062468125 0.41874969999999995 0.0421870234375 0.41874969999999995 0.0453129765625 0.4218754484375 0.04687531875 0.4218754484375 0.048437659375 0.42343712499999997 0.051562340625 0.42343712499999997 0.05312468125000001 0.425 0.0546870234375 0.425 0.0562506359375 0.426562875 0.05781297656249999 0.426562875 0.06562468125000001 0.43437485000000003 0.06718702343750001 0.43437485000000003 0.0687493640625 0.43593772499999994 0.07187531875 0.43593772499999994 0.07343765937499999 0.4375005984375 0.075 0.4375005984375 0.08437531875 0.44687544843750004 0.085937659375 0.44687544843750004 0.089062340625 0.45 0.09062468125 0.45 0.0921870234375 0.45156287500000003 0.09375063593750001 0.45156287500000003 0.0953129765625 0.4531245515625 0.09687531875 0.4531245515625 0.098437659375 0.45468742500000003 0.101562340625 0.45468742500000003 0.10312468125 0.45625030000000005 0.1046870234375 0.45625030000000005 0.10937531874999999 0.46093772499999996 0.110937659375 0.46093772499999996 0.1125 0.4625005984375 0.11406234062500001 0.4625005984375 0.11718702343750001 0.46562515 0.1187493640625 0.46562515 0.12031297656249999 0.4671880234375 0.12187531874999999 0.4671880234375 0.123437659375 0.46874969999999994 0.125 0.46874969999999994 0.126562340625 0.470312575 0.12812468125 0.470312575 0.1296870234375 0.4718754484375 0.1312506359375 0.4718754484375 0.1328129765625 0.47343712499999996 0.13437531875 0.47343712499999996 0.135937659375 0.475 0.1375 0.475 0.139062340625 0.47656287500000005 0.14062468125 0.47656287500000005 0.1421870234375 0.4781245515625 0.1453129765625 0.4781245515625 0.14687531874999998 0.479687425 0.151562340625 0.479687425 0.15312468125 0.4812503 0.1562493640625 0.4812503 0.15781297656249998 0.48281197656249997 0.160937659375 0.48281197656249997 0.1625 0.48437485 0.164062340625 0.48437485 0.16562468125000002 0.485937725 0.1671870234375 0.485937725 0.1703129765625 0.48906227500000005 0.17187531875 0.48906227500000005 0.175 0.4921880234375 0.176562340625 0.4921880234375 0.1875 0.5031245515625 0.1875 0.504687425 0.189062340625 0.5062503 0.189062340625 0.5078119765625 0.19062468125 0.50937485 0.1937506359375 0.50937485 0.1953129765625 0.510937725 0.20937531874999998 0.510937725 0.210937659375 0.50937485 0.2187506359375 0.50937485 0.22031297656249998 0.5078119765625 0.22187531875 0.50937485 0.22187531875 0.48437485 0.22031297656249998 0.48437485 0.2187506359375 0.48281197656249997 0.21718702343750002 0.48281197656249997 0.21562468125 0.4812503 0.214062340625 0.4812503 0.2125 0.479687425 0.210937659375 0.479687425 0.2078129765625 0.47656287500000005 0.2062493640625 0.47656287500000005 0.2046870234375 0.475 0.201562340625 0.475 0.2 0.47343712499999996 0.198437659375 0.47343712499999996 0.1953129765625 0.470312575 0.1937506359375 0.470312575 0.1921870234375 0.46874969999999994 0.189062340625 0.46874969999999994 0.1875 0.4671880234375 0.185937659375 0.4671880234375 0.1828129765625 0.464062275 0.1812493640625 0.464062275 0.1796870234375 0.4625005984375 0.17812468125 0.4625005984375 0.176562340625 0.46093772499999996 0.175 0.46093772499999996 0.17187531875 0.4578119765625 0.1703129765625 0.4578119765625 0.1687506359375 0.45625030000000005 0.16562468125000002 0.45625030000000005 0.164062340625 0.45468742500000003 0.1625 0.45468742500000003 0.160937659375 0.4531245515625 0.15937531875 0.4531245515625 0.15781297656249998 0.45156287500000003 0.1562493640625 0.45156287500000003 0.15468702343750002 0.45 0.151562340625 0.45 0.15 0.448437125 0.148437659375 0.448437125 0.1453129765625 0.445312575 0.14375063593749998 0.445312575 0.13437531875 0.43593772499999994 0.13437531875 0.43437485000000003 0.1328129765625 0.4328119765625 0.1312506359375 0.4328119765625 0.126562340625 0.42812455156249996 0.125 0.42812455156249996 0.12187531874999999 0.425 0.11718702343750001 0.425 0.11562468125 0.42343712499999997 0.10937531874999999 0.42343712499999997 0.1078129765625 0.4218754484375 0.1046870234375 0.4218754484375 0.10312468125 0.42031257499999997 0.098437659375 0.42031257499999997 0.09687531875 0.41874969999999995 0.09062468125 0.41874969999999995 0.089062340625 0.4171880234375 0.0875 0.4171880234375 0.08437531875 0.41406227500000004 0.0828129765625 0.41406227500000004 0.08125063593750001 0.4125005984375 0.07812468125000001 0.4125005984375 0.076562340625 0.410937725 0.07187531875 0.410937725 0.07031297656249999 0.40937485 0.0687493640625 0.40937485 0.06718702343750001 0.4078119765625 0.064062340625 0.4078119765625 0.0625 0.40625030000000006 0.059375318749999996 0.40625030000000006 0.0546870234375 0.40156287500000004 0.05312468125000001 0.40156287500000004 0.051562340625 0.4 0.05 0.4 0.04687531875 0.3968754484375 0.0453129765625 0.3968754484375 0.043749364062500004 0.395312575 0.0421870234375 0.395312575 0.04062468125 0.3937497 0.0375 0.3937497 0.035937659375 0.39218802343750003 0.03437531875 0.39218802343750003 0.0312506359375 0.389062275 0.02812468125 0.389062275 0.026562340625000003 0.3875005984375 0.025 0.3875005984375 0.023437659375 0.385937725 0.02187531875 0.385937725 0.017187023437499997 0.3812503 0.01562468125 0.3812503 0.014062340625 0.379687425 0.0125 0.379687425 0.00937531875 0.37656287499999996 0 0.37656287499999996 0 0.404687425
1 0.48437531875 0.698437125 0.48281297656250005 0.7 0.4812506359375 0.7 0.47812468125 0.7031245515625 0.47656234062499997 0.7031245515625 0.47343765937500004 0.7062503 0.47187531875 0.7062503 0.46406234062499996 0.7140622750000001 0.46093765937500003 0.7140622750000001 0.45937531875 0.7156251499999999 0.45781297656250003 0.7156251499999999 0.45312468125 0.720312575 0.45312468125 0.7218754484375001 0.4453129765625 0.7296874250000001 0.44218702343749994 0.7296874250000001 0.44062468125 0.7312503 0.4375 0.7312503 0.426562340625 0.7421880234375 0.425 0.7421880234375 0.42343765937500005 0.7437497 0.4187506359375 0.7437497 0.41718702343749997 0.745312575 0.41406234062499997 0.745312575 0.4125 0.7468754484375 0.41093765937500004 0.7468754484375 0.40937531875 0.7484371249999999 0.40781297656250004 0.7484371249999999 0.4062506359375 0.75 0.40312468125 0.75 0.40156234062499996 0.7515628750000001 0.4 0.7515628750000001 0.39687531875 0.754687425 0.3953129765625 0.754687425 0.3937493640625 0.7562503 0.3921870234375 0.7562503 0.39062468125 0.7578119765625 0.389062340625 0.7578119765625 0.38437531875 0.7625005984375 0.3828129765625 0.7625005984375 0.3812493640625 0.764062275 0.3796870234375 0.764062275 0.3796870234375 0.7718754484375 0.376562340625 0.775 0.375 0.775 0.373437659375 0.776562875 0.36562468125 0.776562875 0.364062340625 0.7781245515624999 0.3625 0.7781245515624999 0.360937659375 0.779687425 0.3546870234375 0.779687425 0.35312468125 0.7812503000000001 0.35 0.7812503000000001 0.348437659375 0.7828119765625 0.34687531875 0.7828119765625 0.3453129765625 0.7843748500000001 0.3437506359375 0.7843748500000001 0.3421870234375 0.7859377249999999 0.34062468125 0.7859377249999999 0.339062340625 0.7875005984375 0.335937659375 0.7875005984375 0.33437531875 0.789062275 0.3328129765625 0.789062275 0.3296870234375 0.7921880234375 0.32812468125 0.7921880234375 0.326562340625 0.7937497 0.325 0.7937497 0.323437659375 0.795312575 0.32187531875 0.795312575 0.31875063593749997 0.798437125 0.3171870234375 0.798437125 0.31562468125 0.8 0.314062340625 0.8 0.3125 0.8015628749999999 0.310937659375 0.8015628749999999 0.3078129765625 0.804687425 0.30624936406250003 0.804687425 0.3046870234375 0.8062503 0.30312468125 0.8062503 0.298437659375 0.8109377249999999 0.29687531875 0.8109377249999999 0.2953129765625 0.8125005984375001 0.2937506359375 0.8125005984375001 0.2921870234375 0.8140622750000001 0.29062468125 0.8140622750000001 0.289062340625 0.81562515 0.2875 0.81562515 0.28437531875 0.8187497 0.2828129765625 0.8187497 0.2812493640625 0.820312575 0.2796870234375 0.820312575 0.276562340625 0.8234371250000001 0.275 0.8234371250000001 0.273437659375 0.825 0.27187531875 0.825 0.2703129765625 0.8265628749999999 0.2687493640625 0.8265628749999999 0.2671870234375 0.8281245515625001 0.26562468125 0.8281245515625001 0.2625 0.8312503 0.260937659375 0.8312503 0.2578129765625 0.83437485 0.25625063593749997 0.83437485 0.248437659375 0.8421880234374999 0.24687531875 0.8421880234374999 0.239062340625 0.85 0.2375 0.85 0.22812468125000002 0.85937485 0.22812468125000002 0.8812502999999999 0.2296870234375 0.8812502999999999 0.2312506359375 0.879687425 0.235937659375 0.879687425 0.2375 0.8781245515625 0.24062468125 0.8781245515625 0.2421870234375 0.876562875 0.2437493640625 0.876562875 0.2453129765625 0.875 0.24687531875 0.875 0.248437659375 0.873437125 0.251562340625 0.873437125 0.25312468125 0.8718754484375 0.2546870234375 0.8718754484375 0.2578129765625 0.8687497000000001 0.25937531875 0.8687497000000001 0.260937659375 0.8671880234374999 0.2625 0.8671880234374999 0.26562468125 0.864062275 0.2671870234375 0.864062275 0.2703129765625 0.860937725 0.27187531875 0.860937725 0.273437659375 0.85937485 0.275 0.85937485 0.27812468125 0.8562502999999999 0.2796870234375 0.8562502999999999 0.2812493640625 0.8546874250000001 0.28437531875 0.8546874250000001 0.289062340625 0.85 0.29062468125 0.85 0.2921870234375 0.848437125 0.2953129765625 0.848437125 0.29687531875 0.8468754484375 0.298437659375 0.8468754484375 0.301562340625 0.8437497 0.30312468125 0.8437497 0.30624936406250003 0.8406251499999999 0.3078129765625 0.8406251499999999 0.3125 0.835937725 0.314062340625 0.835937725 0.31875063593749997 0.8312503 0.3203129765625 0.8312503 0.323437659375 0.8281245515625001 0.325 0.8281245515625001 0.32812468125 0.825 0.3296870234375 0.825 0.3312493640625 0.8234371250000001 0.3328129765625 0.8234371250000001 0.335937659375 0.820312575 0.3375 0.820312575 0.339062340625 0.8187497 0.34062468125 0.8187497 0.3421870234375 0.8171880234375 0.34687531875 0.8171880234375 0.348437659375 0.81562515 0.351562340625 0.81562515 0.35312468125 0.8140622750000001 0.3562506359375 0.8140622750000001 0.3578129765625 0.8125005984375001 0.364062340625 0.8125005984375001 0.36562468125 0.8109377249999999 0.3671870234375 0.8109377249999999 0.3687506359375 0.80937485 0.3703129765625 0.80937485 0.37187531875 0.8078119765625 0.373437659375 0.8078119765625 0.375 0.8062503 0.375 0.8015628749999999 0.376562340625 0.8 0.3796870234375 0.8031245515625001 0.3796870234375 0.8062503 0.37812468125 0.8078119765625 0.3796870234375 0.80937485 0.38437531875 0.80937485 0.385937659375 0.8109377249999999 0.389062340625 0.8109377249999999 0.39062468125 0.80937485 0.3921870234375 0.80937485 0.3937493640625 0.8078119765625 0.3937493640625 0.804687425 0.39687531875 0.8015628749999999 0.40156234062499996 0.8015628749999999 0.4062506359375 0.7968754484375 0.40781297656250004 0.7968754484375 0.40937531875 0.795312575 0.41093765937500004 0.795312575 0.4125 0.7937497 0.41406234062499997 0.7937497 0.41562468125 0.7921880234375 0.41718702343749997 0.7921880234375 0.42031297656250005 0.789062275 0.42031297656250005 0.7843748500000001 0.42187531875 0.7828119765625 0.42187531875 0.7781245515624999 0.42343765937500005 0.776562875 0.42343765937500005 0.773437125 0.425 0.7718754484375 0.425 0.7703125749999999 0.42812468125 0.7671880234375 0.42812468125 0.76562515 0.43437531875 0.75937485 0.43437531875 0.7578119765625 0.4437493640625 0.7484371249999999 0.4453129765625 0.7484371249999999 0.44687531875 0.7468754484375 0.448437659375 0.7468754484375 0.45312468125 0.7421880234375 0.45468702343749995 0.7421880234375 0.4625 0.73437485 0.46406234062499996 0.73437485 0.4687506359375 0.7296874250000001 0.47031297656250004 0.7296874250000001 0.47656234062499997 0.723437125 0.47812468125 0.723437125 0.4812506359375 0.720312575 0.4812506359375 0.7187496999999999 0.48281297656250005 0.7171880234375 0.48437531875 0.7171880234375 0.49843765937500006 0.7031245515625 0.5 0.7031245515625 0.5062493640625 0.6968754484375 0.5078129765625 0.6968754484375 0.514062340625 0.69062515 0.514062340625 0.6890622750000001 0.5125 0.6890622750000001 0.510937659375 0.6875005984375 0.50312468125 0.6875005984375 0.5015623406249999 0.6890622750000001 0.49843765937500006 0.6890622750000001 0.49687531875 0.69062515 0.49531297656250006 0.69062515 0.4921870234375 0.6937496999999999 0.49062468125 0.6937496999999999 0.48593765937500005 0.698437125 0.48437531875 0.698437125
0 0.43906234062499994 0.64062515 0.4437493640625 0.64062515 0.4453129765625 0.6421880234375 0.45156234062499995 0.6421880234375 0.45468702343749995 0.639062275 0.45468702343749995 0.6375005984375 0.4562493640625 0.635937725 0.4562493640625 0.63437485 0.45937531875 0.6312503 0.45937531875 0.6281245515625 0.46093765937500003 0.6265628750000001 0.46093765937500003 0.6046874250000001 0.45937531875 0.6031245515625 0.45781297656250003 0.6031245515625 0.45468702343749995 0.6 0.45156234062499995 0.6 0.45 0.598437125 0.42812468125 0.598437125 0.42343765937500005 0.6031245515625 0.42343765937500005 0.63437485 0.425 0.63437485 0.426562340625 0.635937725 0.4296870234375 0.635937725 0.4312506359375 0.6375005984375 0.43593765937500006 0.6375005984375 0.43906234062499994 0.64062515
1 0.07031297656249999 0.14062515 0.07187531875 0.1421880234375 0.075 0.1421880234375 0.076562340625 0.1437497 0.08437531875 0.1437497 0.085937659375 0.1421880234375 0.089062340625 0.1421880234375 0.09062468125 0.14062515 0.09062468125 0.0921880234375 0.089062340625 0.09062515 0.089062340625 0.08437485 0.0875 0.0828119765625 0.0875 0.0671880234375 0.089062340625 0.06562515 0.089062340625 0.045312575 0.0875 0.0437497 0.0875 0.0125005984375 0.089062340625 0.010937724999999999 0.089062340625 0.0062503 0.09062468125 0.004687425 0.09062468125 0.0031245515625000003 0.060937659374999995 0.0031245515625000003 0.060937659374999995 0.09062515 0.0625 0.0921880234375 0.0625 0.129687425 0.064062340625 0.1312503 0.064062340625 0.13437485 0.0687493640625 0.13906227499999999 0.0687493640625 0.14062515 0.07031297656249999 0.14062515
2 0.023437659375 0.48906227500000005 0.025 0.49062514999999995 0.026562340625000003 0.49062514999999995 0.02812468125 0.4921880234375 0.0312506359375 0.4921880234375 0.0328129765625 0.49374969999999996 0.03437531875 0.49374969999999996 0.035937659375 0.495312575 0.0375 0.495312575 0.039062340625000004 0.49687544843750003 0.04062468125 0.49687544843750003 0.0421870234375 0.498437125 0.04687531875 0.498437125 0.048437659375 0.5 0.051562340625 0.5 0.05781297656249999 0.5062503 0.05781297656249999 0.5078119765625 0.059375318749999996 0.5078119765625 0.0625 0.510937725 0.064062340625 0.510937725 0.06718702343750001 0.514062275 0.0687493640625 0.514062275 0.07031297656249999 0.51562515 0.07343765937499999 0.51562515 0.075 0.5171880234375 0.076562340625 0.5171880234375 0.07812468125000001 0.5187497 0.08125063593750001 0.5187497 0.0828129765625 0.5203125749999999 0.08437531875 0.5203125749999999 0.085937659375 0.5218754484375 0.0875 0.5218754484375 0.089062340625 0.523437125 0.09062468125 0.523437125 0.09375063593750001 0.526562875 0.0953129765625 0.526562875 0.09687531875 0.5281245515624999 0.1 0.5281245515624999 0.101562340625 0.529687425 0.1062493640625 0.529687425 0.1078129765625 0.5312503000000001 0.10937531874999999 0.5312503000000001 0.12187531874999999 0.5437497 0.125 0.5437497 0.126562340625 0.545312575 0.13437531875 0.545312575 0.135937659375 0.5468754484375 0.14062468125 0.5468754484375 0.1421870234375 0.548437125 0.14687531874999998 0.548437125 0.148437659375 0.55 0.15 0.55 0.151562340625 0.551562875 0.15312468125 0.551562875 0.15781297656249998 0.5562503000000001 0.15937531875 0.5562503000000001 0.164062340625 0.5609377249999999 0.16562468125000002 0.5609377249999999 0.1671870234375 0.5625005984375 0.1687506359375 0.5625005984375 0.17187531875 0.56562515 0.175 0.56562515 0.176562340625 0.5671880234375 0.17812468125 0.5671880234375 0.1796870234375 0.5687496999999999 0.1812493640625 0.5687496999999999 0.1828129765625 0.570312575 0.18437531875 0.570312575 0.185937659375 0.5718754484375 0.1875 0.5718754484375 0.189062340625 0.573437125 0.19062468125 0.573437125 0.1937506359375 0.576562875 0.1953129765625 0.576562875 0.19687531875 0.5781245515625 0.198437659375 0.5781245515625 0.2 0.579687425 0.20312468125 0.579687425 0.2046870234375 0.5812503 0.2078129765625 0.5812503 0.20937531874999998 0.5828119765625 0.2125 0.5828119765625 0.214062340625 0.58437485 0.21718702343750002 0.58437485 0.2187506359375 0.585937725 0.22031297656249998 0.585937725 0.22187531875 0.5875005984375 0.223437659375 0.5875005984375 0.225 0.5890622750000001 0.22812468125000002 0.5890622750000001 0.2296870234375 0.5906251499999999 0.2328129765625 0.5906251499999999 0.23437531875 0.5921880234375 0.2421870234375 0.5921880234375 0.2437493640625 0.5937496999999999 0.24687531875 0.5937496999999999 0.248437659375 0.595312575 0.25 0.595312575 0.251562340625 0.5968754484375001 0.2546870234375 0.5968754484375001 0.25625063593749997 0.598437125 0.2625 0.598437125 0.264062340625 0.6 0.2687493640625 0.6 0.2703129765625 0.601562875 0.275 0.601562875 0.276562340625 0.6031245515625 0.2796870234375 0.6031245515625 0.2812493640625 0.6046874250000001 0.28437531875 0.6046874250000001 0.285937659375 0.6062503 0.289062340625 0.6062503 0.29062468125 0.6078119765625 0.2921870234375 0.6078119765625 0.2937506359375 0.60937485 0.2953129765625 0.60937485 0.29687531875 0.610937725 0.30312468125 0.610937725 0.3046870234375 0.6125005984375 0.3078129765625 0.6125005984375 0.30937531875 0.614062275 0.31562468125 0.614062275 0.3171870234375 0.61562515 0.31875063593749997 0.61562515 0.3203129765625 0.6171880234375 0.325 0.6171880234375 0.326562340625 0.6187497 0.3296870234375 0.6187497 0.3312493640625 0.620312575 0.3328129765625 0.620312575 0.33437531875 0.6218754484375 0.3375 0.6218754484375 0.339062340625 0.6234371249999999 0.34062468125 0.6234371249999999 0.3421870234375 0.625 0.3453129765625 0.625 0.348437659375 0.6281245515625 0.351562340625 0.6281245515625 0.35312468125 0.629687425 0.35937531875 0.629687425 0.360937659375 0.6312503 0.37187531875 0.6312503 0.373437659375 0.6328119765625 0.375 0.6328119765625 0.376562340625 0.63437485 0.3796870234375 0.63437485 0.3812493640625 0.635937725 0.3875 0.635937725 0.389062340625 0.6375005984375 0.3921870234375 0.6375005984375 0.3937493640625 0.639062275 0.39687531875 0.639062275 0.398437659375 0.64062515 0.4 0.64062515 0.40156234062499996 0.6421880234375 0.40781297656250004 0.6421880234375 0.40937531875 0.6437497 0.41093765937500004 0.6437497 0.41406234062499997 0.6468754484375 0.41562468125 0.6468754484375 0.41718702343749997 0.648437125 0.42031297656250005 0.648437125 0.42187531875 0.65 0.42343765937500005 0.65 0.426562340625 0.6531245515624999 0.42812468125 0.6531245515624999 0.4296870234375 0.654687425 0.43281297656250006 0.654687425 0.43437531875 0.6562503000000001 0.4375 0.6562503000000001 0.44062468125 0.6593748500000001 0.4437493640625 0.6593748500000001 0.4453129765625 0.6609377249999999 0.45468702343749995 0.6609377249999999 0.4562493640625 0.6625005984375 0.47187531875 0.6625005984375 0.47343765937500004 0.664062275 0.475 0.664062275 0.47656234062499997 0.66562515 0.47968702343749997 0.66562515 0.4812506359375 0.6671880234375 0.48437531875 0.6671880234375 0.48593765937500005 0.6687497 0.49062468125 0.6687497 0.49531297656250006 0.673437125 0.49687531875 0.673437125 0.5 0.676562875 0.5 0.6781245515625 0.4921870234375 0.6859377249999999 0.49062468125 0.6859377249999999 0.489062340625 0.6875005984375 0.4875 0.6875005984375 0.48593765937500005 0.6890622750000001 0.48437531875 0.6890622750000001 0.47812468125 0.695312575 0.47656234062499997 0.695312575 0.475 0.6968754484375 0.47343765937500004 0.6968754484375 0.47187531875 0.698437125 0.4687506359375 0.698437125 0.46718702343749996 0.7 0.4625 0.7 0.46093765937500003 0.701562875 0.45781297656250003 0.701562875 0.4562493640625 0.7031245515625 0.46093765937500003 0.7031245515625 0.4625 0.704687425 0.46718702343749996 0.704687425 0.4687506359375 0.7062503 0.47031297656250004 0.7062503 0.47343765937500004 0.70937485 0.47343765937500004 0.7156251499999999 0.47187531875 0.7171880234375 0.47187531875 0.7218754484375001 0.47343765937500004 0.720312575 0.47968702343749997 0.720312575 0.4812506359375 0.7187496999999999 0.48437531875 0.7187496999999999 0.48593765937500005 0.7171880234375 0.4875 0.7171880234375 0.489062340625 0.7156251499999999 0.49062468125 0.7156251499999999 0.4921870234375 0.7140622750000001 0.49531297656250006 0.7140622750000001 0.49687531875 0.7125005984375 0.49843765937500006 0.7125005984375 0.5015623406249999 0.70937485 0.50312468125 0.70937485 0.5078129765625 0.704687425 0.50937531875 0.704687425 0.5171870234375 0.6968754484375 0.5171870234375 0.695312575 0.526562340625 0.6859377249999999 0.5296870234375 0.6859377249999999 0.5296870234375 0.6593748500000001 0.52812468125 0.6609377249999999 0.525 0.6609377249999999 0.5234376593750001 0.6593748500000001 0.52187531875 0.6593748500000001 0.5203129765625001 0.6578119765625 0.5171870234375 0.6578119765625 0.51562468125 0.6562503000000001 0.510937659375 0.6562503000000001 0.50937531875 0.654687425 0.5078129765625 0.654687425 0.50312468125 0.65 0.49687531875 0.65 0.49531297656250006 0.648437125 0.489062340625 0.648437125 0.4875 0.6468754484375 0.48437531875 0.6468754484375 0.48281297656250005 0.6453125749999999 0.47968702343749997 0.6453125749999999 0.47812468125 0.6437497 0.47343765937500004 0.6437497 0.47187531875 0.6421880234375 0.4687506359375 0.6421880234375 0.46718702343749996 0.64062515 0.46406234062499996 0.64062515 0.4625 0.639062275 0.45156234062499995 0.639062275 0.45 0.6375005984375 0.4437493640625 0.6375005984375 0.44218702343749994 0.635937725 0.4375 0.635937725 0.43593765937500006 0.63437485 0.43437531875 0.63437485 0.43281297656250006 0.6328119765625 0.4296870234375 0.6328119765625 0.42812468125 0.6312503 0.42343765937500005 0.6312503 0.42187531875 0.629687425 0.42031297656250005 0.629687425 0.4187506359375 0.6281245515625 0.41718702343749997 0.6281245515625 0.41562468125 0.6265628750000001 0.4125 0.6265628750000001 0.41093765937500004 0.625 0.4062506359375 0.625 0.40468702343749996 0.6234371249999999 0.40156234062499996 0.6234371249999999 0.4 0.6218754484375 0.398437659375 0.6218754484375 0.39687531875 0.620312575 0.3953129765625 0.620312575 0.3937493640625 0.6187497 0.3921870234375 0.6187497 0.3875 0.614062275 0.385937659375 0.614062275 0.38437531875 0.6125005984375 0.3812493640625 0.6125005984375 0.3796870234375 0.610937725 0.37812468125 0.610937725 0.376562340625 0.60937485 0.375 0.60937485 0.373437659375 0.6078119765625 0.37187531875 0.6078119765625 0.3703129765625 0.6062503 0.360937659375 0.6062503 0.35937531875 0.6046874250000001 0.3578129765625 0.6046874250000001 0.3546870234375 0.601562875 0.35312468125 0.601562875 0.351562340625 0.6 0.34687531875 0.6 0.3453129765625 0.598437125 0.3421870234375 0.598437125 0.34062468125 0.5968754484375001 0.339062340625 0.5968754484375001 0.3375 0.595312575 0.335937659375 0.595312575 0.33437531875 0.5937496999999999 0.325 0.5937496999999999 0.323437659375 0.5921880234375 0.3203129765625 0.5921880234375 0.31875063593749997 0.5906251499999999 0.31562468125 0.5906251499999999 0.314062340625 0.5890622750000001 0.3125 0.5890622750000001 0.310937659375 0.5875005984375 0.30312468125 0.5875005984375 0.301562340625 0.585937725 0.298437659375 0.585937725 0.29687531875 0.58437485 0.2921870234375 0.58437485 0.29062468125 0.5828119765625 0.285937659375 0.5828119765625 0.28437531875 0.5812503 0.2828129765625 0.5812503 0.2812493640625 0.579687425 0.2796870234375 0.579687425 0.275 0.575 0.273437659375 0.575 0.2687493640625 0.570312575 0.2671870234375 0.570312575 0.26562468125 0.5687496999999999 0.2625 0.5687496999999999 0.260937659375 0.5671880234375 0.25937531875 0.5671880234375 0.2578129765625 0.56562515 0.25625063593749997 0.56562515 0.2546870234375 0.5640622750000001 0.25312468125 0.5640622750000001 0.251562340625 0.5625005984375 0.248437659375 0.5625005984375 0.24687531875 0.5609377249999999 0.2437493640625 0.5609377249999999 0.24062468125 0.5578119765625 0.239062340625 0.5578119765625 0.235937659375 0.554687425 0.225 0.554687425 0.223437659375 0.5531245515625 0.22031297656249998 0.5531245515625 0.2187506359375 0.551562875 0.21562468125 0.551562875 0.214062340625 0.55 0.210937659375 0.55 0.20937531874999998 0.548437125 0.2078129765625 0.548437125 0.2062493640625 0.5468754484375 0.2046870234375 0.5468754484375 0.20312468125 0.545312575 0.201562340625 0.545312575 0.2 0.5437497 0.1953129765625 0.5437497 0.1937506359375 0.5421880234375 0.19062468125 0.5421880234375 0.189062340625 0.54062515 0.1875 0.54062515 0.185937659375 0.539062275 0.18437531875 0.539062275 0.1828129765625 0.5375005984375 0.17812468125 0.5375005984375 0.176562340625 0.5359377249999999 0.175 0.5359377249999999 0.17187531875 0.5328119765625 0.1703129765625 0.5328119765625 0.1687506359375 0.5312503000000001 0.1671870234375 0.5312503000000001 0.16562468125000002 0.529687425 0.164062340625 0.529687425 0.1625 0.5281245515624999 0.160937659375 0.5281245515624999 0.15937531875 0.526562875 0.15781297656249998 0.526562875 0.1562493640625 0.525 0.15312468125 0.525 0.151562340625 0.523437125 0.15 0.523437125 0.14687531874999998 0.5203125749999999 0.1453129765625 0.5203125749999999 0.14375063593749998 0.5187497 0.1421870234375 0.5187497 0.139062340625 0.51562515 0.1375 0.51562515 0.13437531875 0.5125005984375 0.1296870234375 0.5125005984375 0.12812468125 0.510937725 0.126562340625 0.510937725 0.125 0.50937485 0.123437659375 0.50937485 0.12187531874999999 0.5078119765625 0.12031297656249999 0.5078119765625 0.1187493640625 0.5062503 0.11562468125 0.5062503 0.110937659375 0.5015628750000001 0.10937531874999999 0.5015628750000001 0.1078129765625 0.5 0.1046870234375 0.5 0.1 0.495312575 0.098437659375 0.495312575 0.09687531875 0.49374969999999996 0.0953129765625 0.49374969999999996 0.09375063593750001 0.4921880234375 0.0921870234375 0.4921880234375 0.089062340625 0.48906227500000005 0.0875 0.48906227500000005 0.085937659375 0.4875005984375 0.08437531875 0.4875005984375 0.0828129765625 0.485937725 0.08125063593750001 0.485937725 0.07031297656249999 0.475 0.0687493640625 0.475 0.064062340625 0.470312575 0.0625 0.470312575 0.060937659374999995 0.46874969999999994 0.059375318749999996 0.46874969999999994 0.0546870234375 0.464062275 0.05312468125000001 0.464062275 0.051562340625 0.4625005984375 0.0453129765625 0.4625005984375 0.043749364062500004 0.46093772499999996 0.035937659375 0.46093772499999996 0.03437531875 0.45937485 0.0328129765625 0.45937485 0.02812468125 0.45468742500000003 0.0031246812499999997 0.45468742500000003 0.0031246812499999997 0.4812503 0.00937531875 0.4812503 0.014062340625 0.485937725 0.01562468125 0.485937725 0.017187023437499997 0.4875005984375 0.0203129765625 0.4875005984375 0.02187531875 0.48906227500000005 0.023437659375 0.48906227500000005
2 0.018749364062500003 0.0062503 0.018749364062500003 0.004687425 0.0203129765625 0.0031245515625000003 0.0203129765625 0.001562875 0.0015623406249999998 0.001562875 0.0015623406249999998 0.148437125 0.0203129765625 0.148437125 0.0203129765625 0.048437125 0.018749364062500003 0.0468754484375 0.018749364062500003 0.014062274999999999 0.017187023437499997 0.0125005984375 0.017187023437499997 0.0078119765625000006 0.018749364062500003 0.0062503
0 0.018749364062500003 0.26718802343750003 0.018749364062500003 0.19531257500000002 0.0015623406249999998 0.19531257500000002 0.0015623406249999998 0.2687497 0.017187023437499997 0.2687497 0.018749364062500003 0.26718802343750003
1 0.301562340625 0.61562515 0.30312468125 0.61562515 0.3046870234375 0.6171880234375 0.30624936406250003 0.6171880234375 0.3078129765625 0.6187497 0.30937531875 0.6187497 0.310937659375 0.620312575 0.3125 0.620312575 0.314062340625 0.6218754484375 0.3171870234375 0.6218754484375 0.31875063593749997 0.6234371249999999 0.3203129765625 0.6234371249999999 0.323437659375 0.6265628750000001 0.325 0.6265628750000001 0.32812468125 0.629687425 0.3296870234375 0.629687425 0.34062468125 0.64062515 0.3421870234375 0.64062515 0.35 0.648437125 0.351562340625 0.648437125 0.3546870234375 0.651562875 0.3562506359375 0.651562875 0.3578129765625 0.6531245515624999 0.35937531875 0.6531245515624999 0.360937659375 0.654687425 0.36562468125 0.654687425 0.3671870234375 0.6562503000000001 0.37187531875 0.6562503000000001 0.373437659375 0.6578119765625 0.375 0.6578119765625 0.376562340625 0.6593748500000001 0.3796870234375 0.6593748500000001 0.3812493640625 0.6609377249999999 0.3875 0.6609377249999999 0.389062340625 0.6625005984375 0.3921870234375 0.6625005984375 0.3937493640625 0.664062275 0.3953129765625 0.664062275 0.39687531875 0.66562515 0.398437659375 0.66562515 0.4 0.6671880234375 0.40156234062499996 0.6671880234375 0.40468702343749996 0.670312575 0.4062506359375 0.670312575 0.40781297656250004 0.6718754484375 0.41093765937500004 0.6718754484375 0.4125 0.670312575 0.42031297656250005 0.670312575 0.42031297656250005 0.6687497 0.42187531875 0.6671880234375 0.42187531875 0.66562515 0.426562340625 0.6609377249999999 0.42812468125 0.6609377249999999 0.4296870234375 0.6593748500000001 0.4296870234375 0.6562503000000001 0.42812468125 0.654687425 0.42812468125 0.6453125749999999 0.426562340625 0.6453125749999999 0.425 0.6437497 0.4187506359375 0.6437497 0.41718702343749997 0.6421880234375 0.40937531875 0.6421880234375 0.40781297656250004 0.64062515 0.40468702343749996 0.64062515 0.40312468125 0.639062275 0.4 0.639062275 0.398437659375 0.6375005984375 0.3953129765625 0.6375005984375 0.3937493640625 0.635937725 0.3921870234375 0.635937725 0.39062468125 0.63437485 0.389062340625 0.63437485 0.3875 0.6328119765625 0.38437531875 0.6328119765625 0.3828129765625 0.6312503 0.3796870234375 0.6312503 0.37812468125 0.629687425 0.3703129765625 0.629687425 0.3687506359375 0.6281245515625 0.3671870234375 0.6281245515625 0.36562468125 0.6265628750000001 0.3562506359375 0.6265628750000001 0.35312468125 0.6234371249999999 0.351562340625 0.6234371249999999 0.35 0.6218754484375 0.348437659375 0.6218754484375 0.3453129765625 0.6187497 0.3453129765625 0.6171880234375 0.3437506359375 0.61562515 0.3437506359375 0.614062275 0.3375 0.6078119765625 0.33437531875 0.6078119765625 0.3328129765625 0.6062503 0.3296870234375 0.6062503 0.32812468125 0.6046874250000001 0.326562340625 0.6046874250000001 0.325 0.6031245515625 0.323437659375 0.6031245515625 0.32187531875 0.601562875 0.31875063593749997 0.601562875 0.3171870234375 0.6 0.31562468125 0.6 0.314062340625 0.598437125 0.310937659375 0.598437125 0.30937531875 0.5968754484375001 0.30624936406250003 0.5968754484375001 0.3046870234375 0.598437125 0.30312468125 0.598437125 0.298437659375 0.6031245515625 0.298437659375 0.6078119765625 0.3 0.60937485 0.3 0.6125005984375 0.301562340625 0.614062275 0.301562340625 0.61562515