0 0.20269110937499998 0.3296234125 0.2013699796875 0.3276282625 0.20244405156249998 0.3225376453125 0.187334634375 0.3198536703125 0.18326176249999998 0.32265112500000004 0.1799034546875 0.32205456875 0.1778662796875 0.3234531640625 0.176187125 0.3231548859375 0.17414994687500002 0.32455348125 0.1662738359375 0.3618827078125 0.1675949671875 0.363877859375 0.16723694218750002 0.36557473281249997 0.168558071875 0.36756988125 0.170237225 0.367868159375 0.1715583546875 0.369863309375 0.186667771875 0.3725472828125 0.18870494843750002 0.3711486890625 0.1920617734375 0.3717449796875 0.1940989515625 0.37034638593749997 0.195778103125 0.37064466406249996 0.199852459375 0.3678474734375 0.20379030625 0.3491838453125 0.20246917656250002 0.34718869531249996 0.203185225 0.34379495000000004 0.2018640953125 0.34179979843749997 0.20222211875 0.3401029265625 0.20090099062500003 0.3381077765625 0.20269110937499998 0.3296234125
0 0.039691634375 0.3922072046875 0.0410127640625 0.3942023546875 0.057801332812499995 0.39718460625 0.0598385109375 0.3957860109375 0.0615176640625 0.3960842890625 0.063554840625 0.39468569375 0.0652339953125 0.3949839703125 0.0693068671875 0.39218651875 0.073244715625 0.37352288906250003 0.0719235859375 0.371527740625 0.0737137046875 0.36304337656249996 0.0723940578125 0.3610484890625 0.07275208125 0.359351615625 0.0714309515625 0.35735646718749997 0.07286263125 0.350570946875 0.071541503125 0.348575796875 0.07189952656250001 0.3468789234375 0.070578396875 0.3448837734375 0.0470746953125 0.340708675 0.036692834375 0.3899140390625 0.0380139640625 0.39190919062499996 0.039691634375 0.3922072046875
0 0.6926244921875 0.5140065234375 0.6923343187500001 0.42611751875000003 0.48161081718750004 0.484272284375 0.47911642031249996 0.477147171875 0.4789495296875 0.5680915265625 0.6926244921875 0.5140065234375
0 1 0.44145907968750003 0.8279591265624999 0.4930004265625 0.829261975 0.584710896875 0.9965759468750001 0.5338598250000001 1 0.5176313515625 1 0.44145907968750003
0 0.8889845546874999 0.8878645687500001 0.8880959984375 0.934773246875 0.9128448062500001 0.9307078234375 0.9192429546875 0.9003834718749999 0.9194003421874999 0.8816884734375 0.8889845546874999 0.8878645687500001
2 0.0113896515625 0.3934660484375 0.0133693375 0.44215712500000004 0.9246182859375001 0.8249001515625001 0.9367543515625 0.8173873171875 0.9485530609374999 0.7614667328125 0.925911565625 0.7915664421875 0.0391521734375 0.412458 0.033612851562500004 0.2881380609375 0.0113896515625 0.3934660484375
1 0.1207992546875 0.4949102890625 0.094347078125 0.5230449265625 0.22817810781249998 0.57645780625 0.253018475 0.551167259375 0.1207992546875 0.4949102890625
1 0.2543761 0.5510874078125 0.23100808125 0.575572171875 0.40828620000000004 0.6532913078125 0.42863830468749997 0.628168575 0.2543761 0.5510874078125
1 0.40680191718750003 0.65100545625 0.5847197656249999 0.7269387218750001 0.6074875484375 0.7070623703125001 0.43001597656249996 0.629210725 0.40680191718750003 0.65100545625
1 0.761453121875 0.8037636625 0.7813935062499999 0.77830403125 0.6080664921875 0.705032609375 0.5841334109375 0.7298198 0.761453121875 0.8037636625
1 0.781661375 0.780976984375 0.76124603125 0.8051970031250001 0.8804552375 0.8580019968749999 0.8818846812500001 0.8562991578125001 0.9090109656250001 0.8340788937499999 0.781661375 0.780976984375
1 0 0.5183983999999999 0.8539686468750001 0.8916123125000001 0.8800762328125 0.864520590625 0 0.48391440625 0 0.5183983999999999
5 0.48766383593749996 0.563474784375 0.4856382484375 0.5981076421875 0.6229063625 0.56404620625 0.6211908921875 0.526542590625 0.48766383593749996 0.563474784375
5 0.234662778125 0.378723575 0.168238834375 0.3974166359375 0.17507616406249998 0.4330247734375 0.233351715625 0.41233833593749997 0.234662778125 0.378723575
5 0.3601908625 0.4275597734375 0.2980673359375 0.4487097390625 0.3003525171875 0.48471561249999995 0.362237884375 0.46387093906250004 0.3601908625 0.4275597734375
5 0.1933084203125 0.1446469546875 0.192049475 0.1126387515625 0.06346944843749999 0.1466312046875 0.057877254687500004 0.173135690625 0.058992021875 0.182733215625 0.1933084203125 0.1446469546875
0 0.06420635 0.1431386203125 0.2741932921875 0.0884019375 0.2683766265625 0.0315959203125 0.076539584375 0.0846846265625 0.06420635 0.1431386203125
3 0 0.4602965390625 0.087554415625 0.47584933749999997 0.11576387343750001 0.3421491734375 0.025596448437500002 0.3261322109375 0 0.447447884375 0 0.4602965390625