3 0.2250106609375 0.5647321421875 0.1748400859375 0.5647321421875 0.1748400859375 0.6745089281250001 0.2250106609375 0.6745089281250001 0.2250106609375 0.5647321421875
1 0.23576972343749997 0.7275535718749999 0.22318230312499998 0.662678571875 0.0731199109375 0.8346374265625001 0.0797494671875 0.896774553125 0.23576972343749997 0.7275535718749999
1 0.61684435 0.058004464062500004 0.636795309375 0.10533258906250001 0.6681108734375 0.0546919640625 0.654577825 0.014415178125 0.61684435 0.058004464062500004
1 0.7367217484374999 0.02046875 0.6909968015625 0.02046875 0.6909968015625 0.06796875 0.7367217484374999 0.06796875 0.7367217484374999 0.02046875
5 0.7463699359375 0 0.7463699359375 0.20732142812499998 0.9865511734375 0.20732142812499998 0.9865511734375 0 0.7463699359375 0
5 0.6620309171875001 0.23714285781250002 0.3625959484375 0.23714285781250002 0.3625959484375 0.2836607140625 0.6620309171875001 0.2836607140625 0.6620309171875001 0.23714285781250002
5 0.42697228125000003 0.0716517859375 0.3218550109375 0.0716517859375 0.3218550109375 0.117366071875 0.42697228125000003 0.117366071875 0.42697228125000003 0.0716517859375
4 0.49902985 0.2866071421875 0.446513859375 0.2866071421875 0.446513859375 0.397008928125 0.49902985 0.397008928125 0.49902985 0.2866071421875
0 0.159702559375 0.429915178125 0.172393390625 0.472977678125 0.1931737734375 0.43843750000000004 0.1803816625 0.4018258921875 0.159702559375 0.429915178125
0 0.1409626859375 0.5612767859375001 0.161239871875 0.5892879468750001 0.1731599140625 0.5438772328125 0.154737740625 0.521352678125 0.1409626859375 0.5612767859375001
1 0.43463539375 0.12076978281249999 0.43463539375 0.166196428125 0.45804797500000005 0.1418727671875 0.47233901874999995 0.20455580312500002 0.5281599140625 0.2063013390625 0.5292771859375 0.15959821406250002 0.479289978125 0.1611116078125 0.46854157812499997 0.1318950890625 0.48112046875000003 0.124265625 0.4792430703125 0.07403125 0.43463539375 0.12076978281249999
1 0.11896268593749999 0.1023616078125 0.2696034109375 0.629319196875 0.2886087421875 0.6034486609374999 0.13368017031249999 0.07341071406250001 0.11896268593749999 0.1023616078125
1 0 0.503272321875 0.07867057499999999 0.5902455359375 0.0802014921875 0.5484553578125 0.001104478125 0.45030803593749996 0 0.503272321875
2 0.068325159375 0 0.0674296375 0.1619263390625 0.20667057500000002 0.636359375 0 0.3863727671875 0.0020874203125000003 0.4350044640625 0.2113486140625 0.6801674109375 0.22844243125000002 0.651678571875 0.087952025 0.1482142859375 0.092611940625 0 0.068325159375 0
0 0.24881663125000003 0.5652455359374999 0.22619402968750002 0.5652455359374999 0.22619402968750002 0.6238616078125 0.24881663125000003 0.6238616078125 0.24881663125000003 0.5652455359374999
1 0.4921876328125 0.0484375 0.4921876328125 0.0515625 0.4937505328125 0.053125 0.4921876328125 0.0546875 0.4921876328125 0.059375 0.4875 0.0640625 0.4843752671875 0.0640625 0.47812473281249995 0.0703125 0.47812473281249995 0.0953125 0.4843752671875 0.0953125 0.49062473281249996 0.0890625 0.49062473281249996 0.0875 0.4953123671875 0.0828125 0.4953123671875 0.08125 0.5093752671875 0.0671875 0.5093752671875 0.065625 0.5109371 0.0640625 0.5125 0.0640625 0.5140629 0.0625 0.5156247328125 0.0625 0.5171876328125 0.0609375 0.5203123671875 0.0609375 0.5218752671875 0.059375 0.5234371 0.059375 0.525 0.0578125 0.525 0.05625 0.5296876328125 0.0515625 0.5296876328125 0.05 0.5343752671875001 0.0453125 0.5343752671875001 0.0421875 0.5359371 0.040625 0.5359371 0.0390625 0.5390629 0.0359375 0.5390629 0.034375 0.5406247328125 0.0328125 0.5406247328125 0.03125 0.5421876328125 0.0296875 0.5421876328125 0.028125 0.5437494671875001 0.0265625 0.5437494671875001 0.021875 0.5453123671875 0.0203125 0.5453123671875 0.01875 0.5468752671875 0.0171875 0.5468752671875 0.0140625 0.5484371 0.0125 0.5484371 0.0109375 0.55 0.009375 0.55 0.003125 0.5484371 0.0015625 0.5296876328125 0.0015625 0.5296876328125 0.003125 0.5281247328124999 0.0046875 0.5281247328124999 0.00625 0.5265629 0.0078125 0.5265629 0.009375 0.5140629 0.021875 0.5125 0.021875 0.5093752671875 0.025 0.5015628999999999 0.025 0.4921876328125 0.015625 0.4921876328125 0.0140625 0.49062473281249996 0.0125 0.49062473281249996 0.009375 0.4875 0.00625 0.4875 0.0046875 0.4859371 0.003125 0.4859371 0.0015625 0.47812473281249995 0.0015625 0.47812473281249995 0.0328125 0.4828123671875 0.0375 0.4828123671875 0.0390625 0.4843752671875 0.040625 0.4843752671875 0.0421875 0.4859371 0.04375 0.4875 0.04375 0.4921876328125 0.0484375
0 0.5593752671875001 0.134375 0.5625 0.134375 0.5656247328124999 0.13125 0.5656247328124999 0.1296875 0.5671876328125001 0.128125 0.5671876328125001 0.1234375 0.5656247328124999 0.121875 0.5656247328124999 0.1140625 0.5671876328125001 0.1125 0.5671876328125001 0.1 0.5281247328124999 0.1 0.5281247328124999 0.13125 0.5296876328125 0.1328125 0.5312505328125 0.1328125 0.5328123671875 0.134375 0.5343752671875001 0.134375 0.5359371 0.1359375 0.5578123671874999 0.1359375 0.5593752671875001 0.134375
0 0.3437505328125 0.01875 0.3171876328125 0.01875 0.3171876328125 0.0765625 0.34218763281250003 0.0765625 0.3437505328125 0.075 0.3437505328125 0.053125 0.34218763281250003 0.0515625 0.34218763281250003 0.0453125 0.3437505328125 0.04375 0.3437505328125 0.01875
4 0.3125 0.5015625 0.3125 0.4109375 0.2640629 0.4109375 0.2640629 0.50625 0.3078123671875 0.50625 0.3125 0.5015625
4 0.2093752671875 0.15 0.2109371 0.1484375 0.2109371 0.1328125 0.2125 0.13125 0.2125 0.09375 0.1562505328125 0.09375 0.1562505328125 0.1875 0.2062505328125 0.1875 0.2093752671875 0.184375 0.2093752671875 0.1828125 0.2109371 0.18125 0.2109371 0.165625 0.2093752671875 0.1640625 0.2093752671875 0.15
1 0.0676289984375 0.45209374999999996 0.097952025 0.4879196421875 0.0844829421875 0.18643749999999998 0.071766525 0.1582142859375 0.0676289984375 0.45209374999999996
3 0.11439232343750001 0.0267857140625 0.060767590625 0.0267857140625 0.060767590625 0.2580357140625 0.11439232343750001 0.2580357140625 0.11439232343750001 0.0267857140625