5 0.7708191109375 0.25093426874999997 0.770377959375 0.2493404515625 0.7715436546875 0.2472506578125 0.7711025046875 0.245656840625 0.7722685640625 0.24356693593749998 0.7647704703125 0.21647736874999998 0.7659361640625 0.21438757343749998 0.757114828125 0.18251731875 0.7550672515625 0.18142099843749998 0.7546261000000001 0.1798271828125 0.7505303703124999 0.17763389375 0.7489233703125 0.17813074375 0.7468755828125 0.1770336640625 0.6247591796874999 0.21478937343750001 0.6556334406250001 0.3263337515625 0.7150848234375 0.30795269062499997 0.7171323984375 0.3090490125 0.71946394375 0.3048685515625 0.7210709453125 0.3043717015625 0.7234021265624999 0.3001913546875 0.7250091296875001 0.29969450468750003 0.727340675 0.2955140453125 0.728947309375 0.29501730937500004 0.735090825 0.298307675 0.7415181015625001 0.29632050312499997 0.74356604375 0.2974167109375 0.753206590625 0.294436065625 0.754372653125 0.29234615937499997 0.7591929281249999 0.29085583593750003 0.7615244718749999 0.2866753765625 0.760642171875 0.28348774374999997 0.7618078640625 0.2813979484375 0.7609257734375 0.2782110765625 0.7620916249999999 0.276120409375 0.7616506843749999 0.2745273515625 0.7639822296875 0.27034689218749997 0.7635410796875 0.268753075 0.7705353515625 0.256211809375 0.76965305 0.2530241765625 0.7708191109375 0.25093426874999997
5 0.24231168281249998 0.22578375624999997 0.2434771671875 0.22369320468749998 0.24508417031250002 0.2231963546875 0.233175615625 0.18017241875 0.1480154984375 0.2065020578125 0.1603652015625 0.2511198078125 0.24231168281249998 0.22578375624999997
0 0.328851809375 0.683385065625 0.3275285671875 0.678604375 0.3286942625 0.6765145828125 0.326930078125 0.6701408328125 0.3248822921875 0.6690437546875 0.3240002 0.6658568812500001 0.31114564843750003 0.669831225 0.309979953125 0.67192101875 0.3019460421875 0.6744049265625 0.2998981 0.6733087203125 0.2340194421875 0.6936769546875 0.25210284843749997 0.7590097640625 0.34369024062500003 0.7306929546875 0.33883863125 0.7131647703125 0.33679084531250003 0.7120676890625 0.3350266609375 0.705693940625 0.33619214531249997 0.7036033875000001 0.33089959687500003 0.6844821453125001 0.328851809375 0.683385065625
0 0.37974002812499996 0.16772533125 0.380905878125 0.165634665625 0.3825125140625 0.165137928125 0.3679574765625 0.11255261406249999 0.2795837203125 0.1398758390625 0.294579909375 0.19405497031250002 0.37974002812499996 0.16772533125
0 0.2026116234375 0.4352609515625 0.1955546796875 0.409765203125 0.17948685625 0.4147330203125 0.18654379999999998 0.4402287703125 0.2026116234375 0.4352609515625
5 0.3581583578125 0.196885703125 0.3519835046875 0.1745768265625 0.2973523953125 0.1914675671875 0.3035272484375 0.2137764421875 0.3581583578125 0.196885703125
0 0.208315378125 0.3487344609375 0.192878246875 0.292962271875 0.10450449218749999 0.320285496875 0.11994162187499999 0.3760576859375 0.208315378125 0.3487344609375
0 0.1035240875 0.6129340546875001 0.1051310875 0.6124372046875 0.10629657343750001 0.6103466515625 0.11754412343750001 0.6068691562499999 0.1187099734375 0.604778490625 0.1107709375 0.57609586875 0.09791638750000001 0.5800702125 0.09558484218749999 0.5842506734375 0.1035240875 0.6129340546875001
5 0.216380625 0.3652690609375 0.21020577343750002 0.342960184375 0.118618378125 0.3712769953125 0.12479323125 0.393585871875 0.216380625 0.3652690609375
0 0.031788954687499996 0.360066353125 0.043036503125 0.356588859375 0.046533534375000005 0.350317846875 0.037712406250000004 0.31844835 0.021644584375 0.3234161671875 0.031788954687499996 0.360066353125
5 0.48830641249999995 0.3330911828125 0.48169061874999997 0.3091892515625 0.4270595109375 0.3260799890625 0.43367530312499997 0.3499819234375 0.48830641249999995 0.3330911828125
5 0.5974413937499999 0.3996806578125 0.5926211203125 0.40117097968750004 0.59057296875 0.400074015625 0.5857526953125001 0.4015643375 0.5837047515625 0.4004681296875 0.5740642031250001 0.4034487734375 0.5720160515625 0.402351809375 0.5743475984375 0.398171346875 0.6305857078125 0.380783759375 0.63175119375 0.3786932078125 0.63496483125 0.377699621875 0.6270257953125 0.3490169984375 0.461525834375 0.40018595156250003 0.4791682984375 0.46392570468749994 0.561114778125 0.4385896515625 0.5571452609375 0.4242483390625 0.55304953125 0.4220550515625 0.5526083796875 0.420461234375 0.5537744421874999 0.4183713296875 0.5553810765625 0.41787459218749995 0.55742901875 0.41897080000000003 0.5590356546875 0.41847406249999997 0.5631313859375 0.420667353125 0.5666599625 0.4334156046875 0.5687075390625 0.4345119265625 0.5691486890624999 0.4361057421875 0.641454621875 0.4137503359375 0.6426201078125 0.411659784375 0.6442271093749999 0.41116293437499996 0.63981665 0.395228565625 0.6382096500000001 0.3957254125 0.63206613125 0.392435046875 0.630459496875 0.39293178281249996 0.6284113453125 0.3918348171875 0.6272458578125 0.39392536875 0.614391309375 0.3978997140625 0.6132258234375 0.3999902671875 0.6035849109375 0.402971025 0.5974413937499999 0.3996806578125
1 0.0149013453125 0.39988442812499997 0.0135783125 0.39510449687500004 0.005544401562500001 0.3975884046875 0.0373005453125 0.5123188984375 0.03934833125 0.5134159781250001 0.039789271875 0.5150090359374999 0.041837059375 0.516106115625 0.0427191515625 0.5192929890625 0.041553665625 0.5213835421875 0.0424357578125 0.5245704156250001 0.041270062499999996 0.5266602109375 0.043475396875 0.5346277734375 0.049902307812500005 0.532640715625 0.0432865125 0.5087387828125001 0.0444523640625 0.506648115625 0.0440112140625 0.5050543000000001 0.0451769078125 0.5029645046875 0.0447357578125 0.5013706906250001 0.0459018171875 0.4992807828125 0.045019725 0.49609390781249996 0.0461852109375 0.49400335625 0.0408924515625 0.47488135312499996 0.0420585109375 0.47279144687499997 0.026180440625000002 0.4154262 0.0241322890625 0.4143292328125 0.022809046875 0.40954854375 0.018713317187500002 0.4073552546875 0.0169491328125 0.4009815078125 0.0149013453125 0.39988442812499997
0 0.42088728125 0.1273259015625 0.4125070953125 0.0970494609375 0.3980459078125 0.10152054375 0.4064260953125 0.131796984375 0.42088728125 0.1273259015625
2 0.43332425625 0.6159896921875 0.04306071875 0.370963846875 0.035224959374999996 0.3835224625 0.081332765625 0.5667364421875 0.003004234375 0.516384146875 0.0031699203125 0.5448630671875 0.09114665 0.594051671875 0.097070428125 0.5735566171875 0.0518236296875 0.39992513281250003 0.4587768328125 0.6556475921875 0.46605060781249996 0.6345968625 0.3190980609375 0.3996994453125 0.22081670937500003 0.0482740890625 0.2046510421875 0.0532721578125 0.3061078015625 0.406837040625 0.43332425625 0.6159896921875
2 0.4203120421875 0.0971081890625 0.47546972500000007 0.28195009375 0.4890313953125 0.2860451765625 0.5331622078125 0.18670528125000002 0.6017229984375 0.2322731625 0.6087530375 0.2088317078125 0.5295704046874999 0.16404885625 0.48096074843750003 0.26104063593750004 0.4290284046875 0.0790356484375 0.32833669374999996 0.015031268749999998 0.3027600328125 0.0229390109375 0.4203120421875 0.0971081890625
0 0.0327311109375 0.6542120609375 0.04523569375 0.6503459171875 0.037010812500000004 0.6206305765625 0.0245062296875 0.62449671875 0.0327311109375 0.6542120609375
0 0.2298178953125 0.40269063125000004 0.241909675 0.3989521171875 0.2333867765625 0.36816007812499996 0.22129499375 0.37189859062499997 0.2298178953125 0.40269063125000004
0 0.198431021875 0.055195249999999994 0.204792240625 0.0781774421875 0.219360828125 0.07367315468749999 0.2129996109375 0.050690962500000006 0.198431021875 0.055195249999999994
0 0.43415099531249995 0.178853534375 0.44810951406250005 0.174537865625 0.4413936109375 0.1502742546875 0.42743509218750003 0.15458992031250002 0.43415099531249995 0.178853534375
0 0.5130401265625 0.1512402109375 0.5257492828125 0.14731081875000002 0.5172011999999999 0.1164277890625 0.5044920421875 0.12035718124999999 0.5130401265625 0.1512402109375
0 0.52787380625 0.106666515625 0.5397025640625001 0.1030093234375 0.5310411484374999 0.07171684375000001 0.519212390625 0.0753740359375 0.52787380625 0.106666515625
0 0.627753653125 0.133742140625 0.6406345046874999 0.1297596640625 0.6314861875 0.0967080734375 0.6186053328125001 0.10069055 0.627753653125 0.133742140625
0 0.45569331562500004 0.622187709375 0.46725905 0.6186118390625001 0.4588557765625 0.5882519921875 0.44729004375 0.5918278625 0.45569331562500004 0.622187709375
0 0.39349537031250004 0.5303725296875 0.39481203593749997 0.5325920390625 0.40678314843749996 0.5527516015625 0.4158526421875 0.5360078796875001 0.4016837546875 0.5138024515625 0.39349537031250004 0.5303725296875
0 0.41906054375 0.617030665625 0.4184498078125 0.5890373125 0.4031969765625 0.5820359609375 0.40427368750000003 0.6070520421875 0.41906054375 0.617030665625
0 0.426879975 0.329301240625 0.437835640625 0.3259139890625 0.42961495625 0.2962138109375 0.41865929062499996 0.29960106249999996 0.426879975 0.329301240625
0 0.3326955546875 0.013683606249999999 0.33304417656249996 0.0269614875 0.346597528125 0.034525325 0.34604996250000003 0.0095547171875 0.3326955546875 0.013683606249999999
1 0.00329188125 0.56582625 0.003678203125 0.5672219796875 0.0341432671875 0.5868133546875 0.0297792796875 0.56327128125 0.0031765250000000004 0.545998340625 0.00329188125 0.56582625
1 0.012260225 0.5982276203125 0.11708185 0.6616742140625 0.1104852390625 0.6377112015625 0.00465725 0.5707591328125 0.012260225 0.5982276203125
1 0.13055967500000001 0.4768088515625 0.1250769125 0.4525516703125 0.046994778125 0.4045007140625 0.052247820312500005 0.4241683796875 0.13055967500000001 0.4768088515625
1 0.258005721875 0.5358824421875 0.1243944078125 0.4514613265625 0.130983203125 0.476162628125 0.26276073125 0.554778075 0.258005721875 0.5358824421875
1 0.3688305375 0.6075812843749999 0.25713540468749996 0.5346666078125 0.2638906546875 0.5565062968750001 0.37390313124999996 0.6276200000000001 0.3688305375 0.6075812843749999
1 0.48613501562500006 0.724164465625 0.476469309375 0.69329690625 0.05457466875 0.4355966578125 0.060993684375 0.45639780625000004 0.48613501562500006 0.724164465625
1 0.3317158234375 0.35814936406250003 0.32704247343750004 0.3710809796875 0.47627250156249995 0.6149731421875 0.48271105312499996 0.5982592328125 0.3317158234375 0.35814936406250003
1 0.3191124171875 0.38868323125000004 0.3199682359375 0.3892220015625 0.3263317609375 0.3796587359375 0.26554982968749996 0.1619548140625 0.25783905625000003 0.17198483125 0.3191124171875 0.38868323125000004
1 0.23482415156249997 0.04394329375 0.32693716875 0.3760934484375 0.33244738906250004 0.3521127359375 0.24599291562499997 0.0404901578125 0.23482415156249997 0.04394329375
1 0.376953565625 0 0.357500253125 0.0060145375 0.43791362968750003 0.0570743078125 0.4457738640625 0.038464739062499996 0.38219638125 0 0.376953565625 0
1 0.491821221875 0.248423475 0.4926958609375 0.24817775000000003 0.50006695 0.2331666640625 0.445333459375 0.0363850484375 0.4383973796875 0.0570210484375 0.491821221875 0.248423475
1 0.6205732953124999 0.16597495625 0.5498101359375 0.1223778390625 0.5436980109375 0.139101946875 0.615254184375 0.1858048265625 0.6205732953124999 0.16597495625
1 0.5504964125 0.24454304843750002 0.5411398171874999 0.21431085312499998 0.49321979687499995 0.326262090625 0.5014065375000001 0.3553438953125 0.5504964125 0.24454304843750002
4 0.00296141875 0.3631358265625 0.0021141859374999997 0.363397771875 0.0024456453125 0.420370828125 0.0175139375 0.41571204375 0.00296141875 0.3631358265625
4 0.06954111406249999 0.3278292421875 0.096848084375 0.3193865265625 0.08268382656249999 0.26821305156249997 0.0553768578125 0.27665576718749996 0.06954111406249999 0.3278292421875
4 0.09724683437500001 0.72055348125 0.12541593906249998 0.7118442140625 0.111176128125 0.660397771875 0.083007025 0.6691070406249999 0.09724683437500001 0.72055348125
4 0.45891529999999997 0.5568889625 0.48409250937500004 0.5491047234375 0.469720478125 0.49718059062500003 0.44454326875000005 0.5049648296875 0.45891529999999997 0.5568889625
4 0.3592706421875 0.41275388281250003 0.3869136984375 0.40420725781250005 0.37322794843749996 0.3547625640625 0.34558489375 0.3633091890625 0.3592706421875 0.41275388281250003
4 0.32618869687499996 0.32682455 0.3493640015625 0.3196592546875 0.3356026984375 0.2699415953125 0.31242739375 0.277106890625 0.32618869687499996 0.32682455
4 0.397057046875 0 0.39959205625 0.009158634374999999 0.42921458125 0 0.397057046875 0
4 0.46153204218750005 0.07703311406249999 0.4898034328125 0.0682922203125 0.4746024078125 0.013373050000000001 0.44633101875000003 0.02211394375 0.46153204218750005 0.07703311406249999
4 0.488884034375 0.12548327343750001 0.514214671875 0.117651596875 0.5013705093749999 0.0712474375 0.476039871875 0.0790791140625 0.488884034375 0.12548327343750001
4 0.5241189875 0 0.5375848984375 0.048650453125 0.568504790625 0.0390907015625 0.5576849140625 0 0.5241189875 0
4 0.5805980609375 0.0867435796875 0.61041836875 0.0775237953125 0.59356775 0.016644875 0.56374744375 0.025864659374999998 0.5805980609375 0.0867435796875
1 0.6415939125000001 0.1524134265625 0.633954703125 0.1270491359375 0.6094219203125 0.1403853125 0.6155236234375 0.1620401953125 0.6415939125000001 0.1524134265625
1 0.55437110625 0.36471660625 0.5443712078125 0.333352315625 0.5210647265625 0.3418002625 0.5076925875 0.3196193078125 0.5013601750000001 0.3310916609375 0.5310266218749999 0.375540321875 0.55437110625 0.36471660625
3 0.049322409375 0.4426671640625 0.08301135625 0.43225128125 0.06517434062500001 0.3678086421875 0.03148539375 0.3782245234375 0.049322409375 0.4426671640625
3 0.4358029859375 0.6574472015625 0.46400862031249995 0.6487266390624999 0.44878660937500003 0.59373164375 0.420580975 0.60245220625 0.4358029859375 0.6574472015625
3 0.06724436406249999 0.594585921875 0.10239455156249999 0.5837182546874999 0.084085325 0.5175695796875 0.0489351359375 0.5284372453125 0.06724436406249999 0.594585921875
3 0.41580171093749996 0.1615821 0.45101765625 0.1506941046875 0.4192955125 0.0360864453125 0.3840795671875 0.0469744421875 0.41580171093749996 0.1615821
3 0.47206014218750003 0.28672890624999997 0.5085802484374999 0.2754376921875 0.49186394843750003 0.2150440421875 0.45534384375 0.22633525781250002 0.47206014218750003 0.28672890624999997
3 0.5137295984375 0.21725984999999998 0.5678430624999999 0.20052915468750002 0.5566233078125 0.15999375625 0.50250984375 0.1767244515625 0.5137295984375 0.21725984999999998
3 0.3228453609375 0.46176844062500005 0.34733213281249997 0.4541976671875 0.31592689687500003 0.3407349484375 0.291440125 0.3483057203125 0.3228453609375 0.46176844062500005