0 0.134375171875 0.27968784062499996 0.159375171875 0.27968784062499996 0.16250068906249998 0.2765626140625 0.16250068906249998 0.245312159375 0.16406206875 0.243749546875 0.16406206875 0.23593829375 0.134375171875 0.23593829375 0.134375171875 0.27968784062499996
0 0.28124965468749996 0.2468747734375 0.2531255171875 0.2468747734375 0.2531255171875 0.2921869328125 0.275 0.2921869328125 0.276562759375 0.29062431875 0.2781255171875 0.29062431875 0.27968689687500004 0.28906170625 0.27968689687500004 0.26406170625000003 0.28124965468749996 0.2625009078125 0.28124965468749996 0.2468747734375
3 0.240624828125 0.40312522656249994 0.240624828125 0.3968747734375 0.245313103125 0.3921869328125 0.24687448281250002 0.3921869328125 0.248437240625 0.39062431875 0.248437240625 0.35625045312500003 0.18906206875 0.35625045312500003 0.18906206875 0.40312522656249994 0.1937503453125 0.40312522656249994 0.1968744828125 0.4 0.2031255171875 0.4 0.20468689687500002 0.4015626140625 0.20624965468749998 0.4015626140625 0.2078124140625 0.40312522656249994 0.240624828125 0.40312522656249994
0 0.88593793125 0.9843756812500001 0.88593793125 0.9437495468750001 0.8562496546875 0.9437495468750001 0.8562496546875 0.98593829375 0.8843751718749999 0.98593829375 0.88593793125 0.9843756812500001
0 0.9734372406249999 0.05937568125 0.9734372406249999 0.06406170624999999 0.9718744828125001 0.06562431875 0.9718744828125001 0.1031252265625 0.9984372406249999 0.1031252265625 0.9984372406249999 0.0578130671875 0.975 0.0578130671875 0.9734372406249999 0.05937568125
0 0.7087241375 0.4710889296875 0.518255171875 0.4710889296875 0.518255171875 0.546588021875 0.7087241375 0.546588021875 0.7087241375 0.4710889296875
0 1 0.56990925625 0.826206896875 0.56990925625 0.826206896875 0.6465698734374999 1 0.6465698734374999 1 0.56990925625
5 0.645406896875 0.5452087109375 0.5195034484375001 0.5452087109375 0.5195034484375001 0.577840290625 0.645406896875 0.577840290625 0.645406896875 0.5452087109375
5 0.3117586203125 0.30637931093750004 0.24661379375 0.30637931093750004 0.24661379375 0.3433847546875 0.3117586203125 0.3433847546875 0.3117586203125 0.30637931093750004
5 0.419082759375 0.39201451875000004 0.3580206890625 0.39201451875000004 0.3580206890625 0.4252268609375 0.419082759375 0.4252268609375 0.419082759375 0.39201451875000004
5 0.2876482765625 0.0543557171875 0.16024137968750002 0.0543557171875 0.16024137968750002 0.0868058078125 0.2876482765625 0.0868058078125 0.2876482765625 0.0543557171875
0 0.1592813796875 0 0.1585613796875 0.055834845312500006 0.34926068906249996 0.0560036296875 0.3514565515625 0 0.1592813796875 0
1 0.038806896875 0.33931215937500003 0.8307751718749999 0.938326678125 0.8530689656250001 0.9207985484375 0.07250344843749999 0.32782032656250004 0.038806896875 0.33931215937500003
1 0.2007793109375 0.3884101640625 0.17727034531250002 0.40230308593749997 0.2895434484375 0.4953938296875 0.3163558625 0.47689836718749995 0.2007793109375 0.3884101640625
1 0.44046896562500004 0.608092559375 0.468513103125 0.5863684203124999 0.3142275859375 0.47531941875 0.2898041375 0.4920417421875 0.44046896562500004 0.608092559375
1 0.5968634484375 0.7222196000000001 0.6182593109375001 0.702901996875 0.465997240625 0.5869709624999999 0.44173655156249997 0.609297640625 0.5968634484375 0.7222196000000001
1 0.7481117234375 0.8377749546875 0.772064828125 0.8172940109375 0.615935171875 0.7036696921875001 0.595846896875 0.723618875 0.7481117234375 0.8377749546875
1 0.8482041375 0.9242268609375 0.852851034375 0.9188729578125001 0.8833641374999999 0.8991034484375 0.7727006890625 0.8158729578124999 0.74358206875 0.83812885625 0.849757240625 0.9201615249999999 0.8482041375 0.9242268609375
2 0.11216 0 0.1046744828125 0.278769509375 0.1095393109375 0.31251724062499997 0.880108965625 0.8902268609374999 0.906726896875 0.8924537203125 0.9986206890625 0.8318747734375 0.9986206890625 0.7797150640625 0.8918496546875 0.8655190562499999 0.12950206875 0.28378584375 0.13818620625 0 0.11216 0