0 0.31093745156249997 0.9765625 0.31093745156249997 0.996875 0.323437834375 0.996875 0.323437834375 0.99375 0.325 0.9921875 0.325 0.9796875 0.323437834375 0.978125 0.325 0.9765625 0.31093745156249997 0.9765625
0 0.3046872609375 0.690625 0.3046872609375 0.6734375 0.2890625484375 0.6734375 0.2890625484375 0.6921875 0.3031250953125 0.6921875 0.3046872609375 0.690625
0 0.58750038125 0.953125 0.58750038125 0.9375 0.575 0.9375 0.575 0.9546875 0.5859374515625 0.9546875 0.58750038125 0.953125
4 0.74218764375 0.9234375 0.7859374515625001 0.9234375 0.78749961875 0.921875 0.7890625484375 0.921875 0.79218764375 0.91875 0.79218764375 0.8765625 0.74218764375 0.8765625 0.74218764375 0.9234375
4 0.506250190625 0.9796875 0.506250190625 0.9984375 0.5437498093750001 0.9984375 0.5437498093750001 0.9796875 0.506250190625 0.9796875
0 0.293749809375 0.728125 0.29218764375 0.728125 0.2906247140625 0.7296875 0.2906247140625 0.759375 0.30625019062500003 0.759375 0.30937528593749997 0.75625 0.31250038125 0.75625 0.31406254843750003 0.7546875 0.3218749046875 0.7546875 0.323437834375 0.753125 0.325 0.753125 0.3296872609375 0.7484375 0.3296872609375 0.725 0.3281250953125 0.7234375 0.3281250953125 0.7203125 0.3296872609375 0.71875 0.30781235625000003 0.71875 0.30937528593749997 0.7203125 0.30625019062500003 0.7234375 0.3046872609375 0.7234375 0.3031250953125 0.725 0.298437834375 0.725 0.2968749046875 0.7265625 0.2953127390625 0.7265625 0.293749809375 0.728125
0 0.6406247140625 0.7921875 0.64218764375 0.790625 0.643749809375 0.790625 0.643749809375 0.7734375 0.6296872609374999 0.7734375 0.6296872609374999 0.7921875 0.6406247140625 0.7921875
4 0.6687498093750001 0.8734375 0.6687498093750001 0.85 0.66718764375 0.8484375 0.66718764375 0.8328125 0.626562165625 0.8328125 0.626562165625 0.8734375 0.6687498093750001 0.8734375
5 0.15781235625 0.4078125 0.15781235625 0.4765625 0.30937528593749997 0.4765625 0.30937528593749997 0.4078125 0.15781235625 0.4078125
0 0.47968726093749997 0.8421875 0.47968726093749997 0.8265625 0.46250038125000004 0.8265625 0.46250038125000004 0.8453125 0.476562165625 0.8453125 0.47968726093749997 0.8421875
1 0.4296872609375 0.7234375 0.43437528593749997 0.728125 0.4359374515625 0.728125 0.43750038125 0.7296875 0.4390625484375 0.7296875 0.4453127390625 0.7359375 0.44843783437500007 0.7359375 0.45 0.7375 0.45156216562499996 0.7375 0.45625019062499994 0.7421875 0.4593752859375 0.7421875 0.46093745156250004 0.74375 0.46250038125000004 0.74375 0.46406254843749994 0.7453125 0.46406254843749994 0.746875 0.46718764375 0.746875 0.46874980937500005 0.7484375 0.4718749046875 0.7484375 0.47343783437500003 0.75 0.475 0.75 0.4781250953125 0.753125 0.47968726093749997 0.753125 0.48125019062499996 0.7546875 0.4843752859375 0.7546875 0.4906247140625 0.7609375 0.49687490468749995 0.7609375 0.5031250953125 0.7671875 0.5109374515625 0.7671875 0.5124996187499999 0.76875 0.5140625484375 0.76875 0.51718764375 0.771875 0.518749809375 0.771875 0.5203127390625 0.7734375 0.5265621656249999 0.7734375 0.531250190625 0.778125 0.53281235625 0.778125 0.5343752859374999 0.7796875 0.5406247140625 0.7796875 0.54218764375 0.78125 0.5437498093750001 0.78125 0.5468749046875 0.784375 0.55 0.784375 0.5515621656249999 0.7859375 0.5687498093750001 0.7859375 0.5703127390625 0.784375 0.5718749046875 0.7859375 0.575 0.7859375 0.5796872609375 0.790625 0.5796872609375 0.7953125 0.58281235625 0.7984375 0.5843752859375 0.7984375 0.5859374515625 0.8 0.5890625484374999 0.8 0.5890625484374999 0.7859375 0.5859374515625 0.7828125 0.5843752859375 0.7828125 0.58281235625 0.78125 0.575 0.78125 0.5703127390625 0.7765625 0.56718764375 0.7765625 0.5656247140625 0.775 0.5609374515625001 0.775 0.5593752859375 0.7734375 0.55781235625 0.7734375 0.5531250953125 0.76875 0.55 0.76875 0.548437834375 0.7671875 0.5468749046875 0.7671875 0.5437498093750001 0.7640625 0.54218764375 0.7640625 0.5406247140625 0.7625 0.53750038125 0.7625 0.5359374515625001 0.7609375 0.5343752859374999 0.7609375 0.531250190625 0.7578125 0.5296872609375 0.7578125 0.5281250953125001 0.75625 0.525 0.75625 0.523437834375 0.7546875 0.5203127390625 0.7546875 0.518749809375 0.753125 0.518749809375 0.7515625 0.51718764375 0.7515625 0.5156247140625 0.75 0.5140625484375 0.75 0.5124996187499999 0.7484375 0.5093752859375 0.7484375 0.506250190625 0.7453125 0.5046872609374999 0.7453125 0.5031250953125 0.74375 0.5 0.74375 0.49843783437500006 0.7421875 0.49687490468749995 0.7421875 0.493749809375 0.7390625 0.49218764375 0.7390625 0.4906247140625 0.7375 0.4843752859375 0.7375 0.4781250953125 0.73125 0.4718749046875 0.73125 0.4656247140625 0.725 0.46093745156250004 0.725 0.4593752859375 0.7234375 0.45781235625 0.7234375 0.4531250953125 0.71875 0.44687490468749996 0.71875 0.4453127390625 0.7171875 0.44218764374999997 0.7171875 0.4390625484375 0.7140625 0.4359374515625 0.7140625 0.43437528593749997 0.7125 0.431250190625 0.7125 0.4296872609375 0.7109375 0.4218749046875 0.7109375 0.4203127390625 0.7125 0.4203127390625 0.71875 0.4218749046875 0.7203125 0.42343783437500004 0.7203125 0.425 0.721875 0.42656216562499993 0.721875 0.42812509531250004 0.7234375 0.4296872609375 0.7234375
0 0.656250190625 0.9609375 0.656250190625 0.9796875 0.6718749046875 0.9796875 0.6718749046875 0.9609375 0.656250190625 0.9609375
4 0.5390625484375 0.784375 0.5390625484375 0.8140625 0.55781235625 0.8140625 0.5593752859375 0.8125 0.5687498093750001 0.8125 0.5703127390625 0.8140625 0.575 0.809375 0.575 0.784375 0.5390625484375 0.784375
4 0.6765621656249999 0.2390625 0.6796872609375 0.2359375 0.6796872609375 0.2078125 0.6812501906249999 0.20625 0.6468749046875 0.20625 0.6468749046875 0.2390625 0.6765621656249999 0.2390625
5 0.46093745156250004 0.65 0.46250038125000004 0.6484375 0.4656247140625 0.6484375 0.46718764375 0.646875 0.4781250953125 0.646875 0.47968726093749997 0.6453125 0.4859374515625 0.6453125 0.48750038125 0.646875 0.4906247140625 0.646875 0.49218764375 0.6484375 0.493749809375 0.6484375 0.4953127390625 0.65 0.49687490468749995 0.65 0.5 0.653125 0.5 0.6546875 0.5359374515625001 0.6546875 0.5390625484375 0.6515625 0.5406247140625 0.6515625 0.54218764375 0.653125 0.54218764375 0.6546875 0.5859374515625 0.6546875 0.5859374515625 0.58125 0.43281235625000003 0.58125 0.43281235625000003 0.6515625 0.43437528593749997 0.6515625 0.4359374515625 0.653125 0.4359374515625 0.6546875 0.45625019062499994 0.6546875 0.4546872609375 0.653125 0.45781235625 0.65 0.46093745156250004 0.65
0 0.59218764375 0.478125 0.59218764375 0.4953125 0.6093752859375 0.4953125 0.6093752859375 0.478125 0.59218764375 0.478125
1 0.5546872609375 0.1984375 0.5531250953125 0.2 0.5515621656249999 0.2 0.5453127390625 0.20625 0.54218764375 0.20625 0.5406247140625 0.2078125 0.5390625484375 0.2078125 0.5343752859374999 0.2125 0.531250190625 0.2125 0.5281250953125001 0.215625 0.5265621656249999 0.215625 0.523437834375 0.21875 0.5203127390625 0.21875 0.518749809375 0.2203125 0.51718764375 0.2203125 0.5140625484375 0.2234375 0.5124996187499999 0.2234375 0.5109374515625 0.225 0.5093752859375 0.225 0.50781235625 0.2265625 0.506250190625 0.2265625 0.501562165625 0.23125 0.49843783437500006 0.23125 0.49687490468749995 0.2328125 0.4953127390625 0.2328125 0.4906247140625 0.2375 0.48750038125 0.2375 0.4859374515625 0.2390625 0.4843752859375 0.2390625 0.48281235625 0.240625 0.48125019062499996 0.240625 0.47968726093749997 0.2421875 0.4781250953125 0.2421875 0.476562165625 0.24375 0.475 0.24375 0.4718749046875 0.246875 0.47031273906250004 0.246875 0.46718764375 0.25 0.46406254843749994 0.25 0.4593752859375 0.2546875 0.45781235625 0.2546875 0.45625019062499994 0.25625 0.4531250953125 0.25625 0.45156216562499996 0.2578125 0.45 0.2578125 0.4453127390625 0.2625 0.44218764374999997 0.2625 0.44062471406250003 0.2640625 0.4390625484375 0.2640625 0.43437528593749997 0.26875 0.43281235625000003 0.26875 0.431250190625 0.2703125 0.4296872609375 0.2703125 0.42656216562499993 0.2734375 0.425 0.2734375 0.42343783437500004 0.275 0.4218749046875 0.275 0.41718764375 0.2796875 0.4156247140625 0.2796875 0.41406254843749996 0.28125 0.41093745156250006 0.28125 0.4093752859375 0.2828125 0.40781235625 0.2828125 0.4031250953125 0.2875 0.40156216562499997 0.2875 0.39218764375 0.296875 0.39218764375 0.2984375 0.3906247140625 0.3 0.3890625484375 0.3 0.38750038125 0.3015625 0.38750038125 0.303125 0.3843752859375 0.30625 0.38281235625 0.30625 0.3781250953125 0.3109375 0.376562165625 0.3109375 0.375 0.3125 0.368749809375 0.3125 0.36718764375 0.3140625 0.36249961875 0.3140625 0.3609374515625 0.315625 0.3593752859375 0.315625 0.35781235625 0.3171875 0.356250190625 0.3171875 0.35468726093749997 0.31875 0.35312509531249997 0.31875 0.351562165625 0.3203125 0.35 0.3203125 0.34531273906250004 0.325 0.343749809375 0.325 0.34218764375 0.3265625 0.3406247140625 0.3265625 0.3359374515625 0.33125 0.33281235625 0.33125 0.326562165625 0.3375 0.326562165625 0.3515625 0.3343752859375 0.3515625 0.3359374515625 0.35 0.33750038125000004 0.35 0.3390625484375 0.3484375 0.3406247140625 0.3484375 0.34531273906250004 0.34375 0.34687490468750004 0.34375 0.35 0.340625 0.351562165625 0.340625 0.35781235625 0.334375 0.3593752859375 0.334375 0.3593752859375 0.3328125 0.3640625484375 0.328125 0.3656247140625 0.328125 0.3703127390625 0.3234375 0.3718749046875 0.3234375 0.3781250953125 0.3171875 0.38281235625 0.3171875 0.3843752859375 0.315625 0.38750038125 0.315625 0.3906247140625 0.3125 0.393749809375 0.3125 0.39531273906250003 0.3109375 0.4 0.3109375 0.40156216562499997 0.309375 0.4031250953125 0.309375 0.40781235625 0.3046875 0.41093745156250006 0.3046875 0.41250038125 0.303125 0.41406254843749996 0.303125 0.4156247140625 0.3015625 0.41718764375 0.3015625 0.41874980937500006 0.3 0.4203127390625 0.3 0.4218749046875 0.2984375 0.42343783437500004 0.2984375 0.425 0.296875 0.425 0.2953125 0.42656216562499993 0.29375 0.42812509531250004 0.29375 0.4296872609375 0.2921875 0.43281235625000003 0.2921875 0.43750038125 0.2875 0.4390625484375 0.2875 0.44062471406250003 0.2859375 0.44218764374999997 0.2859375 0.443749809375 0.284375 0.4453127390625 0.284375 0.44843783437500007 0.28125 0.45 0.28125 0.45156216562499996 0.2796875 0.4531250953125 0.2796875 0.4546872609375 0.278125 0.45625019062499994 0.278125 0.46093745156250004 0.2734375 0.46250038125000004 0.2734375 0.46718764375 0.26875 0.46874980937500005 0.26875 0.47031273906250004 0.2671875 0.4718749046875 0.2671875 0.48281235625 0.25625 0.4843752859375 0.25625 0.4859374515625 0.2546875 0.48906254843749997 0.2546875 0.4953127390625 0.2484375 0.49843783437500006 0.2484375 0.5 0.246875 0.501562165625 0.246875 0.506250190625 0.2421875 0.50781235625 0.2421875 0.5093752859375 0.240625 0.5109374515625 0.240625 0.5156247140625 0.2359375 0.51718764375 0.2359375 0.518749809375 0.234375 0.5203127390625 0.234375 0.523437834375 0.23125 0.525 0.23125 0.5265621656249999 0.2296875 0.5296872609375 0.2296875 0.531250190625 0.228125 0.5343752859374999 0.228125 0.5390625484375 0.2234375 0.5406247140625 0.2234375 0.5453127390625 0.21875 0.5468749046875 0.21875 0.548437834375 0.2171875 0.5531250953125 0.2171875 0.55781235625 0.2125 0.5593752859375 0.2125 0.5609374515625001 0.2109375 0.5640625484374999 0.2109375 0.5656247140625 0.209375 0.56718764375 0.209375 0.5718749046875 0.2046875 0.576562165625 0.2046875 0.5843752859375 0.196875 0.5859374515625 0.196875 0.5859374515625 0.1953125 0.5906247140625001 0.190625 0.59218764375 0.190625 0.59218764375 0.1875 0.5906247140625001 0.1890625 0.5890625484374999 0.1890625 0.58750038125 0.1875 0.5718749046875 0.1875 0.56718764375 0.1921875 0.5656247140625 0.1921875 0.5640625484374999 0.19375 0.56250038125 0.19375 0.5609374515625001 0.1953125 0.5593752859375 0.1953125 0.5562501906249999 0.1984375 0.5546872609375 0.1984375
4 0.48750038125 0.5125 0.48906254843749997 0.5109375 0.48906254843749997 0.5015625 0.45625019062499994 0.5015625 0.45625019062499994 0.53125 0.4843752859375 0.53125 0.4859374515625 0.5296875 0.48750038125 0.5296875 0.48906254843749997 0.528125 0.48906254843749997 0.5171875 0.48750038125 0.515625 0.48750038125 0.5125
0 0.34218764375 0.3984375 0.34218764375 0.4171875 0.3656247140625 0.4171875 0.3656247140625 0.3984375 0.34218764375 0.3984375
4 0.86718764375 0.9328125 0.86718764375 0.9203125 0.8687498093749999 0.91875 0.8687498093749999 0.896875 0.81718764375 0.896875 0.81718764375 0.9515625 0.818749809375 0.953125 0.8656247140625 0.953125 0.86718764375 0.9515625 0.86718764375 0.95 0.8687498093749999 0.9484375 0.8687498093749999 0.934375 0.86718764375 0.9328125
5 0.6468749046875 0.340625 0.6468749046875 0.4140625 0.843749809375 0.4140625 0.843749809375 0.340625 0.6468749046875 0.340625
4 0.3218749046875 0.9296875 0.3218749046875 0.9734375 0.3703127390625 0.9734375 0.3703127390625 0.9296875 0.3218749046875 0.9296875
3 0.3890625484375 0.9359375 0.3890625484375 0.98125 0.43281235625000003 0.98125 0.43281235625000003 0.9359375 0.3890625484375 0.9359375
5 0.3593752859375 0.7859375 0.3593752859375 0.771875 0.35781235625 0.7703125 0.23437528593749998 0.7703125 0.23437528593749998 0.790625 0.3406247140625 0.790625 0.34218764375 0.7890625 0.35312509531249997 0.7890625 0.35468726093749997 0.7875 0.356250190625 0.7875 0.35781235625 0.7859375 0.3593752859375 0.7859375
0 0.493749809375 0.665625 0.4953127390625 0.665625 0.49843783437500006 0.6625 0.49843783437500006 0.6359375 0.46250038125000004 0.6359375 0.45625019062499994 0.6421875 0.45625019062499994 0.6734375 0.4781250953125 0.6734375 0.48281235625 0.66875 0.4859374515625 0.66875 0.48750038125 0.6671875 0.49218764375 0.6671875 0.493749809375 0.665625
5 0.373437834375 0.521875 0.373437834375 0.49375 0.29218764375 0.49375 0.29218764375 0.525 0.3703127390625 0.525 0.373437834375 0.521875
0 0.3906247140625 0.8609375 0.3906247140625 0.846875 0.375 0.846875 0.375 0.8625 0.3890625484375 0.8625 0.3906247140625 0.8609375
4 0.3843752859375 0.309375 0.3890625484375 0.3046875 0.3906247140625 0.3046875 0.3906247140625 0.26875 0.35 0.26875 0.35 0.3109375 0.35312509531249997 0.3109375 0.35468726093749997 0.3125 0.3609374515625 0.3125 0.36249961875 0.3109375 0.3781250953125 0.3109375 0.3796872609375 0.309375 0.3843752859375 0.309375
0 0.5843752859375 0.746875 0.5843752859375 0.73125 0.58281235625 0.73125 0.5812501906249999 0.7296875 0.5687498093750001 0.7296875 0.5656247140625 0.7328125 0.5656247140625 0.7484375 0.5718749046875 0.7484375 0.5734378343750001 0.75 0.5781250953125 0.75 0.5796872609375 0.7484375 0.58281235625 0.7484375 0.5843752859375 0.746875
1 0.6718749046875 0.915625 0.673437834375 0.915625 0.675 0.9171875 0.6796872609375 0.9171875 0.6812501906249999 0.91875 0.68281235625 0.91875 0.6859374515625001 0.921875 0.68750038125 0.921875 0.6890625484374999 0.9234375 0.69218764375 0.9234375 0.6937498093750001 0.925 0.6953127390625 0.925 0.6984378343750001 0.928125 0.701562165625 0.928125 0.7031250953125 0.9296875 0.7046872609375 0.9296875 0.7062501906249999 0.93125 0.70781235625 0.93125 0.71250038125 0.9359375 0.7140625484374999 0.9359375 0.71718764375 0.9390625 0.718749809375 0.9390625 0.7218749046874999 0.9421875 0.7281250953125 0.9421875 0.7296872609375 0.94375 0.731250190625 0.94375 0.7343752859375 0.946875 0.7359374515625 0.946875 0.7375003812500001 0.9484375 0.7390625484375 0.9484375 0.7406247140625 0.95 0.743749809375 0.95 0.7468749046875 0.953125 0.7531250953125 0.953125 0.7546872609374999 0.9515625 0.756250190625 0.9515625 0.75781235625 0.95 0.7593752859375 0.95 0.7609374515625 0.9484375 0.7609374515625 0.9390625 0.7593752859375 0.9390625 0.75781235625 0.9375 0.7546872609374999 0.9375 0.7531250953125 0.9359375 0.751562165625 0.9359375 0.748437834375 0.9328125 0.7468749046875 0.9328125 0.7453127390625001 0.93125 0.743749809375 0.93125 0.74218764375 0.9296875 0.7406247140625 0.9296875 0.7375003812500001 0.9265625 0.7359374515625 0.9265625 0.7343752859375 0.925 0.7281250953125 0.925 0.726562165625 0.9234375 0.7234378343750001 0.9234375 0.7203127390625 0.9203125 0.718749809375 0.9203125 0.71718764375 0.91875 0.7140625484374999 0.91875 0.70781235625 0.9125 0.7046872609375 0.9125 0.7031250953125 0.9109375 0.701562165625 0.9109375 0.6968749046875 0.90625 0.6937498093750001 0.90625 0.69218764375 0.9046875 0.6906247140625 0.9046875 0.68750038125 0.9015625 0.6859374515625001 0.9015625 0.6843752859375 0.9 0.68281235625 0.9 0.6765621656249999 0.89375 0.66718764375 0.89375 0.6656247140625 0.8921875 0.6593752859374999 0.8921875 0.65781235625 0.890625 0.65781235625 0.909375 0.6593752859374999 0.9109375 0.6640625484375 0.9109375 0.6656247140625 0.9125 0.66718764375 0.9125 0.6687498093750001 0.9140625 0.6703127390625 0.9140625 0.6718749046875 0.915625
4 0.7093752859375 0.7046875 0.6687498093750001 0.7046875 0.6687498093750001 0.740625 0.6890625484374999 0.740625 0.6906247140625 0.7390625 0.7031250953125 0.7390625 0.7046872609375 0.7375 0.7062501906249999 0.7375 0.7093752859375 0.734375 0.7093752859375 0.7046875
0 0.61718764375 0.165625 0.618749809375 0.1640625 0.618749809375 0.1609375 0.6046872609375 0.1609375 0.6046872609375 0.1875 0.618749809375 0.1875 0.618749809375 0.1859375 0.61718764375 0.184375 0.61718764375 0.1734375 0.618749809375 0.171875 0.618749809375 0.1671875 0.61718764375 0.165625
5 0.0953127390625 0.378125 0.0953127390625 0.4 0.1640625484375 0.4 0.16562471406249998 0.3984375 0.24218764375 0.3984375 0.243749809375 0.4 0.2968749046875 0.4 0.2968749046875 0.378125 0.0953127390625 0.378125
3 0.523437834375 0.7359375 0.523437834375 0.7140625 0.5 0.7140625 0.5 0.7390625 0.5203127390625 0.7390625 0.523437834375 0.7359375
0 0.40781235625 0.3296875 0.41406254843749996 0.3296875 0.41718764375 0.3265625 0.41718764375 0.3234375 0.41874980937500006 0.321875 0.41874980937500006 0.3140625 0.41718764375 0.3125 0.41718764375 0.309375 0.40625019062499995 0.309375 0.4031250953125 0.3125 0.40156216562499997 0.3125 0.4 0.3140625 0.4 0.3328125 0.4031250953125 0.3328125 0.40468726093749996 0.33125 0.40625019062499995 0.33125 0.40781235625 0.3296875
4 0.46718764375 0.553125 0.46718764375 0.58125 0.49687490468749995 0.58125 0.49687490468749995 0.553125 0.46718764375 0.553125
5 0.31874980937499997 0.6609375 0.31874980937499997 0.6359375 0.24062471406250002 0.6359375 0.24062471406250002 0.6640625 0.31562471406250003 0.6640625 0.31874980937499997 0.6609375
5 0.53750038125 0.878125 0.53750038125 0.8640625 0.4546872609375 0.8640625 0.4546872609375 0.8828125 0.5031250953125 0.8828125 0.5046872609374999 0.88125 0.50781235625 0.88125 0.5093752859375 0.8796875 0.5343752859374999 0.8796875 0.5359374515625001 0.878125 0.53750038125 0.878125
1 0.48750038125 0.946875 0.4843752859375 0.95 0.48281235625 0.95 0.48125019062499996 0.9515625 0.4781250953125 0.9515625 0.475 0.9546875 0.47343783437500003 0.9546875 0.47031273906250004 0.9578125 0.46874980937500005 0.9578125 0.46874980937500005 0.959375 0.46718764375 0.9609375 0.4656247140625 0.9609375 0.4593752859375 0.9671875 0.45781235625 0.9671875 0.45625019062499994 0.96875 0.4531250953125 0.96875 0.45156216562499996 0.9703125 0.44687490468749996 0.9703125 0.4453127390625 0.971875 0.443749809375 0.971875 0.44218764374999997 0.9734375 0.44062471406250003 0.9734375 0.4390625484375 0.975 0.43437528593749997 0.975 0.43281235625000003 0.9765625 0.431250190625 0.9765625 0.4296872609375 0.978125 0.4296872609375 0.9796875 0.431250190625 0.98125 0.431250190625 0.984375 0.4296872609375 0.9859375 0.42812509531250004 0.9859375 0.42656216562499993 0.9875 0.42656216562499993 0.9984375 0.44218764374999997 0.9984375 0.44218764374999997 0.99375 0.44843783437500007 0.9875 0.45 0.9875 0.45156216562499996 0.9859375 0.4531250953125 0.9859375 0.4546872609375 0.984375 0.45625019062499994 0.984375 0.4593752859375 0.98125 0.46250038125000004 0.98125 0.46406254843749994 0.9796875 0.46874980937500005 0.9796875 0.47031273906250004 0.978125 0.4718749046875 0.978125 0.475 0.975 0.476562165625 0.975 0.4781250953125 0.9734375 0.47968726093749997 0.9734375 0.4843752859375 0.96875 0.4859374515625 0.96875 0.48906254843749997 0.965625 0.49218764375 0.965625 0.493749809375 0.9640625 0.49687490468749995 0.9640625 0.49843783437500006 0.9625 0.5 0.9625 0.501562165625 0.9609375 0.5046872609374999 0.9609375 0.506250190625 0.959375 0.50781235625 0.959375 0.50781235625 0.9359375 0.506250190625 0.9359375 0.5046872609374999 0.9375 0.5 0.9375 0.49843783437500006 0.9390625 0.4906247140625 0.9390625 0.48906254843749997 0.940625 0.48906254843749997 0.94375 0.48750038125 0.9453125 0.48750038125 0.946875
3 0.575 0.215625 0.575 0.259375 0.5781250953125 0.259375 0.5796872609375 0.2609375 0.6046872609375 0.2609375 0.606250190625 0.259375 0.60781235625 0.259375 0.60781235625 0.215625 0.575 0.215625
2 0.53281235625 0.8828125 0.5296872609375 0.8859375 0.5281250953125001 0.8859375 0.5265621656249999 0.8875 0.523437834375 0.8875 0.5218749046875 0.8890625 0.5203127390625 0.8890625 0.5156247140625 0.89375 0.5140625484375 0.89375 0.5124996187499999 0.8953125 0.5109374515625 0.8953125 0.5093752859375 0.896875 0.50781235625 0.896875 0.5046872609374999 0.9 0.5031250953125 0.9 0.501562165625 0.9015625 0.5 0.9015625 0.5 0.903125 0.49687490468749995 0.90625 0.4953127390625 0.90625 0.48906254843749997 0.9125 0.48750038125 0.9125 0.48281235625 0.9171875 0.48125019062499996 0.9171875 0.47968726093749997 0.91875 0.4781250953125 0.91875 0.476562165625 0.9203125 0.475 0.9203125 0.47343783437500003 0.921875 0.4718749046875 0.921875 0.47031273906250004 0.9234375 0.46874980937500005 0.9234375 0.46718764375 0.925 0.4656247140625 0.925 0.46406254843749994 0.9265625 0.46250038125000004 0.9265625 0.46250038125000004 0.928125 0.4593752859375 0.93125 0.45625019062499994 0.93125 0.4546872609375 0.9328125 0.4531250953125 0.9328125 0.45156216562499996 0.934375 0.45 0.934375 0.44843783437500007 0.9359375 0.44687490468749996 0.9359375 0.443749809375 0.9390625 0.443749809375 0.9421875 0.44062471406250003 0.9453125 0.43281235625000003 0.9453125 0.42656216562499993 0.9515625 0.425 0.9515625 0.425 0.953125 0.4203127390625 0.9578125 0.4203127390625 0.9609375 0.42812509531250004 0.9609375 0.431250190625 0.9578125 0.43281235625000003 0.9578125 0.43281235625000003 0.95625 0.4359374515625 0.953125 0.43750038125 0.953125 0.4390625484375 0.9515625 0.4390625484375 0.95 0.443749809375 0.9453125 0.4453127390625 0.9453125 0.44687490468749996 0.94375 0.44843783437500007 0.94375 0.45 0.9421875 0.45625019062499994 0.9421875 0.45781235625 0.940625 0.46093745156250004 0.940625 0.46406254843749994 0.9375 0.46718764375 0.9375 0.46874980937500005 0.9359375 0.47343783437500003 0.9359375 0.475 0.934375 0.476562165625 0.934375 0.48125019062499996 0.9296875 0.48281235625 0.9296875 0.4843752859375 0.928125 0.4859374515625 0.928125 0.48906254843749997 0.925 0.4906247140625 0.925 0.49218764375 0.9234375 0.49687490468749995 0.9234375 0.49843783437500006 0.921875 0.5 0.921875 0.5031250953125 0.91875 0.5046872609374999 0.91875 0.506250190625 0.9171875 0.5093752859375 0.9171875 0.5109374515625 0.915625 0.5140625484375 0.915625 0.51718764375 0.9125 0.51718764375 0.9109375 0.518749809375 0.909375 0.518749809375 0.9078125 0.5265621656249999 0.9 0.5296872609375 0.9 0.531250190625 0.8984375 0.5406247140625 0.8984375 0.54218764375 0.896875 0.5437498093750001 0.896875 0.5453127390625 0.8953125 0.5468749046875 0.8953125 0.548437834375 0.89375 0.55 0.89375 0.5515621656249999 0.8921875 0.55781235625 0.8921875 0.56250038125 0.896875 0.5640625484374999 0.896875 0.5656247140625 0.8984375 0.5687498093750001 0.8984375 0.5703127390625 0.9 0.5718749046875 0.9 0.575 0.903125 0.576562165625 0.903125 0.5781250953125 0.9046875 0.5812501906249999 0.9046875 0.58281235625 0.90625 0.5843752859375 0.90625 0.5859374515625 0.9078125 0.58750038125 0.9078125 0.5906247140625001 0.9109375 0.593749809375 0.9109375 0.5953127390625 0.9125 0.5968749046874999 0.9125 0.601562165625 0.9171875 0.6031250953125 0.9171875 0.6046872609375 0.91875 0.606250190625 0.91875 0.6093752859375 0.921875 0.6109374515625 0.921875 0.6125003812500001 0.9234375 0.6156247140625 0.9234375 0.6203127390625001 0.928125 0.623437834375 0.928125 0.625 0.9296875 0.6296872609374999 0.9296875 0.631250190625 0.93125 0.6359374515625 0.93125 0.6374996187499999 0.9328125 0.6390625484375 0.9328125 0.6406247140625 0.934375 0.643749809375 0.934375 0.6453127390625 0.9359375 0.648437834375 0.9359375 0.65 0.9375 0.6515621656249999 0.9375 0.6546872609375 0.940625 0.656250190625 0.940625 0.65781235625 0.9421875 0.6609374515625001 0.9421875 0.66249961875 0.94375 0.6640625484375 0.94375 0.6687498093750001 0.9484375 0.6703127390625 0.9484375 0.6765621656249999 0.9546875 0.6765621656249999 0.95625 0.6812501906249999 0.9609375 0.6937498093750001 0.9609375 0.6953127390625 0.9625 0.6968749046875 0.9625 0.701562165625 0.9671875 0.7062501906249999 0.9671875 0.70781235625 0.96875 0.7093752859375 0.96875 0.71250038125 0.971875 0.7140625484374999 0.971875 0.7156247140625001 0.9734375 0.7203127390625 0.9734375 0.7218749046874999 0.975 0.725 0.975 0.726562165625 0.9765625 0.7281250953125 0.9765625 0.7296872609375 0.978125 0.73281235625 0.978125 0.7343752859375 0.9796875 0.7375003812500001 0.9796875 0.7406247140625 0.9828125 0.74218764375 0.9828125 0.743749809375 0.984375 0.7453127390625001 0.984375 0.7468749046875 0.9859375 0.751562165625 0.9859375 0.7531250953125 0.9875 0.7546872609374999 0.9875 0.7593752859375 0.9921875 0.7609374515625 0.9921875 0.7624996187499999 0.99375 0.7656247140625 0.99375 0.768749809375 0.996875 0.768749809375 0.9984375 0.80781235625 0.9984375 0.80781235625 0.9953125 0.8031250953125 0.990625 0.8015621656249999 0.990625 0.8 0.9890625 0.798437834375 0.9890625 0.7968749046875 0.9875 0.7890625484375 0.9875 0.78749961875 0.9859375 0.7843752859374999 0.9859375 0.781250190625 0.9828125 0.7781250953125001 0.9828125 0.7765621656249999 0.98125 0.775 0.98125 0.773437834375 0.9796875 0.7718749046875 0.9796875 0.768749809375 0.9765625 0.76718764375 0.9765625 0.7656247140625 0.975 0.7624996187499999 0.975 0.7609374515625 0.9734375 0.75781235625 0.9734375 0.756250190625 0.971875 0.7546872609374999 0.971875 0.7531250953125 0.9703125 0.748437834375 0.9703125 0.7468749046875 0.96875 0.743749809375 0.96875 0.74218764375 0.9671875 0.7406247140625 0.9671875 0.7359374515625 0.9625 0.73281235625 0.9625 0.731250190625 0.9609375 0.7281250953125 0.9609375 0.726562165625 0.959375 0.725 0.959375 0.7234378343750001 0.9578125 0.7218749046874999 0.9578125 0.7203127390625 0.95625 0.71718764375 0.95625 0.7156247140625001 0.9546875 0.7140625484374999 0.9546875 0.7109374515625 0.9515625 0.7093752859375 0.9515625 0.70781235625 0.95 0.7031250953125 0.95 0.701562165625 0.9484375 0.6984378343750001 0.9484375 0.6953127390625 0.9453125 0.69218764375 0.9453125 0.6906247140625 0.94375 0.68750038125 0.94375 0.6859374515625001 0.9421875 0.6843752859375 0.9421875 0.6812501906249999 0.9390625 0.6796872609375 0.9390625 0.6781250953125 0.9375 0.6765621656249999 0.9375 0.675 0.9359375 0.673437834375 0.9359375 0.6703127390625 0.9328125 0.66718764375 0.9328125 0.6656247140625 0.93125 0.66249961875 0.93125 0.65781235625 0.9265625 0.656250190625 0.9265625 0.6546872609375 0.925 0.6515621656249999 0.925 0.65 0.9234375 0.648437834375 0.9234375 0.6453127390625 0.9203125 0.64218764375 0.9203125 0.6406247140625 0.91875 0.6343752859375 0.91875 0.6296872609374999 0.9140625 0.6281250953125 0.9140625 0.626562165625 0.9125 0.625 0.9125 0.6218749046875 0.909375 0.6203127390625001 0.909375 0.618749809375 0.9078125 0.61718764375 0.9078125 0.6156247140625 0.90625 0.6140625484375 0.90625 0.6093752859375 0.9015625 0.60781235625 0.9015625 0.606250190625 0.9 0.601562165625 0.9 0.6 0.8984375 0.5968749046874999 0.8984375 0.5953127390625 0.896875 0.593749809375 0.896875 0.5906247140625001 0.89375 0.5890625484374999 0.89375 0.5843752859375 0.8890625 0.58281235625 0.8890625 0.5812501906249999 0.8875 0.5781250953125 0.8875 0.576562165625 0.8859375 0.575 0.8859375 0.5734378343750001 0.884375 0.5718749046875 0.884375 0.5703127390625 0.8828125 0.5687498093750001 0.8828125 0.56718764375 0.88125 0.5640625484374999 0.88125 0.5609374515625001 0.878125 0.5593752859375 0.878125 0.55781235625 0.8765625 0.5546872609375 0.8765625 0.5531250953125 0.875 0.548437834375 0.875 0.5468749046875 0.8765625 0.5437498093750001 0.8765625 0.5406247140625 0.8796875 0.5390625484375 0.8796875 0.53750038125 0.88125 0.5359374515625001 0.88125 0.5343752859374999 0.8828125 0.53281235625 0.8828125