3 0.2 0.282811940625 0.2 0.425 0.3125 0.425 0.3125 0.282811940625 0.2 0.282811940625
4 0.1875 0.40156119375 0.1875 0.525 0.265625 0.525 0.265625 0.40156119375 0.1875 0.40156119375
0 0.1875 0.27343880625 0.1875 0.1875014921875 0.1859384328125 0.1859373140625 0.1859384328125 0.18437611874999998 0.084375 0.18437611874999998 0.084375 0.27343880625 0.1875 0.27343880625
4 0.578125 0.8 0.578125 0.6859373140625 0.5015634328125 0.6859373140625 0.5015634328125 0.8015611937499999 0.5765634328125 0.8015611937499999 0.578125 0.8
1 0.421875 0.6640626859375 0.41875 0.667188059375 0.41718843281250007 0.667188059375 0.415625 0.668749253125 0.4140634328125 0.668749253125 0.41093843281250003 0.6718746265625 0.409375 0.6718746265625 0.40625 0.675 0.40468843281250005 0.675 0.40156343281250007 0.6781253734375 0.4 0.6781253734375 0.396875 0.681250746875 0.3953134328125 0.681250746875 0.39375 0.682811940625 0.39375 0.68437611875 0.390625 0.6875014921875 0.390625 0.6890626859375 0.3875 0.692188059375 0.3875 0.693749253125 0.3859384328125 0.6953134328125 0.3859384328125 0.6968746265625 0.3828134328125 0.7 0.3828134328125 0.70156119375 0.38125 0.7031253734375 0.38125 0.7046865671875 0.36875 0.717188059375 0.36875 0.718749253125 0.3640634328125 0.72343880625 0.3640634328125 0.725 0.3609384328125 0.7281253734375001 0.3609384328125 0.7296865671874999 0.3578134328125 0.732811940625 0.3578134328125 0.73437611875 0.35625 0.7359373140625001 0.35625 0.7390626859375 0.3546884328125 0.74062388125 0.3546884328125 0.742188059375 0.353125 0.7437492531250001 0.353125 0.7453134328125001 0.3484384328125 0.75 0.3484384328125 0.75156119375 0.3453134328125 0.7546865671874999 0.34375 0.7546865671874999 0.340625 0.757811940625 0.3390634328125 0.757811940625 0.3375 0.75937611875 0.33125 0.75937611875 0.3296884328125 0.7609373140625 0.325 0.7609373140625 0.3234384328125 0.7625014921875 0.3203134328125 0.7625014921875 0.3171884328125 0.76562388125 0.315625 0.76562388125 0.3140634328125 0.767188059375 0.3140634328125 0.768749253125 0.3125 0.7703134328125001 0.3125 0.7718746265624999 0.309375 0.775 0.309375 0.77656119375 0.3078134328125 0.7781253734375 0.3078134328125 0.781250746875 0.30625 0.782811940625 0.30625 0.7859373140625 0.3046884328125 0.7875014921875 0.3046884328125 0.867188059375 0.33125 0.867188059375 0.33125 0.86562388125 0.3375 0.85937611875 0.3375 0.857811940625 0.3390634328125 0.856250746875 0.3390634328125 0.8531253734375 0.3421884328125 0.85 0.3421884328125 0.8484388062500001 0.346875 0.8437492531249999 0.346875 0.842188059375 0.3515634328125 0.8375014921874999 0.3515634328125 0.8359373140624999 0.35625 0.8312507468750001 0.35625 0.8296865671875 0.3578134328125 0.8281253734374999 0.3578134328125 0.8265611937499999 0.3625 0.8218746265625001 0.3625 0.8203134328124999 0.3671884328125 0.81562388125 0.3671884328125 0.8140626859375001 0.3703134328125 0.8109373140624999 0.371875 0.8109373140624999 0.3796884328125 0.8031253734374999 0.3796884328125 0.8015611937499999 0.396875 0.78437611875 0.3984384328125 0.78437611875 0.40156343281250007 0.781250746875 0.403125 0.781250746875 0.40468843281250005 0.7796865671875 0.40625 0.7796865671875 0.40781343281250004 0.7781253734375 0.409375 0.7781253734375 0.4140634328125 0.7734388062499999 0.415625 0.7734388062499999 0.42031343281250005 0.768749253125 0.421875 0.768749253125 0.42656343281250003 0.7640626859374999 0.428125 0.7640626859374999 0.43125 0.7609373140625 0.43281343281250007 0.7609373140625 0.434375 0.75937611875 0.43593843281250005 0.75937611875 0.43906343281250004 0.7562507468749999 0.440625 0.7562507468749999 0.44375 0.7531253734375001 0.4453134328125 0.7531253734375001 0.453125 0.7453134328125001 0.453125 0.7437492531250001 0.45468843281250004 0.742188059375 0.45468843281250004 0.74062388125 0.45625 0.7390626859375 0.45625 0.7375014921874999 0.459375 0.73437611875 0.459375 0.6968746265625 0.45781343281250003 0.6953134328125 0.45781343281250003 0.69062388125 0.45625 0.6890626859375 0.45625 0.68437611875 0.45468843281250004 0.682811940625 0.45468843281250004 0.675 0.453125 0.67343880625 0.453125 0.667188059375 0.45156343281250005 0.6656238812499999 0.45156343281250005 0.6625014921875 0.446875 0.657811940625 0.4375 0.657811940625 0.43593843281250005 0.65937611875 0.43125 0.65937611875 0.4296884328125 0.6609373140625 0.428125 0.6609373140625 0.42656343281250003 0.6625014921875 0.425 0.6625014921875 0.42343843281250004 0.6640626859375 0.421875 0.6640626859375
3 0.221875 0.6187492531250001 0.221875 0.8 0.325 0.8 0.325 0.6187492531250001 0.221875 0.6187492531250001
0 0.04375 0.67343880625 0.04375 0.7609373140625 0.140625 0.7609373140625 0.140625 0.67343880625 0.04375 0.67343880625
0 0.784375 0.1046865671875 0.7828134328125 0.10312537343749999 0.684375 0.10312537343749999 0.684375 0.1859373140625 0.784375 0.1859373140625 0.784375 0.1046865671875
4 0.3859384328125 0.5781253734375 0.3875 0.57656119375 0.3875 0.568749253125 0.3890634328125 0.567188059375 0.3890634328125 0.48906268593749996 0.3859384328125 0.4859373140625 0.3859384328125 0.48437611875000003 0.3828134328125 0.48125074687499997 0.3171884328125 0.48125074687499997 0.3171884328125 0.5953134328125 0.3703134328125 0.5953134328125 0.371875 0.593749253125 0.375 0.593749253125 0.3765634328125 0.592188059375 0.378125 0.592188059375 0.3859384328125 0.5843761187500001 0.3859384328125 0.5781253734375
1 0.6953134328125 0.17343880625000002 0.6953134328125 0.2453134328125 0.8390634328125 0.2453134328125 0.8390634328125 0.17343880625000002 0.6953134328125 0.17343880625000002
1 0.475 0.0875014921875 0.471875 0.09062388125000001 0.471875 0.09218805937499999 0.47031343281250004 0.093749253125 0.47031343281250004 0.14062388125 0.47343843281250003 0.14062388125 0.475 0.142188059375 0.478125 0.142188059375 0.47968843281250007 0.143749253125 0.48281343281250005 0.143749253125 0.4875 0.14843880625 0.4875 0.15156119375 0.48906343281250003 0.15156119375 0.490625 0.1531253734375 0.4921884328125 0.1531253734375 0.49375 0.1546865671875 0.496875 0.1546865671875 0.49843843281250005 0.156250746875 0.5 0.156250746875 0.5046884328125001 0.1609373140625 0.5046884328125001 0.1625014921875 0.5078134328125 0.16562388125 0.509375 0.16562388125 0.5109384328125001 0.167188059375 0.5140634328125 0.167188059375 0.515625 0.168749253125 0.5171884328125 0.168749253125 0.51875 0.1703134328125 0.5203134328125001 0.1703134328125 0.525 0.175 0.5265634328125001 0.175 0.54375 0.192188059375 0.5453134328125 0.192188059375 0.5515634328125001 0.19843880625000002 0.553125 0.19843880625000002 0.55625 0.20156119375 0.5578134328125001 0.20156119375 0.5609384328125 0.2046865671875 0.5625 0.2046865671875 0.58125 0.22343880624999998 0.58125 0.225 0.5828134328125001 0.22656119375 0.5828134328125001 0.2281253734375 0.5859384328125 0.23125074687499997 0.5859384328125 0.232811940625 0.5875 0.23437611875000003 0.5875 0.2375014921875 0.5890634328125001 0.23906268593750002 0.5890634328125001 0.24062388124999998 0.5921884328125 0.243749253125 0.5921884328125 0.2453134328125 0.59375 0.2468746265625 0.59375 0.25937611875 0.5921884328125 0.2609373140625 0.5921884328125 0.2625014921875 0.590625 0.26406268593750004 0.590625 0.2703134328125 0.5890634328125001 0.2718746265625 0.5890634328125001 0.27343880625 0.5875 0.275 0.5875 0.28437611875 0.5859384328125 0.2859373140625 0.5859384328125 0.2968746265625 0.5875 0.29843880624999997 0.5875 0.3 0.5890634328125001 0.30156119375 0.590625 0.30156119375 0.5921884328125 0.3031253734375 0.5984384328125001 0.3031253734375 0.6 0.30156119375 0.6015634328125 0.30156119375 0.603125 0.3 0.603125 0.29843880624999997 0.6125 0.2890626859375 0.6125 0.2875014921875 0.615625 0.28437611875 0.615625 0.282811940625 0.621875 0.27656119375 0.621875 0.275 0.625 0.2718746265625 0.6265634328125 0.2718746265625 0.6296884328125001 0.26874925312500003 0.6328134328125 0.26874925312500003 0.634375 0.267188059375 0.6359384328125001 0.267188059375 0.6375 0.26874925312500003 0.646875 0.26874925312500003 0.653125 0.275 0.653125 0.27656119375 0.6546884328125 0.2781253734375 0.6546884328125 0.2796865671875 0.65625 0.28125074687499996 0.65625 0.28437611875 0.6578134328125 0.2859373140625 0.6578134328125 0.29062388125 0.659375 0.29218805937500003 0.659375 0.293749253125 0.6609384328125001 0.2953134328125 0.6609384328125001 0.2968746265625 0.6640634328125 0.3 0.6640634328125 0.30156119375 0.66875 0.306250746875 0.66875 0.307811940625 0.684375 0.32343880625 0.684375 0.325 0.6890634328125 0.3296865671875 0.690625 0.3296865671875 0.7015634328125 0.34062388125 0.703125 0.34062388125 0.70625 0.34374925312500004 0.7078134328125001 0.34374925312500004 0.71875 0.3546865671875 0.7203134328125 0.3546865671875 0.721875 0.35625074687499997 0.7234384328125001 0.35625074687499997 0.725 0.357811940625 0.725 0.35937611875000003 0.7265634328125 0.35937611875000003 0.734375 0.367188059375 0.7359384328125 0.367188059375 0.74375 0.375 0.74375 0.37656119375 0.7453134328125001 0.37812537343749997 0.746875 0.37812537343749997 0.7484384328125 0.3796865671875 0.75 0.3796865671875 0.7515634328125 0.381250746875 0.753125 0.381250746875 0.7640634328125 0.392188059375 0.765625 0.392188059375 0.7765634328125001 0.40312537343750005 0.778125 0.40312537343750005 0.7890634328125 0.41406268593749995 0.7890634328125 0.41562388125 0.7953134328125 0.42187462656249997 0.7953134328125 0.42343880624999997 0.8046884328124999 0.432811940625 0.8046884328124999 0.43437611875000004 0.80625 0.4359373140625 0.80625 0.43750149218749995 0.8078134328125 0.4390626859375 0.8078134328125 0.442188059375 0.809375 0.443749253125 0.809375 0.45 0.8078134328125 0.45156119375000003 0.8078134328125 0.45937611875 0.80625 0.46093731406250005 0.80625 0.4625014921875 0.8046884328124999 0.4640626859375 0.8046884328124999 0.46874925312500004 0.803125 0.47031343281250004 0.803125 0.47187462656249995 0.8 0.475 0.8 0.47656119375 0.7984384328125 0.47812537343750006 0.7984384328125 0.47968656718749997 0.7953134328125 0.482811940625 0.7953134328125 0.48437611875000003 0.79375 0.4859373140625 0.79375 0.48906268593749996 0.7921884328125001 0.49062388125 0.7921884328125001 0.492188059375 0.790625 0.493749253125 0.790625 0.49531343281250007 0.7875 0.49843880625 0.7875 0.5 0.784375 0.5031253734375001 0.784375 0.5046865671874999 0.778125 0.5109373140625 0.7765634328125001 0.5109373140625 0.7734384328125 0.5140626859374999 0.771875 0.5140626859374999 0.7703134328125001 0.51562388125 0.765625 0.51562388125 0.7640634328125 0.517188059375 0.7625 0.517188059375 0.759375 0.5203134328125001 0.7578134328125 0.5203134328125001 0.753125 0.525 0.753125 0.52656119375 0.7515634328125 0.5281253734375 0.7515634328125 0.531250746875 0.75 0.532811940625 0.75 0.5359373140625 0.7484384328125 0.5375014921875 0.7484384328125 0.5406238812499999 0.746875 0.542188059375 0.746875 0.5453134328125 0.7453134328125001 0.5468746265625 0.7453134328125001 0.55156119375 0.7421884328125 0.5546865671875 0.740625 0.5546865671875 0.7375 0.557811940625 0.7375 0.5781253734375 0.73125 0.5843761187500001 0.73125 0.5875014921874999 0.7296884328125001 0.5890626859375 0.7296884328125001 0.592188059375 0.728125 0.593749253125 0.76875 0.593749253125 0.76875 0.5875014921874999 0.7703134328125001 0.5859373140625 0.7703134328125001 0.5843761187500001 0.771875 0.582811940625 0.771875 0.581250746875 0.7734384328125 0.5796865671875 0.7734384328125 0.5781253734375 0.775 0.57656119375 0.775 0.57343880625 0.7765634328125001 0.5718746265625 0.7765634328125001 0.5703134328125 0.775 0.568749253125 0.775 0.5625014921875 0.7765634328125001 0.5609373140625 0.7765634328125001 0.5546865671875 0.778125 0.5531253734375 0.778125 0.55156119375 0.7828134328125 0.5468746265625 0.7890634328125 0.5468746265625 0.7921884328125001 0.543749253125 0.7921884328125001 0.542188059375 0.7984384328125 0.5359373140625 0.8 0.5359373140625 0.803125 0.532811940625 0.803125 0.5281253734375 0.8046884328124999 0.52656119375 0.8046884328124999 0.525 0.80625 0.5234388062499999 0.80625 0.5218746265624999 0.809375 0.518749253125 0.809375 0.517188059375 0.815625 0.5109373140625 0.815625 0.50937611875 0.8296884328124999 0.49531343281250007 0.8296884328124999 0.493749253125 0.8375 0.4859373140625 0.8390634328125 0.4859373140625 0.840625 0.48437611875000003 0.840625 0.482811940625 0.8453134328124999 0.47812537343750006 0.846875 0.47812537343750006 0.85 0.475 0.85625 0.475 0.8578134328125 0.47656119375 0.859375 0.47656119375 0.8609384328124999 0.47812537343750006 0.8625 0.47812537343750006 0.8640634328125 0.47968656718749997 0.865625 0.47968656718749997 0.8671884328124999 0.48125074687499997 0.86875 0.48125074687499997 0.8828134328124999 0.49531343281250007 0.8828134328124999 0.4968746265625 0.8890634328125 0.5031253734375001 0.890625 0.5031253734375001 0.9015634328125 0.5140626859374999 0.903125 0.5140626859374999 0.921875 0.532811940625 0.9234384328124999 0.532811940625 0.9265634328125 0.5359373140625 0.928125 0.5359373140625 0.934375 0.542188059375 0.9359384328125 0.542188059375 0.9421884328125 0.54843880625 0.9421884328125 0.55 0.959375 0.567188059375 0.9609384328124999 0.567188059375 0.965625 0.5718746265625 0.965625 0.57343880625 0.96875 0.57656119375 0.96875 0.5781253734375 0.9703134328124999 0.5796865671875 0.9703134328124999 0.582811940625 0.971875 0.5843761187500001 0.971875 0.593749253125 0.996875 0.593749253125 0.996875 0.5031253734375001 0.9921884328124999 0.507811940625 0.990625 0.507811940625 0.9890634328125 0.50937611875 0.984375 0.50937611875 0.9828134328125 0.5109373140625 0.98125 0.5109373140625 0.9796884328125 0.5125014921875 0.9703134328124999 0.5125014921875 0.965625 0.507811940625 0.965625 0.5062507468749999 0.9609384328124999 0.50156119375 0.9609384328124999 0.5 0.9578134328125 0.4968746265625 0.9578134328125 0.49531343281250007 0.95625 0.493749253125 0.95625 0.492188059375 0.9546884328124999 0.49062388125 0.9546884328124999 0.48906268593749996 0.953125 0.48750149218749994 0.9515634328125 0.48750149218749994 0.95 0.4859373140625 0.946875 0.4859373140625 0.94375 0.482811940625 0.94375 0.48125074687499997 0.9421884328125 0.47968656718749997 0.9421884328125 0.47812537343750006 0.93125 0.467188059375 0.9296884328124999 0.467188059375 0.928125 0.46562388125 0.9265634328125 0.46562388125 0.925 0.4640626859375 0.921875 0.4640626859375 0.9203134328125 0.4625014921875 0.91875 0.4625014921875 0.9140634328124999 0.45781194062499997 0.9125 0.45781194062499997 0.9109384328125 0.456250746875 0.909375 0.456250746875 0.9078134328124999 0.45468656718749995 0.90625 0.45468656718749995 0.9046884328125 0.45312537343750003 0.903125 0.45312537343750003 0.9015634328125 0.45156119375000003 0.9 0.45156119375000003 0.89375 0.4453134328125 0.89375 0.443749253125 0.8921884328124999 0.442188059375 0.8921884328124999 0.44062388124999996 0.890625 0.4390626859375 0.890625 0.4359373140625 0.8890634328125 0.43437611875000004 0.8890634328125 0.42031343281250005 0.890625 0.418749253125 0.890625 0.4109373140625 0.8921884328124999 0.40937611875 0.8921884328124999 0.39843880625 0.89375 0.3968746265625 0.89375 0.3875014921875 0.8921884328124999 0.3859373140625 0.8921884328124999 0.382811940625 0.89375 0.381250746875 0.89375 0.37812537343749997 0.8953134328125 0.37656119375 0.8953134328125 0.375 0.896875 0.37343880625 0.896875 0.3703134328125 0.8984384328124999 0.368749253125 0.8984384328124999 0.367188059375 0.9 0.36562388125 0.9 0.36093731406249996 0.90625 0.3546865671875 0.9078134328124999 0.3546865671875 0.909375 0.3531253734375 0.909375 0.35156119375 0.9109384328125 0.35 0.9109384328125 0.3453134328125 0.9125 0.34374925312500004 0.9125 0.342188059375 0.9140634328124999 0.34062388125 0.9140634328124999 0.33437611875 0.915625 0.33281194062499997 0.91875 0.33281194062499997 0.9203134328125 0.331250746875 0.921875 0.331250746875 0.9265634328125 0.32656119375000003 0.9265634328125 0.325 0.928125 0.32343880625 0.928125 0.3218746265625 0.93125 0.318749253125 0.9328134328125 0.318749253125 0.9359384328125 0.31562388124999996 0.9375 0.31562388124999996 0.9390634328124999 0.31406268593750003 0.9390634328124999 0.31093731406249997 0.940625 0.30937611875000004 0.940625 0.307811940625 0.9421884328125 0.306250746875 0.94375 0.306250746875 0.9453134328124999 0.3046865671875 0.9484384328125 0.3046865671875 0.95 0.306250746875 0.95625 0.306250746875 0.9578134328125 0.3046865671875 0.9609384328124999 0.3046865671875 0.9625 0.3031253734375 0.9625 0.30156119375 0.9609384328124999 0.3 0.9609384328124999 0.2953134328125 0.9640634328125 0.29218805937500003 0.975 0.29218805937500003 0.9765634328124999 0.29062388125 0.978125 0.29062388125 0.9796884328125 0.29218805937500003 0.98125 0.29218805937500003 0.9828134328125 0.293749253125 0.984375 0.293749253125 0.9859384328124999 0.29218805937500003 0.9859384328124999 0.29062388125 0.990625 0.2859373140625 0.9953134328125 0.2859373140625 0.996875 0.28437611875 0.996875 0.20937611875 0.9953134328125 0.2109373140625 0.9953134328125 0.23125074687499997 0.99375 0.232811940625 0.99375 0.23437611875000003 0.990625 0.2375014921875 0.9875 0.2375014921875 0.9859384328124999 0.2359373140625 0.975 0.2359373140625 0.9734384328125 0.2375014921875 0.9703134328124999 0.2375014921875 0.96875 0.23906268593750002 0.965625 0.23906268593750002 0.9640634328125 0.24062388124999998 0.9609384328124999 0.24062388124999998 0.959375 0.24218805937500001 0.9578134328125 0.24218805937500001 0.95625 0.243749253125 0.953125 0.243749253125 0.946875 0.25 0.946875 0.25156119375 0.9421884328125 0.256250746875 0.940625 0.256250746875 0.9390634328124999 0.257811940625 0.9390634328124999 0.25937611875 0.9359384328125 0.2625014921875 0.9359384328125 0.26406268593750004 0.934375 0.26562388124999997 0.934375 0.267188059375 0.9328134328125 0.26874925312500003 0.9328134328125 0.2703134328125 0.93125 0.2718746265625 0.93125 0.27343880625 0.9265634328125 0.2781253734375 0.9265634328125 0.2796865671875 0.9234384328124999 0.282811940625 0.9234384328124999 0.28437611875 0.9171884328125 0.29062388125 0.9171884328125 0.29218805937500003 0.915625 0.293749253125 0.915625 0.2953134328125 0.909375 0.30156119375 0.909375 0.3031253734375 0.9078134328124999 0.3046865671875 0.9078134328124999 0.306250746875 0.8984384328124999 0.31562388124999996 0.8984384328124999 0.317188059375 0.896875 0.318749253125 0.896875 0.3218746265625 0.89375 0.325 0.89375 0.32656119375000003 0.8921884328124999 0.3281253734375 0.8921884328124999 0.3296865671875 0.890625 0.331250746875 0.890625 0.33281194062499997 0.8828134328124999 0.34062388125 0.8828134328124999 0.342188059375 0.88125 0.34374925312500004 0.88125 0.3453134328125 0.8765634328124999 0.35 0.875 0.35 0.871875 0.3531253734375 0.871875 0.3546865671875 0.8703134328125 0.35625074687499997 0.8703134328125 0.357811940625 0.8671884328124999 0.36093731406249996 0.865625 0.36093731406249996 0.8640634328125 0.3625014921875 0.859375 0.3625014921875 0.8578134328125 0.3640626859375 0.8546884328125 0.3640626859375 0.853125 0.36562388125 0.85 0.36562388125 0.8484384328125 0.3640626859375 0.8453134328124999 0.3640626859375 0.84375 0.3625014921875 0.840625 0.3625014921875 0.8390634328125 0.36093731406249996 0.8375 0.36093731406249996 0.8359384328124999 0.35937611875000003 0.83125 0.35937611875000003 0.8296884328124999 0.357811940625 0.8265634328125 0.357811940625 0.825 0.35625074687499997 0.8234384328125 0.35625074687499997 0.821875 0.3546865671875 0.8203134328124999 0.3546865671875 0.815625 0.35 0.809375 0.35 0.8078134328125 0.34843880625 0.803125 0.34843880625 0.8 0.3453134328125 0.7984384328125 0.3453134328125 0.79375 0.34062388125 0.79375 0.3390626859375 0.7921884328125001 0.33750149218750003 0.790625 0.33750149218750003 0.784375 0.331250746875 0.7828134328125 0.331250746875 0.78125 0.3296865671875 0.7796884328125 0.3296865671875 0.775 0.325 0.7734384328125 0.325 0.7671884328125 0.318749253125 0.7671884328125 0.317188059375 0.765625 0.31562388124999996 0.7640634328125 0.31562388124999996 0.7625 0.31406268593750003 0.7609384328125001 0.31406268593750003 0.759375 0.3125014921875 0.75625 0.3125014921875 0.7546884328125001 0.31093731406249997 0.7515634328125 0.31093731406249997 0.7484384328125 0.307811940625 0.746875 0.307811940625 0.7453134328125001 0.306250746875 0.74375 0.306250746875 0.740625 0.3031253734375 0.7390634328125001 0.3031253734375 0.7375 0.30156119375 0.7359384328125 0.30156119375 0.7328134328125 0.29843880624999997 0.73125 0.29843880624999997 0.7296884328125001 0.2968746265625 0.728125 0.2968746265625 0.7265634328125 0.2953134328125 0.725 0.2953134328125 0.7234384328125001 0.293749253125 0.7203134328125 0.293749253125 0.71875 0.29218805937500003 0.7171884328125 0.29218805937500003 0.715625 0.29062388125 0.7125 0.29062388125 0.7109384328125 0.2890626859375 0.709375 0.2890626859375 0.7078134328125001 0.2875014921875 0.70625 0.2875014921875 0.7046884328125 0.2859373140625 0.703125 0.2859373140625 0.7015634328125 0.28437611875 0.7 0.28437611875 0.6984384328125001 0.282811940625 0.696875 0.282811940625 0.6953134328125 0.28125074687499996 0.6921884328125001 0.28125074687499996 0.690625 0.2796865671875 0.6890634328125 0.2796865671875 0.6875 0.2781253734375 0.6859384328125 0.2781253734375 0.684375 0.27656119375 0.6828134328125001 0.27656119375 0.68125 0.275 0.6796884328125 0.275 0.678125 0.27343880625 0.6765634328125001 0.27343880625 0.675 0.2718746265625 0.6734384328125 0.2718746265625 0.671875 0.2703134328125 0.6703134328125 0.2703134328125 0.6625 0.2625014921875 0.6625 0.2609373140625 0.659375 0.257811940625 0.659375 0.256250746875 0.65625 0.25312537343749997 0.65625 0.25156119375 0.6546884328125 0.25 0.6546884328125 0.24843880624999998 0.653125 0.2468746265625 0.653125 0.2359373140625 0.6546884328125 0.23437611875000003 0.6546884328125 0.2296865671875 0.65625 0.2281253734375 0.65625 0.22656119375 0.6578134328125 0.225 0.6578134328125 0.22343880624999998 0.659375 0.2218746265625 0.659375 0.2203134328125 0.6625 0.21718805937500002 0.6625 0.21562388124999998 0.6640634328125 0.21406268593750002 0.6640634328125 0.2125014921875 0.665625 0.2109373140625 0.665625 0.20937611875 0.6671884328125001 0.207811940625 0.6671884328125001 0.2046865671875 0.66875 0.20312537343749998 0.6703134328125 0.20312537343749998 0.671875 0.20156119375 0.671875 0.2 0.6734384328125 0.19843880625000002 0.6734384328125 0.19687462656250002 0.675 0.1953134328125 0.675 0.193749253125 0.6765634328125001 0.192188059375 0.69375 0.192188059375 0.6953134328125 0.19062388125000002 0.6984384328125001 0.19062388125000002 0.6984384328125001 0.1875014921875 0.696875 0.1859373140625 0.6953134328125 0.1859373140625 0.6875 0.17812537343749998 0.6875 0.17656119374999998 0.684375 0.17343880625000002 0.684375 0.1703134328125 0.6828134328125001 0.168749253125 0.6828134328125001 0.1640626859375 0.6796884328125 0.1609373140625 0.6796884328125 0.15937611875 0.678125 0.15781194062499998 0.678125 0.1546865671875 0.6765634328125001 0.1546865671875 0.6765634328125001 0.15781194062499998 0.675 0.15937611875 0.675 0.1609373140625 0.6734384328125 0.1625014921875 0.6734384328125 0.167188059375 0.671875 0.168749253125 0.671875 0.182811940625 0.6703134328125 0.18437611874999998 0.6703134328125 0.19062388125000002 0.66875 0.192188059375 0.66875 0.193749253125 0.665625 0.19687462656250002 0.6640634328125 0.19687462656250002 0.6609384328125001 0.193749253125 0.6453134328125001 0.193749253125 0.64375 0.1953134328125 0.640625 0.1953134328125 0.6375 0.19843880625000002 0.6359384328125001 0.19843880625000002 0.634375 0.2 0.63125 0.2 0.6296884328125001 0.20156119375 0.61875 0.20156119375 0.6171884328125 0.2 0.615625 0.2 0.609375 0.193749253125 0.6078134328125 0.193749253125 0.6 0.1859373140625 0.5984384328125001 0.1859373140625 0.59375 0.181250746875 0.59375 0.1796865671875 0.590625 0.17656119374999998 0.5890634328125001 0.17656119374999998 0.5796884328125 0.167188059375 0.578125 0.167188059375 0.5734384328125001 0.1625014921875 0.571875 0.1625014921875 0.56875 0.15937611875 0.56875 0.15781194062499998 0.5625 0.15156119375 0.5625 0.15 0.5578134328125001 0.1453134328125 0.5578134328125001 0.143749253125 0.55625 0.142188059375 0.55625 0.14062388125 0.5546884328125 0.13906268593749999 0.553125 0.13906268593749999 0.546875 0.13281194062499999 0.5484384328125 0.131250746875 0.5484384328125 0.1296865671875 0.55 0.1281253734375 0.55 0.12656119375 0.5484384328125 0.12656119375 0.546875 0.125 0.5453134328125 0.125 0.540625 0.1203134328125 0.540625 0.118749253125 0.5421884328125001 0.11718805937500001 0.5421884328125001 0.11562388125 0.534375 0.10781194062499999 0.534375 0.106250746875 0.5328134328125 0.1046865671875 0.5328134328125 0.10312537343749999 0.5265634328125001 0.0968746265625 0.5265634328125001 0.093749253125 0.525 0.09218805937499999 0.525 0.0890626859375 0.521875 0.0859373140625 0.5203134328125001 0.0859373140625 0.51875 0.08437611874999999 0.51875 0.082811940625 0.5171884328125 0.081250746875 0.5171884328125 0.0796865671875 0.515625 0.0781253734375 0.515625 0.07656119375 0.509375 0.07031343281249999 0.47968843281250007 0.07031343281249999 0.47968843281250007 0.0718746265625 0.478125 0.07343880625 0.478125 0.075 0.4765634328125 0.07656119375 0.4765634328125 0.08437611874999999 0.475 0.0859373140625 0.475 0.0875014921875
2 0.3171884328125 0.41718805937500003 0.31875 0.418749253125 0.31875 0.42187462656249997 0.3203134328125 0.42343880624999997 0.3203134328125 0.425 0.3265634328125 0.431250746875 0.328125 0.431250746875 0.3296884328125 0.432811940625 0.3296884328125 0.43437611875000004 0.33125 0.4359373140625 0.3328134328125 0.4359373140625 0.334375 0.43750149218749995 0.3359384328125 0.43750149218749995 0.3375 0.4390626859375 0.3390634328125 0.4390626859375 0.346875 0.4468746265625 0.3484384328125 0.4468746265625 0.35 0.44843880625 0.353125 0.44843880625 0.359375 0.45468656718749995 0.3609384328125 0.45468656718749995 0.3640634328125 0.45781194062499997 0.365625 0.45781194062499997 0.3703134328125 0.4625014921875 0.371875 0.4625014921875 0.3765634328125 0.467188059375 0.378125 0.467188059375 0.39375 0.482811940625 0.39375 0.48437611875000003 0.3953134328125 0.4859373140625 0.396875 0.4859373140625 0.415625 0.5046865671874999 0.41718843281250007 0.5046865671874999 0.421875 0.50937611875 0.42343843281250004 0.50937611875 0.42656343281250003 0.5125014921875 0.428125 0.5125014921875 0.43125 0.51562388125 0.43125 0.518749253125 0.43281343281250007 0.5203134328125001 0.43281343281250007 0.525 0.43125 0.52656119375 0.43125 0.5281253734375 0.4296884328125 0.5296865671875 0.4296884328125 0.531250746875 0.421875 0.5390626859375 0.42031343281250005 0.5390626859375 0.41718843281250007 0.542188059375 0.415625 0.542188059375 0.40781343281250004 0.55 0.40625 0.55 0.40468843281250005 0.55156119375 0.40468843281250005 0.5531253734375 0.403125 0.5546865671875 0.40156343281250007 0.5546865671875 0.3953134328125 0.5609373140625 0.3953134328125 0.5625014921875 0.39375 0.5640626859375 0.39375 0.56562388125 0.390625 0.568749253125 0.390625 0.5703134328125 0.3890634328125 0.5718746265625 0.3890634328125 0.57343880625 0.3875 0.575 0.3875 0.5781253734375 0.371875 0.593749253125 0.36875 0.593749253125 0.3671884328125 0.5953134328125 0.3640634328125 0.5953134328125 0.3625 0.5968746265625 0.3609384328125 0.5968746265625 0.359375 0.59843880625 0.3578134328125 0.59843880625 0.3546884328125 0.6015611937500001 0.353125 0.6015611937500001 0.346875 0.607811940625 0.346875 0.60937611875 0.3453134328125 0.6109373140625001 0.3453134328125 0.6125014921874999 0.3421884328125 0.61562388125 0.3421884328125 0.617188059375 0.33125 0.6281253734375001 0.33125 0.6296865671874999 0.328125 0.632811940625 0.325 0.632811940625 0.3234384328125 0.63437611875 0.315625 0.63437611875 0.3125 0.6375014921875 0.309375 0.6375014921875 0.30625 0.64062388125 0.309375 0.643749253125 0.3109384328125 0.642188059375 0.3140634328125 0.642188059375 0.315625 0.64062388125 0.3171884328125 0.64062388125 0.31875 0.6390626859374999 0.3234384328125 0.6390626859374999 0.325 0.64062388125 0.334375 0.64062388125 0.3359384328125 0.6390626859374999 0.3375 0.6390626859374999 0.340625 0.6359373140625 0.340625 0.63437611875 0.3421884328125 0.632811940625 0.3421884328125 0.6312507468749999 0.346875 0.62656119375 0.3484384328125 0.62656119375 0.3515634328125 0.62343880625 0.353125 0.62343880625 0.35625 0.6203134328125001 0.3578134328125 0.6203134328125001 0.359375 0.6187492531250001 0.3609384328125 0.6187492531250001 0.3625 0.617188059375 0.3640634328125 0.617188059375 0.365625 0.61562388125 0.3671884328125 0.61562388125 0.3734384328125 0.60937611875 0.375 0.60937611875 0.40156343281250007 0.582811940625 0.403125 0.582811940625 0.40625 0.5796865671875 0.40781343281250004 0.5796865671875 0.41875 0.568749253125 0.42031343281250005 0.568749253125 0.43125 0.557811940625 0.43281343281250007 0.557811940625 0.434375 0.556250746875 0.43593843281250005 0.556250746875 0.4375 0.5546865671875 0.43906343281250004 0.5546865671875 0.4453134328125 0.54843880625 0.446875 0.54843880625 0.45156343281250005 0.543749253125 0.459375 0.543749253125 0.4625 0.5468746265625 0.46406343281250007 0.5468746265625 0.46718843281250005 0.55 0.46718843281250005 0.55156119375 0.47031343281250004 0.5546865671875 0.47031343281250004 0.556250746875 0.47343843281250003 0.55937611875 0.475 0.55937611875 0.48281343281250005 0.567188059375 0.48281343281250005 0.568749253125 0.484375 0.5703134328125 0.48593843281250004 0.5703134328125 0.49531343281250007 0.5796865671875 0.49531343281250007 0.581250746875 0.5 0.5859373140625 0.5015634328125 0.5859373140625 0.5125 0.5968746265625 0.5140634328125 0.5968746265625 0.5265634328125001 0.60937611875 0.528125 0.60937611875 0.53125 0.6125014921874999 0.53125 0.6140626859375 0.534375 0.617188059375 0.5359384328125001 0.617188059375 0.5484384328125 0.6296865671874999 0.55 0.6296865671874999 0.5578134328125001 0.6375014921875 0.559375 0.6375014921875 0.5640634328125 0.642188059375 0.565625 0.642188059375 0.5703134328125 0.6468746265624999 0.571875 0.6468746265624999 0.575 0.65 0.5765634328125 0.65 0.5796884328125 0.6531253734375 0.58125 0.6531253734375 0.5828134328125001 0.6546865671875 0.584375 0.6546865671875 0.5859384328125 0.656250746875 0.5875 0.656250746875 0.5890634328125001 0.657811940625 0.5953134328125 0.657811940625 0.6 0.6625014921875 0.6 0.6640626859375 0.6015634328125 0.6656238812499999 0.6015634328125 0.667188059375 0.603125 0.668749253125 0.603125 0.675 0.6015634328125 0.67656119375 0.6109384328125 0.6859373140625 0.6125 0.6859373140625 0.61875 0.692188059375 0.61875 0.693749253125 0.621875 0.6968746265625 0.6234384328125 0.6968746265625 0.625 0.69843880625 0.6265634328125 0.69843880625 0.6359384328125001 0.707811940625 0.6375 0.707811940625 0.659375 0.7296865671874999 0.6609384328125001 0.7296865671874999 0.66875 0.7375014921874999 0.6703134328125 0.7375014921874999 0.6765634328125001 0.7437492531250001 0.678125 0.7437492531250001 0.6875 0.7531253734375001 0.6890634328125 0.7531253734375001 0.69375 0.757811940625 0.69375 0.75937611875 0.6953134328125 0.7609373140625 0.696875 0.7609373140625 0.709375 0.7734388062499999 0.7109384328125 0.7734388062499999 0.721875 0.78437611875 0.7234384328125001 0.78437611875 0.73125 0.792188059375 0.7328134328125 0.792188059375 0.7390634328125001 0.79843880625 0.740625 0.79843880625 0.7421884328125 0.8 0.7421884328125 0.8015611937499999 0.7578134328125 0.817188059375 0.7578134328125 0.8187492531249999 0.759375 0.8187492531249999 0.7609384328125001 0.8203134328124999 0.7671884328125 0.8203134328124999 0.76875 0.8218746265625001 0.7796884328125 0.8218746265625001 0.78125 0.8203134328124999 0.784375 0.8203134328124999 0.7859384328125001 0.8187492531249999 0.7875 0.8187492531249999 0.7890634328125 0.817188059375 0.796875 0.817188059375 0.7984384328125 0.81562388125 0.8015634328125 0.81562388125 0.803125 0.8140626859375001 0.8046884328124999 0.8140626859375001 0.80625 0.81562388125 0.8078134328125 0.81562388125 0.809375 0.8140626859375001 0.8109384328125 0.8140626859375001 0.8125 0.8125014921875 0.8140634328124999 0.8125014921875 0.815625 0.8109373140624999 0.8203134328124999 0.8109373140624999 0.821875 0.80937611875 0.8234384328125 0.80937611875 0.825 0.807811940625 0.825 0.8062507468750001 0.8234384328125 0.8046865671875001 0.8234384328125 0.8031253734374999 0.8140634328124999 0.8031253734374999 0.8109384328125 0.8062507468750001 0.8046884328124999 0.8062507468750001 0.803125 0.807811940625 0.8015634328125 0.807811940625 0.8 0.8062507468750001 0.790625 0.8062507468750001 0.7890634328125 0.8046865671875001 0.7875 0.8046865671875001 0.784375 0.8015611937499999 0.7828134328125 0.8015611937499999 0.78125 0.8 0.78125 0.79843880625 0.778125 0.7953134328125 0.778125 0.793749253125 0.7734384328125 0.7890626859375 0.771875 0.7890626859375 0.7671884328125 0.78437611875 0.7671884328125 0.782811940625 0.7640634328125 0.7796865671875 0.7625 0.7796865671875 0.7609384328125001 0.7781253734375 0.7609384328125001 0.77656119375 0.759375 0.77656119375 0.75625 0.7734388062499999 0.75625 0.7718746265624999 0.7484384328125 0.7640626859374999 0.7484384328125 0.7625014921875 0.7296884328125001 0.7437492531250001 0.728125 0.7437492531250001 0.715625 0.731250746875 0.7140634328125001 0.731250746875 0.703125 0.7203134328125 0.7015634328125 0.7203134328125 0.6953134328125 0.7140626859375 0.6953134328125 0.7125014921874999 0.69375 0.7109373140625 0.69375 0.706250746875 0.6921884328125001 0.7046865671875 0.6921884328125001 0.7 0.6890634328125 0.6968746265625 0.6828134328125001 0.6968746265625 0.68125 0.6953134328125 0.6796884328125 0.6953134328125 0.678125 0.693749253125 0.6734384328125 0.693749253125 0.671875 0.692188059375 0.6703134328125 0.692188059375 0.6671884328125001 0.6890626859375 0.665625 0.6890626859375 0.6640634328125 0.6875014921875 0.6625 0.6875014921875 0.6546884328125 0.6796865671875 0.6546884328125 0.6781253734375 0.640625 0.6640626859375 0.6390634328125 0.6640626859375 0.6234384328125 0.6484388062499999 0.6234384328125 0.6468746265624999 0.621875 0.6453134328125001 0.621875 0.642188059375 0.6203134328125001 0.64062388125 0.6140634328125001 0.64062388125 0.6109384328125 0.6375014921875 0.609375 0.6375014921875 0.6078134328125 0.6359373140625 0.60625 0.6359373140625 0.6046884328125001 0.63437611875 0.603125 0.63437611875 0.6 0.6312507468749999 0.5984384328125001 0.6312507468749999 0.59375 0.62656119375 0.5921884328125 0.62656119375 0.590625 0.625 0.5890634328125001 0.625 0.5828134328125001 0.6187492531250001 0.58125 0.6187492531250001 0.5796884328125 0.617188059375 0.5796884328125 0.61562388125 0.5765634328125 0.6125014921874999 0.575 0.6125014921874999 0.571875 0.60937611875 0.571875 0.607811940625 0.5640634328125 0.6 0.5625 0.6 0.5546884328125 0.592188059375 0.553125 0.592188059375 0.515625 0.5546865671875 0.5140634328125 0.5546865671875 0.509375 0.55 0.509375 0.54843880625 0.5078134328125 0.54843880625 0.503125 0.543749253125 0.5015634328125 0.543749253125 0.49531343281250007 0.5375014921875 0.49375 0.5375014921875 0.48125 0.525 0.48125 0.5234388062499999 0.47968843281250007 0.5218746265624999 0.47968843281250007 0.5140626859374999 0.48125 0.5125014921875 0.48125 0.5031253734375001 0.47968843281250007 0.50156119375 0.4765634328125 0.50156119375 0.475 0.5 0.46875 0.5 0.46718843281250005 0.50156119375 0.45625 0.50156119375 0.45468843281250004 0.5 0.45156343281250005 0.5 0.44843843281250007 0.4968746265625 0.446875 0.4968746265625 0.44375 0.493749253125 0.44218843281250003 0.493749253125 0.428125 0.47968656718749997 0.428125 0.47812537343750006 0.42656343281250003 0.47656119375 0.425 0.47656119375 0.41093843281250003 0.4625014921875 0.409375 0.4625014921875 0.40468843281250005 0.45781194062499997 0.40468843281250005 0.456250746875 0.3921884328125 0.443749253125 0.390625 0.443749253125 0.384375 0.43750149218749995 0.384375 0.4359373140625 0.3828134328125 0.4359373140625 0.3734384328125 0.42656119375 0.3734384328125 0.425 0.359375 0.4109373140625 0.3578134328125 0.4109373140625 0.3546884328125 0.407811940625 0.353125 0.407811940625 0.3515634328125 0.40625074687499996 0.35 0.40625074687499996 0.34375 0.4 0.3421884328125 0.4 0.3390634328125 0.3968746265625 0.3375 0.3968746265625 0.334375 0.39374925312500003 0.33125 0.39374925312500003 0.328125 0.39062388124999997 0.325 0.39062388124999997 0.3234384328125 0.392188059375 0.321875 0.392188059375 0.3203134328125 0.39374925312500003 0.3203134328125 0.39843880625 0.31875 0.4 0.31875 0.40468656718749996 0.3171884328125 0.40625074687499996 0.3171884328125 0.41718805937500003
1 0.2953134328125 0.9312507468750001 0.29375 0.932811940625 0.2921884328125 0.932811940625 0.290625 0.93437611875 0.2890634328125 0.93437611875 0.2875 0.9359373140624999 0.284375 0.9359373140624999 0.2828134328125 0.9375014921875 0.28125 0.9375014921875 0.2796884328125 0.9390626859375001 0.2765634328125 0.9390626859375001 0.275 0.94062388125 0.2734384328125 0.94062388125 0.2703134328125 0.9437492531249999 0.2703134328125 0.997014925 0.4609384328125 0.997014925 0.4609384328125 0.942188059375 0.45781343281250003 0.9390626859375001 0.45781343281250003 0.9375014921875 0.45625 0.9359373140624999 0.45625 0.925 0.453125 0.9218746265625001 0.453125 0.9203134328125 0.45625 0.917188059375 0.45781343281250003 0.917188059375 0.4609384328125 0.9203134328125 0.4609384328125 0.8953134328125 0.453125 0.8953134328125 0.45468843281250004 0.8968746265625 0.45468843281250004 0.9062507468750001 0.45625 0.907811940625 0.45625 0.90937611875 0.45156343281250005 0.9140626859375001 0.446875 0.9140626859375001 0.44375 0.917188059375 0.44218843281250003 0.917188059375 0.43593843281250005 0.9234388062500001 0.43593843281250005 0.925 0.4296884328125 0.9312507468750001 0.428125 0.9312507468750001 0.42656343281250003 0.932811940625 0.425 0.932811940625 0.421875 0.9359373140624999 0.41875 0.9359373140624999 0.41718843281250007 0.93437611875 0.4140634328125 0.93437611875 0.41093843281250003 0.9375014921875 0.40781343281250004 0.9375014921875 0.40625 0.9359373140624999 0.40468843281250005 0.9359373140624999 0.403125 0.93437611875 0.40156343281250007 0.93437611875 0.3984384328125 0.9312507468750001 0.396875 0.9312507468750001 0.3953134328125 0.9296865671875001 0.3921884328125 0.9296865671875001 0.390625 0.9281253734374999 0.3703134328125 0.9281253734374999 0.3671884328125 0.925 0.3671884328125 0.9234388062500001 0.3625 0.9187492531249999 0.3609384328125 0.9187492531249999 0.359375 0.917188059375 0.3578134328125 0.917188059375 0.35625 0.9156238812499999 0.3546884328125 0.9156238812499999 0.353125 0.9140626859375001 0.3515634328125 0.9140626859375001 0.35 0.9125014921875 0.3484384328125 0.9125014921875 0.346875 0.9109373140624999 0.3453134328125 0.9109373140624999 0.34375 0.90937611875 0.3421884328125 0.90937611875 0.340625 0.907811940625 0.3390634328125 0.907811940625 0.3375 0.9062507468750001 0.334375 0.9062507468750001 0.3328134328125 0.9046865671875001 0.3265634328125 0.9046865671875001 0.325 0.9031253734375 0.325 0.9015611937499999 0.3234384328125 0.9 0.3234384328125 0.8953134328125 0.3140634328125 0.8953134328125 0.3140634328125 0.9156238812499999 0.3078134328125 0.9218746265625001 0.3078134328125 0.9234388062500001 0.3015634328125 0.9296865671875001 0.2984384328125 0.9296865671875001 0.296875 0.9312507468750001 0.2953134328125 0.9312507468750001
4 0.659375 0.9546865671875 0.659375 0.997014925 0.7390634328125001 0.997014925 0.7390634328125001 0.9546865671875 0.659375 0.9546865671875
1 0.440625 0.2109373140625 0.43906343281250004 0.2125014921875 0.4375 0.2125014921875 0.43593843281250005 0.21406268593750002 0.434375 0.21406268593750002 0.43281343281250007 0.21562388124999998 0.4296884328125 0.21562388124999998 0.428125 0.21718805937500002 0.42656343281250003 0.21718805937500002 0.425 0.21874925312500001 0.42343843281250004 0.21874925312500001 0.42031343281250005 0.2218746265625 0.41875 0.2218746265625 0.41718843281250007 0.22343880624999998 0.415625 0.22343880624999998 0.4125 0.22656119375 0.41093843281250003 0.22656119375 0.40781343281250004 0.2296865671875 0.40625 0.2296865671875 0.40468843281250005 0.23125074687499997 0.403125 0.23125074687499997 0.40156343281250007 0.232811940625 0.396875 0.232811940625 0.3953134328125 0.23437611875000003 0.38125 0.23437611875000003 0.3796884328125 0.232811940625 0.378125 0.232811940625 0.375 0.2296865671875 0.3734384328125 0.2296865671875 0.371875 0.2281253734375 0.371875 0.22656119375 0.3703134328125 0.225 0.3703134328125 0.22343880624999998 0.3640634328125 0.21718805937500002 0.3609384328125 0.21718805937500002 0.359375 0.21562388124999998 0.35625 0.21562388124999998 0.3546884328125 0.21718805937500002 0.353125 0.21718805937500002 0.353125 0.267188059375 0.359375 0.27343880625 0.3609384328125 0.27343880625 0.3625 0.275 0.3640634328125 0.275 0.3671884328125 0.2781253734375 0.36875 0.2781253734375 0.371875 0.28125074687499996 0.3734384328125 0.28125074687499996 0.378125 0.2859373140625 0.38125 0.2859373140625 0.3828134328125 0.2875014921875 0.384375 0.2875014921875 0.3890634328125 0.29218805937500003 0.390625 0.29218805937500003 0.39375 0.2953134328125 0.421875 0.2953134328125 0.421875 0.29062388125 0.42031343281250005 0.2890626859375 0.421875 0.2875014921875 0.421875 0.282811940625 0.42343843281250004 0.28125074687499996 0.42343843281250004 0.2796865671875 0.43125 0.2718746265625 0.43281343281250007 0.2718746265625 0.43593843281250005 0.26874925312500003 0.4375 0.26874925312500003 0.43906343281250004 0.267188059375 0.44218843281250003 0.267188059375 0.44375 0.26562388124999997 0.4453134328125 0.26562388124999997 0.446875 0.26406268593750004 0.44843843281250007 0.26406268593750004 0.45 0.2625014921875 0.47031343281250004 0.2625014921875 0.471875 0.26406268593750004 0.475 0.26406268593750004 0.4765634328125 0.26562388124999997 0.47968843281250007 0.26562388124999997 0.48125 0.267188059375 0.509375 0.267188059375 0.5109384328125001 0.26562388124999997 0.5125 0.26562388124999997 0.521875 0.256250746875 0.521875 0.2546865671875 0.5234384328125 0.25312537343749997 0.5234384328125 0.25156119375 0.525 0.25 0.525 0.24843880624999998 0.5265634328125001 0.2468746265625 0.5265634328125001 0.2453134328125 0.528125 0.243749253125 0.528125 0.24062388124999998 0.5296884328125 0.23906268593750002 0.5296884328125 0.23125074687499997 0.53125 0.2296865671875 0.53125 0.22343880624999998 0.5328134328125 0.2218746265625 0.5328134328125 0.2 0.53125 0.19843880625000002 0.53125 0.19687462656250002 0.5296884328125 0.1953134328125 0.5296884328125 0.193749253125 0.5265634328125001 0.19062388125000002 0.525 0.19062388125000002 0.5234384328125 0.1890626859375 0.47031343281250004 0.1890626859375 0.46718843281250005 0.192188059375 0.465625 0.192188059375 0.46406343281250007 0.193749253125 0.46406343281250007 0.1953134328125 0.45625 0.20312537343749998 0.45468843281250004 0.20312537343749998 0.446875 0.2109373140625 0.440625 0.2109373140625