0 0.262131209375 0.573840853125 0.2628665109375 0.599096046875 0.31845841875 0.595535728125 0.3177231203125 0.5702805343749999 0.262131209375 0.573840853125
1 0.6238098015625 0.1272958234375 0.6270808875 0.1237128953125 0.6287654484375 0.12360501093750001 0.6353076171875001 0.11643915625000001 0.636992896875 0.11633122656249999 0.6386284265625 0.1145392515625 0.64199754375 0.11432348125 0.6414583421875 0.09580361875 0.6397737828125 0.09591150468750001 0.6380401921875001 0.094335303125 0.6279321140625 0.09498266250000001 0.6262965859375 0.09677463593749999 0.6263456171875 0.098458721875 0.6247100609375 0.10024967656249999 0.6247590921875 0.1019337625 0.62148800625 0.1055166890625 0.619803446875 0.105624575 0.613261278125 0.112790428125 0.6115767171875001 0.11289831406249999 0.6099404703125 0.1146903328125 0.609989471875 0.1163734 0.60835394375 0.1181653734375 0.6066693843750001 0.118273259375 0.5984916859375 0.12723108593750002 0.596807125 0.12733897031250002 0.5902649546875 0.1345048234375 0.5885803953125001 0.1346127078125 0.5820375046875 0.141778609375 0.5769838265625 0.142102265625 0.5753482984375 0.14389423750000002 0.5736637390625 0.14400212343750002 0.568757096875 0.149376003125 0.565387978125 0.14959177343750002 0.56375245 0.151383746875 0.5620678906250001 0.1514916328125 0.555525 0.1586575328125 0.5538404390625 0.15876541875 0.5538894703125 0.16044950625 0.5522539125 0.162240459375 0.5523029453125 0.163924546875 0.5506673875 0.1657155 0.5509124890625 0.1741338984375 0.554379640625 0.17728528125 0.554428671875 0.17896936875 0.5561132328125 0.17886148125 0.5577487609375 0.177069509375 0.5594340390625 0.176961578125 0.561069596875 0.175170625 0.5644387156249999 0.1749548546875 0.5677098015625 0.1713719265625 0.5693943625 0.1712640421875 0.5726654171875001 0.1676800953125 0.574349978125 0.167572209375 0.5808921484375 0.16040635625 0.5825767078124999 0.160298471875 0.5874840703124999 0.1549245453125 0.5891686296875001 0.1548166609375 0.59080415625 0.15302468593750002 0.5958578375 0.152701028125 0.5974933640625 0.15090905625 0.5974443609375 0.1492259890625 0.600715446875 0.1456430625 0.604084565625 0.14542729062499998 0.6057200953125 0.14363531875 0.6074046546874999 0.1435274328125 0.6123119875 0.1381524859375 0.6139965484375 0.1380446015625 0.6205387171875001 0.1308787484375 0.6222232765625 0.1307708640625 0.623858834375 0.12897990937499998 0.6238098015625 0.1272958234375
0 0.1420165046875 0.6220167062499999 0.142702771875 0.645587809375 0.17807924375 0.643322165625 0.1773929765625 0.619751059375 0.1420165046875 0.6220167062499999
0 0.4312257609375 0.1210752453125 0.4312747640625 0.1227583140625 0.4296392375 0.12455028593749999 0.430717640625 0.1615900109375 0.5267396984375 0.15544039062499998 0.5255632625 0.1150335109375 0.4312257609375 0.1210752453125
3 0.7381666703125 0.113225103125 0.7394411421875 0.15699913906250001 0.7697639359374999 0.1550571515625 0.7683423984375 0.1062318734375 0.7531813609375 0.10720284531249999 0.7515458328125 0.1089948171875 0.7414377562500001 0.10964217812499999 0.7381666703125 0.113225103125
5 0.013511778125000002 0.766875296875 0.0870252671875 0.7621672125 0.084329228125 0.6695668765625 0.0108157375 0.6742749625 0.013511778125000002 0.766875296875
0 0.0370675390625 0.4954817921875 0.1330896 0.4893321734375 0.1316680609375 0.44050689218750005 0.0474379203125 0.44590131250000004 0.0441668328125 0.4494842390625 0.0424822734375 0.449592125 0.0408467453125 0.45138409843750005 0.037477628125 0.4515998703125 0.03584206875 0.4533908234375 0.0370675390625 0.4954817921875
0 0.015325479687499999 0.829170215625 0.097262490625 0.82392265625 0.09603702187499999 0.7818316890625 0.0141000109375 0.7870792484375 0.015325479687499999 0.829170215625
5 0.4559150953125 0.38937895 0.4584150671875 0.475244975 0.5864444796875 0.46704548125 0.5839445078125001 0.38117945625 0.4559150953125 0.38937895
4 0.22826115156250001 0.5119127406249999 0.22889838906249999 0.5337997578125 0.254167503125 0.532181428125 0.2528930296875 0.4884073921875 0.2511594390625 0.4868311890625 0.23599768281250003 0.48780220625000004 0.23436215312500003 0.4895941796875 0.23267759531249999 0.48970206406249994 0.23104203750000002 0.49149301718749994 0.23109106875 0.49317710468750003 0.227819984375 0.49676003281250003 0.2279670515625 0.5018112734375 0.22970061249999998 0.50338645625 0.22989668124999998 0.5101207671875 0.22826115156250001 0.5119127406249999
0 0.3977423828125 0.24635457187499998 0.39610685625 0.24814654374999998 0.37420758125 0.2495490578125 0.3747467828125 0.2680689203125 0.39833061718749996 0.266558521875 0.3977423828125 0.24635457187499998
1 0.190464821875 0.489031078125 0.1921003765625 0.487240125 0.1937849375 0.4871322375 0.205233721875 0.47459148593749995 0.20691828124999997 0.4744836 0.210189365625 0.47090067343750003 0.210140334375 0.4692165859375 0.2117758921875 0.46742563125 0.2134604515625 0.46731774687499994 0.2150967 0.465525728125 0.215047696875 0.46384266093750004 0.21831875312500001 0.46025871562500004 0.2200033125 0.460150828125 0.22654548437500002 0.452984975 0.2315991625 0.45266131875 0.23323471875 0.450870365625 0.2349192796875 0.450762478125 0.248004309375 0.4364297078125 0.2479553078125 0.4347466390625 0.25613300781250004 0.4257888140625 0.256083975 0.424104728125 0.267532759375 0.41156397499999997 0.2692180375 0.41145604375 0.27085359531250003 0.409665090625 0.274222715625 0.40944931875 0.27585824375 0.40765734687500005 0.2775428015625 0.4075494609375 0.2808138875 0.40396653281250006 0.2824984484375 0.403858646875 0.284133975 0.40206667500000004 0.28750309375 0.401850903125 0.29077417968749997 0.3982679765625 0.29245873906250003 0.39816009218750004 0.3006371875 0.3892032390625 0.3005881546875 0.3875191515625 0.3022236828125 0.38572717968750003 0.3021746796875 0.3840441109375 0.30381020937500003 0.3822521390625 0.30549476875 0.3821442515625 0.30713032500000004 0.3803532984375 0.308814884375 0.3802454140625 0.31372149843749997 0.3748705125 0.313672465625 0.3731864265625 0.318579109375 0.367812546875 0.32194895 0.3675967296875 0.3235844765625 0.36580475625000003 0.3252690359375 0.3656968703125 0.33181120625 0.35853101718749997 0.333495765625 0.35842313125 0.33513129375 0.356631159375 0.3385004125 0.3564153875 0.3384514109375 0.3547323203125 0.34499358281250003 0.34756646875 0.3466781421875 0.34745858125 0.348314390625 0.3456665625 0.3499989484375 0.345558678125 0.3516344765625 0.34376670468750004 0.35331903593749997 0.3436588171875 0.358225678125 0.3382849390625 0.3599102390625 0.338177053125 0.36154576562499996 0.3363850796875 0.3632303265625 0.3362771953125 0.3665014109375 0.3326942671875 0.366452409375 0.3310112 0.3680879359375 0.32921922812500004 0.36803890625 0.3275351390625 0.3729462671875 0.3221612140625 0.3728972359375 0.3204771265625 0.37453279375 0.3186861734375 0.37448376250000004 0.3170020859375 0.377754846875 0.313419159375 0.377705815625 0.31173507031250003 0.379341371875 0.30994411718750003 0.3792923390625 0.3082600296875 0.3809278984375 0.3064690765625 0.380878865625 0.30478498906249996 0.38251442343750003 0.30299403593749996 0.3824653921875 0.30130995 0.37404259375 0.301849378125 0.3707707890625 0.30543235 0.36908622812499997 0.3055402359375 0.35763744375 0.3180809890625 0.35595288593749996 0.3181888734375 0.35431735781249996 0.319980846875 0.354366359375 0.3216639140625 0.351095275 0.32524684062500003 0.34941071562500003 0.3253547265625 0.334690125 0.3414784515625 0.33300556718749996 0.3415863359375 0.3330545984375 0.3432704234375 0.331419040625 0.3450613765625 0.32973448125 0.3451692625 0.328098953125 0.3469612375 0.3281479859375 0.3486453234375 0.32487689999999997 0.35222825156250004 0.323192340625 0.3523361359375 0.321556784375 0.3541270890625 0.31818694375 0.35434290625 0.31000924375 0.3633007328125 0.308324684375 0.36340861874999997 0.3083737171875 0.3650927046875 0.306738159375 0.3668836578125 0.30505360000000004 0.3669915453125 0.3034180734375 0.3687835171875 0.300048953125 0.3689992890625 0.2984133953125 0.3707902421875 0.2967288359375 0.370898128125 0.2852793328125 0.3834389265625 0.2835947734375 0.3835468109375 0.2754170734375 0.3925046390625 0.273732515625 0.392612525 0.273781546875 0.3942966109375 0.268874903125 0.39967049062500004 0.2689239359375 0.401354578125 0.26565212968749996 0.40493755 0.263967571875 0.405045434375 0.26233204374999997 0.406837409375 0.2623810453125 0.4085204765625 0.26074551874999996 0.41031245 0.259060959375 0.4104203359375 0.25742539999999997 0.4122112890625 0.24900260312500003 0.4127507171875 0.24736707500000002 0.4145426890625 0.24399795625 0.4147584609375 0.2423623984375 0.41654941562500003 0.24067711875 0.416657346875 0.2374060625 0.4202412921875 0.2374550640625 0.421924359375 0.23091289375000001 0.4290902140625 0.23096192656249998 0.4307743015625 0.22932636718750002 0.4325652546875 0.22937539999999998 0.434249340625 0.226104315625 0.4378322671875 0.22625138125 0.4428835109375 0.224615821875 0.4446744640625 0.2246648546875 0.4463585515625 0.22139376875 0.44994147656249994 0.2197092109375 0.4500493625 0.21643812499999998 0.45363228906249997 0.214753565625 0.4537401734375 0.2131173171875 0.45553219531250005 0.211432759375 0.4556400796875 0.2097972 0.45743103281249997 0.208112640625 0.4575389203125 0.1982994140625 0.4682887171875 0.1966148546875 0.468396603125 0.1949792984375 0.4701875578125 0.191610178125 0.470403328125 0.18997465 0.4721953015625 0.188290090625 0.4723031875 0.1768405875 0.484843984375 0.175156028125 0.4849518703125 0.1735204703125 0.486742825 0.1718359109375 0.4868507109375 0.1702003828125 0.4886426828125 0.17024938437499998 0.49032575156249997 0.16370724375 0.4974926234375 0.1620219640625 0.497600553125 0.1603864078125 0.4993915078125 0.1570172890625 0.49960727812499994 0.155381759375 0.5013992546875 0.1520126390625 0.5016150234375 0.1471060265625 0.5069899234374999 0.14542146875 0.5070978078125 0.143785909375 0.5088887625 0.14383494218749998 0.5105728484375 0.12093665468749999 0.5356544015625 0.119252096875 0.5357622859375 0.1176165375 0.5375532390625 0.11771457187500001 0.5409203953125 0.11607904531249999 0.5427123671875 0.116128046875 0.5443954359375 0.1112214328125 0.549770334375 0.1095361546875 0.5498782671875 0.107900625 0.551670240625 0.10453150468750001 0.5518860109375 0.10289594843750001 0.5536769640625 0.1012113890625 0.55378485 0.09794030468750001 0.5573677765625 0.09625574375 0.5574756609375 0.096353778125 0.5608428171875001 0.116569215625 0.5595481421875 0.1165202125 0.557865075 0.12306238124999999 0.5506992234375 0.1247469421875 0.5505913359375 0.13292463906250002 0.5416335109375 0.1346092 0.541525625 0.13788100625 0.537942653125 0.1395655640625 0.5378347671875 0.14120109218750002 0.53604279375 0.141152090625 0.5343597265625 0.14278761874999998 0.532567753125 0.14273858749999999 0.530883665625 0.1476452296875 0.5255097859375 0.1493297890625 0.5254019015625 0.15096531562499999 0.5236099265624999 0.152649875 0.5235020421875001 0.157556490625 0.5181271421875 0.15924105 0.5180192578125 0.1723261109375 0.50368750625 0.1740106703125 0.5035796203125 0.18218836875 0.49462179375000004 0.183872928125 0.4945139078125 0.183823925 0.49283084062500004 0.18545945156250002 0.4910388671875 0.18714401249999998 0.49093098125 0.1887802609375 0.48913896250000005 0.190464821875 0.489031078125
4 0.800221328125 0.04177915 0.8009566265625001 0.0670343421875 0.8363331 0.06476869843750001 0.835352728125 0.0310961265625 0.8067144953125001 0.0329302296875 0.8034434109375 0.0365131546875 0.8034924140624999 0.038196223437499996 0.800221328125 0.04177915
0 0.8383249484374999 0.191149490625 0.8389131828125 0.211353440625 0.8523896593750001 0.21049035625 0.851801425 0.1902864046875 0.8383249484374999 0.191149490625
1 0.3287625640625 0.601622678125 0.342631178125 0.6142282140625 0.342680209375 0.6159123 0.3444138015625 0.6174885031249999 0.344462803125 0.6191715703125 0.3461473625 0.619063684375 0.347880953125 0.6206398875 0.34792995625 0.62232295625 0.3531307015625 0.627050540625 0.35481526093750004 0.6269426546875 0.36695103281249997 0.6379729625 0.3686355921875 0.6378650765625 0.370369153125 0.6394402593749999 0.3720537140625 0.6393323734374999 0.3789880484375 0.645636159375 0.3823578890625 0.6454203421875 0.3840914515625 0.646995525 0.385776009375 0.6468876406249999 0.3909767546875 0.651615225 0.39266131406250004 0.6515073390625 0.397862059375 0.6562349249999999 0.3979110609375 0.6579179921875 0.40484536875000005 0.6642207609375 0.411584328125 0.663789171875 0.41104512499999996 0.6452693093749999 0.405843690625 0.6405427890625 0.40415912968749995 0.6406506750000001 0.4024255390625 0.639074471875 0.400740978125 0.639182359375 0.39900738750000003 0.6376061562500001 0.3973228265625 0.6377140421874999 0.395589265625 0.6361388609375 0.39554023437499997 0.6344547734375 0.393806671875 0.6328795921875 0.3921221125 0.6329874765625 0.360916984375 0.6046240484375 0.3608679515625 0.602939959375 0.359134390625 0.601364778125 0.3574498296875 0.6014726625 0.3539819265625 0.59832030625 0.353932925 0.5966372390625 0.352199334375 0.5950610375000001 0.3505147734375 0.5951689234375 0.34531405937500004 0.5904423546875 0.3436295 0.5905502421875 0.3418959078125 0.5889740406249999 0.32673487031250004 0.5899450109375 0.326979971875 0.598363409375 0.328713534375 0.5999385921875 0.3287625640625 0.601622678125
3 0.3818856109375 0.571231984375 0.383258146875 0.618374196875 0.4152655 0.6163243234375 0.41389296406250004 0.5691821125 0.3818856109375 0.571231984375
0 0.6456476078125 0.0078229828125 0.6304858515625 0.008794 0.62885029375 0.010584953125000001 0.6294385265625 0.030788903125 0.64628484375 0.029709999999999997 0.6456476078125 0.0078229828125
0 0.047776318750000005 0.6314256390625 0.0478253203125 0.6331087078125 0.0461897921875 0.6349006796875 0.046778026562500005 0.65510463125 0.08215449999999999 0.6528389875 0.08146823125 0.62926788125 0.047776318750000005 0.6314256390625
1 0.29569946406250003 0.3355424890625 0.2960916 0.349011109375 0.3095680765625 0.3481480265625 0.309175940625 0.3346794046875 0.29569946406250003 0.3355424890625
4 0.1818141546875 0.423801609375 0.17854306874999998 0.42738453749999994 0.17932737031249998 0.454322796875 0.18106093437499998 0.455897978125 0.22317636406250002 0.4532007453125 0.222245025 0.4212122625 0.1818141546875 0.423801609375
0 0.4146951875 0.5387688093749999 0.414793221875 0.542135965625 0.41315769375 0.5439279390625 0.41354982968750004 0.557396559375 0.42702630781249995 0.5565334734375 0.4264871046875 0.5380136109375 0.4146951875 0.5387688093749999
5 0.462791946875 0.1038726640625 0.46308604999999997 0.113974128125 0.46145052187499996 0.1157661015625 0.4615485546875 0.11913325781249999 0.5221941421875 0.11524928281249999 0.5217529734374999 0.100096575 0.462791946875 0.1038726640625
0 0.1422740421875 0.746821340625 0.14063851562500002 0.7486133140625 0.1389539546875 0.7487211984375 0.139640221875 0.7722923046875 0.176701975 0.7699187281250001 0.17596667500000002 0.7446635359375 0.1422740421875 0.746821340625
4 0.3408354265625 0.4945827515625 0.3391998671875 0.49637370625 0.339346934375 0.5014249484375 0.33771137812499996 0.5032159015625 0.33785844374999996 0.50826714375 0.33959203437499996 0.5098433453125 0.33993516874999996 0.5216288984374999 0.3753116390625 0.5193632546875 0.37447830625 0.49074090625 0.36437094999999997 0.49138822031249996 0.3627354203125 0.49318019375000005 0.3408354265625 0.4945827515625
5 0.43731253125 0.6199719875 0.43404075468750003 0.623555978125 0.432356196875 0.6236638640625001 0.4327483328125 0.637132484375 0.4950791984375 0.6331405796875 0.49458899843750004 0.6163037828125 0.43731253125 0.6199719875
4 0.8064024406250001 0.0801793046875 0.80718674375 0.10711756718750001 0.8526705734375 0.104204609375 0.8518372703124999 0.07558328125 0.840045353125 0.0763384796875 0.838311759375 0.0747622765625 0.809673528125 0.07659637968750001 0.8064024406250001 0.0801793046875
0 0.010423601562499999 0.660806340625 0.018237828125 0.6603058890625 0.017600590625000002 0.6384188703125 0.009786365625 0.638919321875 0.010423601562499999 0.660806340625
0 0.5164805703125 0.3247762578125 0.517068775 0.3449791875 0.5288606921875 0.34422398906249996 0.5282724890625 0.3240210578125 0.5164805703125 0.3247762578125
5 0.2824051484375 0.22675271874999997 0.2831404171875 0.2520068921875 0.41622422812500004 0.243483696875 0.415488959375 0.21822952187500003 0.2824051484375 0.22675271874999997
4 0.3201919796875 0.5971109109375 0.2898691859375 0.5990528984375 0.2865981 0.602635825 0.28738240312499996 0.6295740859375 0.321074315625 0.6274163265625 0.3201919796875 0.5971109109375
4 0.44457841093750006 0 0.44498387343749995 0.013926365625000001 0.44671746562500003 0.015502568750000001 0.44710963125000003 0.0289722078125 0.4858552234375 0.0264907921875 0.4850839484375 0 0.44457841093750006 0
5 0.4665974984375 0.292548375 0.46752886718750003 0.3245378765625 0.5281744546875 0.3206539015625 0.5272430859374999 0.2886644 0.4665974984375 0.292548375
1 0.7694519109375 0.20230725 0.7688636765625 0.1821032984375 0.7636629625 0.1773767328125 0.761978403125 0.1774846203125 0.7567776578125 0.172757034375 0.7550930984375 0.17286491875 0.7533595359375 0.17128973593750002 0.7499904171875 0.1715055078125 0.7430553625 0.1652017671875 0.7346325625000001 0.1657411953125 0.7329970359375 0.1675331671875 0.7330460375000001 0.1692162359375 0.7314105093750001 0.17100820781249998 0.731557575 0.1760594515625 0.733242134375 0.1759515671875 0.7367092890625 0.17910294843750002 0.738393846875 0.17899506406250001 0.740127409375 0.18057024531250002 0.7401764421875 0.1822543328125 0.748845059375 0.19013325625 0.7488940609375 0.191816325 0.7558283984374999 0.19812011093749998 0.75751295625 0.1980122265625 0.75924651875 0.1995874078125 0.7592955515625001 0.201271496875 0.7610291124999999 0.202846678125 0.7694519109375 0.20230725
0 0.718460046875 0.074003946875 0.718509078125 0.0756880328125 0.7168728 0.0774790328125 0.7174120312500001 0.095999915625 0.7292046703125 0.09524466875000001 0.728567403125 0.0733566328125 0.718460046875 0.074003946875
4 0.4483918359375 0.3628722765625 0.4180690421875 0.3648142640625 0.416433484375 0.3666052171875 0.41731585000000004 0.396911653125 0.44932320312499996 0.39486177968749997 0.4483918359375 0.3628722765625
5 0.6331639671875 0.15874589687500001 0.6336051359375 0.1738986046875 0.70098968125 0.1695830421875 0.7005485140625 0.15443033281250002 0.6971793953125001 0.1546461046875 0.6954458031249999 0.153069903125 0.6347994953125 0.156953925 0.6331639671875 0.15874589687500001
0 0.498310721875 0.2803960171875 0.49994627812500003 0.2786050640625 0.499210978125 0.2533498703125 0.4958418578125 0.2535656421875 0.49420633125 0.2553576140625 0.49083721249999995 0.2555733859375 0.48429504218749997 0.2627392375 0.48454014062499995 0.2711576359375 0.486273734375 0.2727338359375 0.4863717671875 0.2761009921875 0.4881053296875 0.27767617499999997 0.4881543609375 0.2793602625 0.48988792343750004 0.28093544375 0.498310721875 0.2803960171875
5 0.135006790625 0.3812554265625 0.13569305781250002 0.4048265328125 0.26877686875 0.3963033359375 0.268090603125 0.3727322296875 0.135006790625 0.3812554265625
5 0.9326313390625 0.1260721078125 0.809655603125 0.1339479421875 0.8080200765625 0.1357399140625 0.808510246875 0.152575690625 0.933170540625 0.14459197031249998 0.9326313390625 0.1260721078125
4 0.5411171546875 0.1275311125 0.5882862640625001 0.1245102234375 0.587452959375 0.0958888953125 0.58571936875 0.09431269375 0.5385502578125 0.097333584375 0.53691473125 0.0991255578125 0.537601 0.1226966625 0.5393345609375 0.12427184375 0.53938359375 0.12595593125 0.5411171546875 0.1275311125
5 0.3042010140625 0.64719638125 0.2311950015625 0.648963234375 0.23354042343749998 0.678839953125 0.3069006515625 0.6716435265625 0.3055818015625 0.671375634375 0.3042010140625 0.64719638125
0 0.29276129375000004 0.69838754375 0.29349659375 0.7236427359375 0.30697379062499996 0.7227796046875 0.3062384921875 0.6975244125 0.29276129375000004 0.69838754375
1 0.388860496875 0.2890928546875 0.38722496875 0.29088482656250003 0.3872739703125 0.2925678953125 0.3840028859375 0.2961508203125 0.3823183265625 0.29625870625 0.3806828 0.29805068125 0.38073180156249997 0.2997337484375 0.37746074531249996 0.30331769375 0.375776184375 0.3034255796875 0.37414062812500004 0.3052165328125 0.374189659375 0.3069006203125 0.3709178546875 0.3104835921875 0.3711629546875 0.318901990625 0.38464015156250003 0.318038859375 0.3862756796875 0.3162468859375 0.386226646875 0.3145628 0.3878622046875 0.3127718453125 0.38781317187500003 0.31108775781250003 0.38944873125 0.30929680312499996 0.3911332890625 0.30918891875 0.3993109875 0.30023109375 0.4009962671875 0.3001231625 0.4026317953125 0.2983311890625 0.40431635468750005 0.298223303125 0.40922299687499997 0.292849421875 0.4109075578125 0.2927415375 0.41581417031249995 0.2873666375 0.4174987296875 0.28725875156249997 0.4191342578125 0.2854667796875 0.418693090625 0.270314071875 0.4170575625 0.27210604374999997 0.41368844375 0.272321815625 0.4120529140625 0.2741137890625 0.40868379531250004 0.27432955937500003 0.40377715312499995 0.2797034390625 0.40209259218750004 0.27981132343750004 0.40045706562500005 0.2816032984375 0.3970872265625 0.281819115625 0.3905450546875 0.28898496875 0.388860496875 0.2890928546875
0 0.4973029609375 0.6515525546875 0.4871948828125 0.652199915625 0.48555935625 0.6539918874999999 0.4860985578125 0.6725117515625 0.49789119375 0.67175650625 0.4973029609375 0.6515525546875
0 0.711587209375 0.1857715015625 0.5633423609375 0.1952656703125 0.56007130625 0.19884961406249999 0.5608065765625 0.2241037890625 0.7124205421875 0.2143938515625 0.711587209375 0.1857715015625
3 0.3990121515625 0.46386840156250003 0.4000905546875 0.5009081281250001 0.4203059921875 0.49961345625 0.4192275890625 0.462573728125 0.3990121515625 0.46386840156250003
1 0.7905657109375 0 0.79125860625 0.023798759375 0.7896230796875 0.025590734375 0.790015215625 0.039059353125 0.7883796890625 0.040851328125 0.7906835625 0.1199820234375 0.7924171515625 0.1215582234375 0.7924661546875 0.12324129218749999 0.7941997453125 0.12481749375 0.7943468124999999 0.12986873593749998 0.8030153999999999 0.137746640625 0.8046999593749999 0.137638753125 0.8006926359375001 0 0.7905657109375 0
1 0.05077119375 0.560388665625 0.051261393749999995 0.5772254609374999 0.0664231515625 0.5762544453125 0.0680586796875 0.5744624703125 0.0697432375 0.5743545859375 0.06925306875000001 0.5575188109375 0.0524067515625 0.5585977125 0.05077119375 0.560388665625
5 0.0058687999999999995 0.5043634640625 0.0066001265625 0.52948219375 0.1070672921875 0.5230478921875 0.10628299062499999 0.49610963124999996 0.0058476046875 0.5025418968750001 0.0058687999999999995 0.5043634640625
3 0.7500752640624999 0.0584854515625 0.7518088265625 0.060060634375 0.7753933796875 0.0585501890625 0.7739228406249999 0.008041840625000001 0.7402302078125 0.0101996453125 0.7408184125 0.030402578125000003 0.7425520015625 0.0319787796875 0.7426010046875 0.033661846875 0.740965478125 0.03545381875 0.7414066453125 0.05060652812500001 0.7430912046875 0.0504986421875 0.7448255171875 0.0520747984375 0.7465100765625 0.0519669109375 0.7499772296875 0.055118295312499996 0.7500752640624999 0.0584854515625
3 0.371194034375 0.37793662031249997 0.4284712234375 0.374268371875 0.4265104828125 0.30692322656250004 0.3911332890625 0.30918891875 0.3894977328125 0.310979871875 0.38612861249999997 0.31119564375 0.371408025 0.32731936875 0.37145705625000003 0.32900345625 0.369821528125 0.33079542968750003 0.371194034375 0.37793662031249997
1 0.4699666171875 0.2923326046875 0.4708979859375 0.3243221078125 0.5281744546875 0.3206539015625 0.5272430859374999 0.2886644 0.4699666171875 0.2923326046875
1 0.8124676 0.172563871875 0.8130068015624999 0.19108373437499998 0.850067834375 0.188710203125 0.8495286328124999 0.170190340625 0.8124676 0.172563871875
0 0.172455253125 0.566090309375 0.17081969531250002 0.5678812625 0.17116283125 0.579666815625 0.17289642031250002 0.5812430171875 0.171260865625 0.5830339718750001 0.171358928125 0.5864021453125 0.2050508421875 0.5842443859374999 0.20446260781249997 0.5640404359375 0.172455253125 0.566090309375
1 0.027970940625000003 0.588837371875 0.028461140625 0.6056741671875 0.046992015625 0.6044873796875 0.046403784375 0.5842834296875 0.034611865625 0.585038628125 0.0329763375 0.5868306015625 0.0296064984375 0.58704641875 0.027970940625000003 0.588837371875
2 0.33512085625 0.5408307 0.33435013750000003 0.5636024796875 0.4082971890625 0.6159167734375 0.419982165625 0.603657078125 0.407916890625 0.337331053125 0.68158370625 0.1024482234375 0.6641697843750001 0.0901034453125 0.1241190203125 0.5731129375 0.14408774375 0.5831707625 0.3965259109375 0.3433071171875 0.4040825671875 0.5939075296875 0.33512085625 0.5408307
2 0.5454592921875 0 0.7630548875 0.156441765625 0.7717073265625001 0.1415594734375 0.7717897921875 0.0151244765625 0.7555285578125 0.005692228125 0.6808445140625 0.07740975624999999 0.5665642578125001 0 0.5454592921875 0
2 0.757362171875 0.026391425000000003 0.6942829078125 0.0862139453125 0.6924693875 0.08528406875 0.7598589 0.1309315484375 0.757362171875 0.026391425000000003
1 0.7121136453125 0 0.3902072390625 0.275126809375 0.40070140312499997 0.2931429109375 0.7346680796875 0 0.7121136453125 0
1 0.148729440625 0.527582065625 0.1614935890625 0.5368001312499999 0.3936354234375 0.3286615859375 0.375472659375 0.3162963390625 0.148729440625 0.527582065625
1 0.47807160781249997 0 0.7439332859375 0.1886891046875 0.7443515125 0.167193065625 0.5133726750000001 0 0.47807160781249997 0
3 0.34011231249999996 0.51777533125 0.294552140625 0.5206931796875 0.2960168640625 0.57100171875 0.3415770359375 0.568083871875 0.34011231249999996 0.51777533125
3 0.1436996390625 0.56770928125 0.0798678640625 0.5717973125 0.0815513296875 0.6296190015625001 0.1453831046875 0.6255309703124999 0.1436996390625 0.56770928125
1 0.36464014218749996 0.3676988390625 0.37595107968749997 0.580705925 0.389715296875 0.5878918515625 0.380946959375 0.3550042453125 0.36464014218749996 0.3676988390625
1 0.493905878125 0.6326172265625 0.46044407343750005 0.6343762296875 0.4611499296875 0.6586201546875 0.4963506984375 0.656465853125 0.493905878125 0.6326172265625
5 0.565132 0.5748221765625 0.4229330453125 0.582583034375 0.4231152390625 0.6133510109375 0.5565803093749999 0.601442221875 0.565132 0.5748221765625