3 0.5479325312500001 0.8153216656250001 0.5192685375 0.8153216656250001 0.5192685375 0.8446594140625001 0.5479325312500001 0.8446594140625001 0.5479325312500001 0.8153216656250001
3 0.2721275890625 0.8373368015624999 0.232762190625 0.8373368015624999 0.232762190625 0.8758136234375 0.2721275890625 0.8758136234375 0.2721275890625 0.8373368015624999
3 0.2490146953125 0.7467502359375 0.21632932500000002 0.7467502359375 0.21632932500000002 0.7976773890625 0.2490146953125 0.7976773890625 0.2490146953125 0.7467502359375
3 0.3548931203125 0.6957994328125 0.3331496328125 0.6957994328125 0.3331496328125 0.72936613125 0.3548931203125 0.72936613125 0.3548931203125 0.6957994328125
3 0.55861389375 0.21578524062499999 0.5219338671875 0.21578524062499999 0.5219338671875 0.24586092656249997 0.55861389375 0.24586092656249997 0.55861389375 0.21578524062499999
3 0.4729091515625 0.19943235625 0.437538409375 0.19943235625 0.437538409375 0.2487984859375 0.4729091515625 0.2487984859375 0.4729091515625 0.19943235625
3 0.4838343359375 0.300080415625 0.461963928125 0.300080415625 0.461963928125 0.3448770109375 0.4838343359375 0.3448770109375 0.4838343359375 0.300080415625
3 0.530818303125 0.40640492031250003 0.48506679999999996 0.40640492031250003 0.48506679999999996 0.486859034375 0.530818303125 0.486859034375 0.530818303125 0.40640492031250003
3 0.606262525 0.28246452187500004 0.5819672671875 0.28246452187500004 0.5819672671875 0.3165515609375 0.606262525 0.3165515609375 0.606262525 0.28246452187500004
3 0.7286172343749999 0.0755771046875 0.7015096859375001 0.0755771046875 0.7015096859375001 0.10760170312499999 0.7286172343749999 0.10760170312499999 0.7286172343749999 0.0755771046875
3 0.715935203125 0.1047398296875 0.695941884375 0.1047398296875 0.695941884375 0.1155818359375 0.715935203125 0.1155818359375 0.715935203125 0.1047398296875
3 0.7083867734375 0.1125260171875 0.69250835 0.1125260171875 0.69250835 0.129044465625 0.7083867734375 0.129044465625 0.7083867734375 0.1125260171875
5 0.6034208421875 0.26664332968750004 0.597153640625 0.250080415625 0.5404101531250001 0.2813614 0.53793253125 0.28058467343750004 0.5401469609375 0.2818401140625 0.545366065625 0.2979877015625 0.6034208421875 0.26664332968750004
5 0.20350233750000002 0.9742497640625001 0.2095511015625 0.9917000953124999 0.263511021875 0.9641788078125 0.2576098859375 0.9417937562500001 0.20350233750000002 0.9742497640625001
5 0.5255230453124999 0.5057653734375 0.52917368125 0.520723746875 0.553637275 0.5099385046875 0.547696059375 0.4920359515625 0.5255230453124999 0.5057653734375
5 0.51305076875 0.53348344375 0.51867601875 0.5555458843750001 0.6390020046875 0.48953169374999994 0.629980628125 0.46936140000000004 0.51305076875 0.53348344375
5 0.44064595781250004 0.6888732265625 0.446002671875 0.70279659375 0.5012304609375 0.6742630078125 0.49812491718749996 0.6607502359375 0.44064595781250004 0.6888732265625
5 0.489438209375 0.133026490625 0.46996459531249996 0.146461684375 0.47040748125 0.14658183593750002 0.47429058125 0.15772942343750002 0.49400200468750005 0.1501523171875 0.489438209375 0.133026490625
5 0.5835811625 0.083176915625 0.52859719375 0.1126102171875 0.5336325984375 0.1293036890625 0.5891736812499999 0.1001532640625 0.5835811625 0.083176915625
5 0.3664649296875 0.22018732187499998 0.3707695390625 0.23402554375 0.42108216406250004 0.207929990625 0.4164542421875 0.1906442765625 0.3664649296875 0.22018732187499998
5 0.4265477625 0.21649668906250003 0.31481095468750003 0.27588552499999996 0.31940347343750003 0.2935695359375 0.4324629265625 0.2347578046875 0.4265477625 0.21649668906250003
5 0.40200066874999996 0.5227880796875 0.4080060125 0.5412563859375 0.4600347359375 0.5101059609374999 0.45276085468750005 0.49260075625 0.40200066874999996 0.5227880796875
5 0.3332191046875 0.68010690625 0.2740467609375 0.70646546875 0.27811556406250004 0.72457994375 0.33710220468749996 0.6966953640625 0.3332191046875 0.68010690625
5 0.389482965625 0.603321665625 0.239820975 0.6814295171875 0.2484428859375 0.7075515609374999 0.3915477625 0.63051371875 0.389482965625 0.603321665625
0 0.517466265625 0.6088580890624999 0.43176219062500004 0.6542715234375 0.43971409531249994 0.6912715234375 0.5259672671875 0.647624409375 0.517466265625 0.6088580890624999
5 0.70142418125 0.846801325 0.801338009375 0.7874039734375 0.7849385437499999 0.7122412484375 0.68051369375 0.7668826875 0.680312625 0.7683226109375 0.70142418125 0.846801325
5 0.44201870468750004 0.8218826874999999 0.3828998 0.8524408703124999 0.3870293921875 0.8694635765625 0.44591249218750006 0.8373935671874999 0.44201870468750004 0.8218826874999999
5 0.347254509375 0.899904446875 0.2932912484375 0.928044465625 0.2931716765625 0.927933775 0.29812758906250003 0.9437473984375 0.3509559125 0.914479659375 0.347254509375 0.899904446875
5 0.1421436203125 0.7668826875 0.1464542421875 0.78431315 0.201852371875 0.756421003125 0.197102871875 0.7399924312499999 0.1421436203125 0.7668826875
5 0.18150901875 0.767744559375 0.06885971874999999 0.8281608328125 0.071807615625 0.84290823125 0.1873166328125 0.781841059375 0.18150901875 0.767744559375
1 0.7633827656250001 0.1203491015625 0.778014028125 0.10926773906250001 0.7693640609375 0.093383159375 0.7576499671875 0.10322043593750001 0.757969271875 0.1115439921875 0.73768203125 0.11212582812500001 0.7342618578125 0.11953074687500001 0.7633827656250001 0.1203491015625
1 0.78509485625 0.06239924375 0.764770875 0.0726442765625 0.766410821875 0.08390444687500001 0.7551910484375 0.08768211875000001 0.75091583125 0.08532071875 0.736226453125 0.11045222343750001 0.745092853125 0.1115931875 0.749550434375 0.10159318749999999 0.7899639281249999 0.0778524125 0.78509485625 0.06239924375
1 0.729901803125 0.1192999046875 0.7226800265625 0.13412488125 0.744947228125 0.1569867546875 0.7605878421875001 0.1469356671875 0.7569545765625 0.129711446875 0.744991984375 0.1363273421875 0.729901803125 0.1192999046875
1 0.66982164375 0.8817436140625 0.64564261875 0.894210028125 0.6504315296875001 0.9116064328125001 0.67410086875 0.8990983921875 0.66982164375 0.8817436140625
1 0.525767534375 0.0859176921875 0.5010574484375 0.09781173125 0.49972478281250005 0.0987701046875 0.5047147625 0.1151390734375 0.5308757515625 0.09908893125 0.525767534375 0.0859176921875
1 0.3888062796875 0.1893519390625 0.362466934375 0.2044597921875 0.36720708125 0.21963197656250003 0.391941884375 0.2058826875 0.3888062796875 0.1893519390625
1 0.5142024046875 0.24953737031249998 0.49267267812500004 0.26147776718750004 0.4975991984375 0.2758883640625 0.5170394125 0.26449763437499996 0.5142024046875 0.24953737031249998
1 0.4680668 0.21610312187499997 0.53118436875 0.4529725640625 0.5424074812499999 0.45739356718749996 0.479806946875 0.21891958437499998 0.4680668 0.21610312187499997
1 0.5321756843750001 0.4462052984375 0.598095525 0.410494796875 0.5975364062499999 0.41192431406249996 0.60024649375 0.41150331093750003 0.6008497 0.388365184375 0.5834048093749999 0.3954191109375 0.5844929859375 0.40699905468750003 0.5361222437500001 0.4319971625 0.5321756843750001 0.4462052984375
1 0.517913828125 0.44918921406249995 0.5308436875 0.45142384062499996 0.6931068796875001 0.17572753125 0.6814649296875 0.1729905390625 0.517913828125 0.44918921406249995
1 0.5315744828125 0.452553453125 0.544279225 0.45706906406250003 0.7306806953125 0.1401116359375 0.7189345359375 0.13480889375 0.5315744828125 0.452553453125
1 0.45876352656249997 0.18494702031250002 0.529679359375 0.2017909171875 0.524941215625 0.1793680234375 0.45459719375 0.1589101234375 0.45876352656249997 0.18494702031250002
1 0.4323867734375 0.1724418171875 0.45946225781249994 0.181431409375 0.4540494328125 0.159741721875 0.42722044062500003 0.1547180703125 0.4323867734375 0.1724418171875
0 0.6468750828125 0.10468779531250001 0.6484375421874999 0.1062497640625 0.65937475 0.1062497640625 0.6609372078125 0.10468779531250001 0.66562525 0.10468779531250001 0.667187709375 0.10312488125 0.670312625 0.10312488125 0.675 0.0984370859375 0.675 0.09687511875 0.679687375 0.09218732187499999 0.679687375 0.07187511875 0.6781249171875 0.0703122046875 0.6640627921875 0.0703122046875 0.65937475 0.075 0.657812290625 0.075 0.6515624578125 0.0812497640625 0.6453126250000001 0.0812497640625 0.642187709375 0.0843746453125 0.642187709375 0.10312488125 0.6437501671875 0.10468779531250001 0.6468750828125 0.10468779531250001
1 0.2359372078125 0.8875004734375 0.232812290625 0.8875004734375 0.23124983281249997 0.8859375593750001 0.23124983281249997 0.8843746453125 0.229687375 0.8828126781250001 0.229687375 0.87812488125 0.2281249171875 0.8765629140625 0.2281249171875 0.8703122046875 0.2187501671875 0.8703122046875 0.2187501671875 0.9187502359374999 0.2265624578125 0.9187502359374999 0.229687375 0.9156253546875 0.229687375 0.914062440625 0.23437475000000002 0.9093746453125 0.23437475000000002 0.9078126781250001 0.2359372078125 0.9062497640625 0.2359372078125 0.8875004734375
5 0.4 0.3687502359375 0.3984375421875 0.3703122046875 0.3890627921875 0.3703122046875 0.387500334375 0.37187511875 0.38593720781249996 0.37187511875 0.38437475 0.37343708593749997 0.370312625 0.37343708593749997 0.36875016718750003 0.37187511875 0.362499665625 0.37187511875 0.3609372078125 0.37343708593749997 0.357812290625 0.37343708593749997 0.3562498328125 0.375 0.354687375 0.375 0.3531249171875 0.37656291406250003 0.3515624578125 0.37656291406250003 0.3484375421875 0.3796877953125 0.3468750828125 0.3796877953125 0.345312625 0.3812497640625 0.3437501671875 0.3812497640625 0.3390627921875 0.38593755937499996 0.337499665625 0.38593755937499996 0.33593720781249997 0.3875004734375 0.33437475 0.3875004734375 0.332812290625 0.389062440625 0.3312498328125 0.389062440625 0.32656245781250004 0.39375023593749997 0.325 0.39375023593749997 0.3234375421875 0.3953122046875 0.3218750828125 0.3953122046875 0.320312625 0.39687511875000003 0.320312625 0.3984370859375 0.31875016718750004 0.4 0.31875016718750004 0.4156253546875 0.320312625 0.417187321875 0.320312625 0.41875023593750005 0.3218750828125 0.4203122046875 0.3218750828125 0.4265629140625 0.3234375421875 0.42812488125000003 0.3234375421875 0.43437464531250003 0.325 0.435937559375 0.325 0.44062535468749997 0.32656245781250004 0.442187321875 0.32656245781250004 0.44687511874999997 0.3281249171875 0.4484370859375 0.3281249171875 0.45312488125000006 0.329687375 0.4546877953125 0.329687375 0.4593746453125 0.3312498328125 0.460937559375 0.3312498328125 0.4656253546875 0.332812290625 0.467187321875 0.332812290625 0.4703122046875 0.33593720781249997 0.4734370859375 0.33593720781249997 0.475 0.3390627921875 0.47812488125 0.34062525 0.47812488125 0.342187709375 0.47968779531249994 0.3484375421875 0.47968779531249994 0.35 0.47812488125 0.3515624578125 0.47812488125 0.3531249171875 0.4765629140625 0.354687375 0.4765629140625 0.3562498328125 0.475 0.35937475 0.475 0.3609372078125 0.4734370859375 0.36406279218750004 0.4734370859375 0.36562525 0.47187511875 0.367187709375 0.47187511875 0.370312625 0.46875023593750004 0.37187508281250004 0.46875023593750004 0.37343754218749997 0.467187321875 0.375 0.467187321875 0.379687375 0.46250047343749995 0.38124983281249997 0.46250047343749995 0.382812290625 0.460937559375 0.38437475 0.460937559375 0.38593720781249996 0.4593746453125 0.387500334375 0.4593746453125 0.3937501671875 0.45312488125000006 0.3937501671875 0.45156291406250004 0.3984375421875 0.44687511874999997 0.3984375421875 0.44531220468750005 0.4 0.4437502359375 0.4 0.44062535468749997 0.4015624578125 0.439062440625 0.4015624578125 0.435937559375 0.40312491718750004 0.43437464531250003 0.40312491718750004 0.4312497640625 0.40468737499999996 0.42968779531249995 0.40468737499999996 0.40312488125 0.4140627921875 0.39375023593749997 0.417187709375 0.39375023593749997 0.4187501671875 0.392187321875 0.42187508281249997 0.392187321875 0.4265624578125 0.3875004734375 0.4281249171875 0.3875004734375 0.429687375 0.38593755937499996 0.429687375 0.3843746453125 0.4359372078125 0.37812488125 0.4359372078125 0.37656291406250003 0.437500334375 0.375 0.437500334375 0.3687502359375 0.4390627921875 0.36718732187500003 0.4390627921875 0.36406244062500004 0.44062524999999997 0.3625004734375 0.44062524999999997 0.360937559375 0.442187709375 0.3593746453125 0.442187709375 0.357812678125 0.44062524999999997 0.35624976406250003 0.44062524999999997 0.3546877953125 0.437500334375 0.3515629140625 0.4359372078125 0.3515629140625 0.43437475000000003 0.35 0.4281249171875 0.35 0.4265624578125 0.3515629140625 0.425 0.3515629140625 0.41093720781250004 0.3656253546875 0.40937475 0.3656253546875 0.407812290625 0.36718732187500003 0.4062498328125 0.36718732187500003 0.40468737499999996 0.3687502359375 0.4 0.3687502359375
0 0.36875016718750003 0.20156291406250001 0.370312625 0.2 0.370312625 0.1984370859375 0.37187508281250004 0.19687511875000002 0.37187508281250004 0.189062440625 0.370312625 0.1875004734375 0.370312625 0.185937559375 0.36875016718750003 0.1843746453125 0.36875016718750003 0.1796877953125 0.367187709375 0.17812488124999998 0.3562498328125 0.17812488124999998 0.3562498328125 0.20781267812499998 0.3609372078125 0.2125004734375 0.36562525 0.2125004734375 0.36562525 0.21093755937499997 0.367187709375 0.2093746453125 0.367187709375 0.2062497640625 0.36875016718750003 0.2046877953125 0.36875016718750003 0.20156291406250001
2 0.5018830999999999 0.448660359375 0.310528390625 0.7669848625 0.22317167656249998 0.7450198671875 0.215120240625 0.7614247875 0.242281896875 0.8790662250000001 0.257025384375 0.8789016078125 0.3126212421875 0.7859006625 0.676712759375 0.8719545890625 0.6780260515625 0.8509754015625 0.3230073484375 0.7687861875 0.7028583828125 0.129892146875 0.6874649296875 0.12433869374999999 0.5085010015625 0.435560075 0.44920040156249996 0.21520719062500002 0.5204008015625 0.23425165625000002 0.5225043421875 0.221018921875 0.444696059375 0.203247871875 0.4395911828125 0.2135998109375 0.5018830999999999 0.448660359375
0 0.3901022046875 0.48999905468750005 0.39143620625 0.49069252656250006 0.397701403125 0.5092128671875 0.408796259375 0.5036480609375 0.4038837671875 0.4799678328125 0.3906686703125 0.487886471875 0.3901022046875 0.48999905468750005
0 0.4533366734375 0.2538505203125 0.4400467609375 0.26243046406250004 0.44553573750000003 0.2776471140625 0.45769873125 0.27043235625 0.4533366734375 0.2538505203125
0 0.526460921875 0.061754967187499996 0.5150728124999999 0.0677880796875 0.5196546421875 0.08906906406250001 0.5329839671875 0.0835931875 0.526460921875 0.061754967187499996
0 0.5294997859375 0.1840676125 0.529466265625 0.18420435156249998 0.5342064125 0.206929990625 0.5852565125 0.180782403125 0.5790046765625 0.158080415625 0.5294997859375 0.1840676125
0 0.43937408125 0.5279280984375 0.4311322640625 0.5412942296875001 0.4419271875 0.55548344375 0.45091583125 0.541524125 0.43937408125 0.5279280984375
0 0.14519238437499998 0.727427625 0.1325183703125 0.7325184484375 0.13841349375 0.752841059375 0.1492104203125 0.7453670765625 0.14519238437499998 0.727427625
0 0.27695724843749997 0.7802412484375 0.265751503125 0.7851305578125001 0.27129659375 0.80820340625 0.28237541718750003 0.8031684015625 0.27695724843749997 0.7802412484375
0 0.3639879765625 0.8053992437499999 0.35254976562499996 0.8124474921875 0.3576325984375 0.8337880796875 0.36980093593749996 0.8277294234375001 0.3639879765625 0.8053992437499999
0 0.20600534375000001 0.932383159375 0.19380961875 0.9391163671875 0.1992297921875 0.9596423843749999 0.21137074218750002 0.953685903125 0.20600534375000001 0.932383159375
0 0.6618089515625 0.1312232734375 0.6497341343749999 0.1375998109375 0.6557020703124999 0.15743235625000002 0.666455578125 0.1494247875 0.6618089515625 0.1312232734375
0 0.7590454234374999 0.0233377484375 0.7247448234375 0.041482496875000004 0.731774215625 0.062243140625000005 0.764295925 0.044689687500000005 0.7590454234374999 0.0233377484375
0 0.7925965265625 0.0037095546875000004 0.7814802937499999 0.0102081359375 0.7864963265625 0.032087984375 0.797790915625 0.025262062499999998 0.7925965265625 0.0037095546875000004
0 0.7969178359375 0.1632166515625 0.7147434875 0.20791769218749998 0.7237501671875 0.24346641406249997 0.8064876421875 0.2018211921875 0.7969178359375 0.1632166515625
0 0.37144288593749997 0.8458807953124999 0.283829659375 0.8909432359375 0.292466265625 0.92838410625 0.37888977968750004 0.8852232734375001 0.37144288593749997 0.8458807953124999
0 0.6802745484375 0.9010633875 0.6272872406250001 0.9297899718749999 0.6318617234375 0.9543727531249999 0.6863607218750001 0.9259101234375 0.6802745484375 0.9010633875
1 0.20750567812499998 0.7068429515625 0.21348029375 0.728321665625 0.2394395453125 0.731969725 0.2326633265625 0.7072781453125 0.20750567812499998 0.7068429515625
1 0.2041796921875 0.7805288546875 0.19319505625 0.794670765625 0.21728857656249997 0.8863415328125 0.2266098859375 0.876886471875 0.2041796921875 0.7805288546875
1 0.139366065625 0.7536887421875 0.14241282500000002 0.7671570484375 0.171074815625 0.75156764375 0.1723947890625 0.7385912968749999 0.1915143625 0.728449384375 0.219951903125 0.7604049203125001 0.22441950624999998 0.7494380328125 0.19467535 0.716497634375 0.139366065625 0.7536887421875
1 0.68807214375 0.8314607374999999 0.37081563125 0.759863765625 0.3695718109375 0.7607322609375 0.3760060125 0.7791296125 0.6916372749999999 0.8484219484375 0.68807214375 0.8314607374999999
1 0.62565931875 0.8446613062500001 0.6259258515624999 0.8302488171875 0.600662659375 0.823095553125 0.598746159375 0.8387369921875001 0.62565931875 0.8446613062500001
1 0.2337969265625 0.708740775 0.2395243828125 0.7348136234375 0.684131596875 0.8302336796875001 0.6792271203125 0.8091002843749999 0.2337969265625 0.708740775
1 0.26004475625 0.8790302750000001 0.27065731406250004 0.8830387890625 0.414438209375 0.6474456 0.40085637968750004 0.6479687796875 0.26004475625 0.8790302750000001
1 0.5144929859375 0.48142005625 0.3579979953125 0.7452308421875 0.3572197734375 0.7467578046875001 0.3706833671875 0.7507994328125001 0.526229125 0.48621192031250005 0.5144929859375 0.48142005625
1 0.24956512968750003 0.92395175 0.2014355375 0.9601173125000001 0.1999265203125 0.9742138125 0.2300407484375 0.961439925 0.231396125 0.9469716171875 0.26147495 0.9319479656249999 0.2549839671875 0.8763604546874999 0.245024715625 0.8737559125000001 0.24956512968750003 0.92395175
1 0.464259853125 0.44944276250000004 0.4695063453125 0.469678334375 0.49090113593750007 0.4529176921875 0.4849986640625 0.4346395453125 0.464259853125 0.44944276250000004
1 0.39883233125 0.5088136234375 0.4025190375 0.5238107859375 0.44396392812499996 0.5000397343749999 0.43548563749999997 0.4854730375 0.39883233125 0.5088136234375
1 0.5427668671875 0.458764428125 0.531405478125 0.454649953125 0.5154537125 0.4811254296875 0.52775951875 0.48619867499999997 0.5427668671875 0.458764428125
3 0.7134769546874999 0.8461494796875 0.678293253125 0.8461494796875 0.678293253125 0.881059603125 0.7134769546874999 0.881059603125 0.7134769546874999 0.8461494796875