2 0.7391194765625 0.4163361140625 0.7147461703125 0.3956379171875 0.6275315078125 0.426857803125 0.622221153125 0.44940736093749994 0.7391194765625 0.4163361140625
3 0.7165333609375 0.35870507812499997 0.7129145578125 0.41042471562499994 0.8133844187499999 0.419209315625 0.8170032218750001 0.367489678125 0.7165333609375 0.35870507812499997
1 0.6065075515625 0.22149510156250002 0.646013434375 0.22355046562499997 0.6487736234375 0.1645414 0.603880953125 0.162114178125 0.6065075515625 0.22149510156250002
2 0.4634839859375 0.7575288109375 0.47552558593749994 0.77527819375 0.589273125 0.782011728125 0.6088056671875 0.7684964 0.675069334375 0.155685396875 0.6427182828125 0.154310996875 0.5814145749999999 0.761099540625 0.5738936546875 0.76876046875 0.4634839859375 0.7575288109375
1 0.7135251453125 0.5768977453125 0.708198453125 0.64916214375 0.74948304375 0.6522023515625001 0.760797553125 0.581031015625 0.7135251453125 0.5768977453125
1 0.32865643125 0.7586777078125 0.38813334843749997 0.7624436890624999 0.45244229531249996 0.055053025 0.3890676421875 0.050224945312500005 0.32865643125 0.7586777078125
1 0.5237819734375 0.0957775796875 0.4793764359375 0.12230779218750001 0.463271809375 0.1259713328125 0.4682851421875 0.15891460156249998 0.5090932109375 0.16081581250000002 0.5115618890625 0.1354888046875 0.527989065625 0.1382378125 0.5456897953125 0.13914417343750002 0.5478583968749999 0.09788270624999999 0.5237819734375 0.0957775796875
1 0.7377865875 0.15575832812499998 0.8102401765625 0.226548009375 0.7769089078125 0.22363368437500003 0.8150218359375 0.27045732031249997 0.849718553125 0.273491034375 0.987230653125 0.418074009375 0.9882805171875001 0.38800984375 0.7794308390625 0.1593995 0.7377865875 0.15575832812499998
1 0.9294936640625 0.3215282421875 0.95744535625 0.324262090625 0.975950615625 0.3240669390625 0.9795308578125 0.26837165937499996 0.9219347578124999 0.2672410015625 0.9294936640625 0.3215282421875
1 0.78438988125 0.48695189843750003 0.828974521875 0.49021159374999995 0.8285742375 0.43984499687499995 0.7890189999999999 0.43634203749999995 0.78438988125 0.48695189843750003
1 0.8027211843750001 0.5216845234374999 0.9832325671875 0.5325642140625 0.9836544015625 0.5204844625 0.9705013765625001 0.498131059375 0.67864505 0.4814233328125 0.680194871875 0.49922279375 0.8027211843750001 0.5216845234374999
1 0.7308309828125 0.5542080703125001 0.773466503125 0.557004721875 0.7729485875 0.51499900625 0.7314820656250001 0.5107683015625 0.7308309828125 0.5542080703125001
1 0.9839025015624999 0.5133797999999999 0.657483046875 0.7831146015625 0.7097241921874999 0.79107344375 0.9818409062500001 0.5667654359375 0.98223484375 0.561135309375 0.9839025015624999 0.5133797999999999
3 0.5949421796875 0.110986659375 0.671928125 0.11771793906250001 0.674972271875 0.074211196875 0.5979863296875 0.0674799171875 0.5949421796875 0.110986659375
4 0.3817313015625 0.703491559375 0.3793896140625 0.73695880625 0.442987253125 0.7425194765625001 0.4452118828125 0.710725253125 0.443655084375 0.7089058765625 0.3817313015625 0.703491559375
4 0.684531725 0.56329025625 0.6829762078125 0.5614709906249999 0.6779546359374999 0.561031928125 0.676163715625 0.562558596875 0.630975953125 0.5586075984375001 0.629420434375 0.5567883328125001 0.6269616828125 0.5919286031250001 0.6821900359375 0.5967575046875 0.6875628375 0.5921768171874999 0.689553296875 0.5637293171875 0.684531725 0.56329025625
4 0.7002496781249999 0.194273309375 0.7604996015625 0.19954127187499998 0.760616709375 0.19786756875 0.7624076750000001 0.196340221875 0.7642810265625 0.1695664234375 0.7627242296875 0.167747046875 0.7628412906250001 0.1660740234375 0.702591365625 0.1608060609375 0.7002496781249999 0.194273309375
4 0.519085559375 0.7138172109375 0.5172945921875 0.715344559375 0.5148358421875 0.7504848296875 0.57843348125 0.7560455 0.581009340625 0.719231528125 0.56092560625 0.717475503125 0.559134640625 0.7190028515625 0.5524404890625 0.718417546875 0.55064956875 0.719944215625 0.5372612671875 0.71877360625 0.53570446875 0.7169542296875 0.5306828953125 0.7165151671875 0.5291274265625 0.7146952234375 0.519085559375 0.7138172109375
0 0.6734230375 0.64986615 0.71191665 0.65323184375 0.715195015625 0.6063776984375 0.6767014031249999 0.603012003125 0.6734230375 0.64986615
4 0.6681610609375 0.07529891562499999 0.7300848421875 0.08071323124999999 0.7321923640625 0.050592709375 0.6702685796875001 0.0451783921875 0.6681610609375 0.07529891562499999
0 0.6755725109374999 0.8116796578125 0.6725283140625 0.8551870812500001 0.7143683625 0.8588453734374999 0.7172954515625001 0.817011653125 0.7157387 0.815191596875 0.6755725109374999 0.8116796578125
0 0.783840109375 0.0584757375 0.7737982421875 0.057597725 0.7720086015625001 0.0591245046875 0.7485771515625 0.057075771875 0.7457670765625 0.09723715000000001 0.78258683125 0.10045649062499999 0.78539690625 0.060295112500000005 0.783840109375 0.0584757375
1 0.6791805140625 0.663838353125 0.68276235 0.6607850171874999 0.6844362078125 0.6609313703125 0.6846704265625 0.657583965625 0.6784433328125 0.6503051 0.6750968953125 0.6500125031249999 0.670426553125 0.6445536953125 0.6503440968749999 0.64279778125 0.6467622125 0.6458517984375 0.6450883546874999 0.64570544375 0.6432974359375 0.6472321125 0.641624859375 0.6470858703125 0.6415077499999999 0.648759571875 0.63971683125 0.6502862406250001 0.6393655546875 0.6553066671875001 0.6375745875 0.656834015625 0.6369891890625 0.6652004875 0.63519826875 0.66672715625 0.6349641 0.67007388125 0.6331731359375 0.6716012296875 0.6330560281250001 0.6732749328125001 0.6312663875 0.6748017109375 0.6310322187499999 0.6781484359375 0.6292413015625 0.67967510625 0.6290071328125 0.68302183125 0.6272161656249999 0.6845491781249999 0.6255423078125 0.684402825 0.61837981875 0.6905109687500001 0.615032103125 0.6902182609375 0.6132411828125 0.6917449312499999 0.61156860625 0.6915986875 0.6097776406250001 0.6931260359375 0.609660578125 0.694799059375 0.6078696109374999 0.6963264062500001 0.6077525046875001 0.698000109375 0.6059615859374999 0.699526778125 0.6043224046875 0.7229538515625 0.6612258921875 0.7279292171875 0.6614600609375 0.7245824921875 0.655234246875 0.7173037390625 0.6553513078125001 0.7156307156249999 0.65714099375 0.71410325625 0.6573751624999999 0.71075653125 0.6591661296875 0.7092291828125 0.6594002984375 0.7058824578125 0.6611912156249999 0.704355790625 0.661308278125 0.7026827671875 0.6630992453125 0.70115541875 0.6632163515625 0.6994817171875 0.665007271875 0.6979550484375 0.6651243796874999 0.696281346875 0.6687049359375 0.6932278984375 0.6688220453125 0.6915541953125001 0.6706130109374999 0.690026846875 0.6707300703125 0.6883538234375 0.6743119562500001 0.6852998078125 0.6748973546875 0.6769333343749999 0.676687040625 0.675405875 0.6772724859375 0.6670387234375 0.67906340625 0.6655120546875 0.6791805140625 0.663838353125
0 0.315400021875 0.5444846421875 0.3589139296875 0.5482892890625 0.3607048953125 0.5467619406249999 0.3637490921875 0.50325451875 0.3621923421875 0.5014344609375 0.3186784359375 0.497629815625 0.315400021875 0.5444846421875
1 0.5567246906250001 0.2962082734375 0.5551678921875001 0.2943888953125 0.5558703984375 0.284348721875 0.5576613187499999 0.282822053125 0.5582467624999999 0.2744549 0.5600377296875 0.272927553125 0.5602718984374999 0.269580828125 0.5587151031250001 0.26776145156250003 0.559417609375 0.257721278125 0.561208575 0.25619392812499997 0.5620281421875 0.2444807328125 0.56047139375 0.24266067656249998 0.56093973125 0.2359672265625 0.5627306484375 0.2344405578125 0.5644869406249999 0.2093397828125 0.56293014375 0.20752040625 0.56480349375 0.18074660625 0.5665944609375 0.179219259375 0.5672969671875 0.1691790859375 0.5690866078125 0.1676523046875 0.5703745109375 0.14924565781250002 0.5688190421875 0.1474257140625 0.5689361515625 0.1457520109375 0.56426580625 0.140293203125 0.5458559296875001 0.1386835328125 0.5442991796875 0.1368634734375 0.5426266015625 0.13671723281249998 0.5408356359375001 0.13824458125 0.537487921875 0.13795187343749998 0.5339073156249999 0.1410060015625 0.5322334578125 0.14085964687500002 0.53176511875 0.147553096875 0.5299742015625 0.149079765625 0.5298570921875 0.15075346875 0.5280661734375001 0.1522801359375 0.527949065625 0.1539538390625 0.5207865765624999 0.16006198437500002 0.51911271875 0.1599156296875 0.5173217515624999 0.161442978125 0.5172046921875 0.16311599999999998 0.5136240859375001 0.1661701296875 0.513507025 0.16784315156250001 0.5117160593750001 0.16937049843750002 0.5115989984375 0.171043521875 0.5098080328125 0.1725708703125 0.5052417625000001 0.2378316640625 0.5067985109375 0.2396517203125 0.5064472328125 0.244672146875 0.50800403125 0.24649152343749997 0.50753569375 0.2531849734375 0.509091209375 0.2550042375 0.508739934375 0.260024665625 0.506950246875 0.261552125 0.50648195625 0.26824489375 0.5046909890625 0.2697722421875 0.5042226515625 0.2764656921875 0.5024316859375 0.2779930421875 0.49903626093750003 0.3265202109375 0.50214980625 0.3301596421875 0.508843959375 0.3307449484375 0.510400709375 0.332565003125 0.5137471453125 0.3328576 0.5184174875 0.338316409375 0.518300428125 0.3399894328125 0.519857178125 0.34180948906249997 0.5193888390625 0.34850293906249996 0.514016034375 0.35308362187500003 0.54916193125 0.35615660937500004 0.5492789921875 0.3544835890625 0.5477221953125 0.3526642109375 0.54842475 0.34262335781250003 0.55021566875 0.3410966890625 0.5504498375 0.3377499640625 0.5522407546875 0.3362232953125 0.5527091421875 0.329529165625 0.554500059375 0.328002496875 0.5548513374999999 0.32298206875 0.5532945390624999 0.32116269375 0.5544653859374999 0.3044290703125 0.5562563500000001 0.302901721875 0.5567246906250001 0.2962082734375
0 0.35206784999999996 0.1166884953125 0.3487894375 0.1635433234375 0.3923033421875 0.16734796875 0.395464646875 0.12216684375 0.3939078984375 0.12034678750000001 0.35206784999999996 0.1166884953125
1 0.5387411515625 0.0959718 0.5423230828125 0.092917103125 0.5425572515625 0.089570378125 0.5443481703125 0.08804370781250001 0.5456361234375 0.0696363828125 0.544079325 0.0678170078125 0.52566945 0.06620733749999999 0.5238785296875 0.0677340046875 0.522204671875 0.06758765156249999 0.5204149859375 0.0691151109375 0.520297925 0.0707881328125 0.518506959375 0.07231548125000001 0.5183898984375 0.0739885046875 0.5076455234374999 0.083150665625 0.504297809375 0.08285795781250001 0.4989262390625 0.087439434375 0.49725238125000004 0.0872930796875 0.4954614609375 0.0888197484375 0.49211502500000004 0.08852715312500001 0.48495125625 0.0946351859375 0.4799309640625 0.0941962359375 0.478139996875 0.0957235828125 0.47479228124999995 0.095430875 0.47121167656249996 0.098485003125 0.46953781718750004 0.09833865 0.4677469 0.09986531875 0.4644004640625 0.0995727234375 0.46260949843750004 0.10110007031249998 0.45926177968750004 0.1008073609375 0.45747086406250004 0.10233403125 0.45245057031249997 0.10189508124999999 0.450659603125 0.103422428125 0.445639309375 0.102983478125 0.443883065625 0.12808357343750001 0.47735510468750003 0.1310102078125 0.47747216562499994 0.12933718593750002 0.475915415625 0.1275171296875 0.47603247499999995 0.1258441078125 0.47447567968750004 0.1240247296875 0.4745927859375 0.12235102812500001 0.47638375312500003 0.1208236796875 0.47650081406250006 0.1191506578125 0.47829177968750003 0.11762330781250001 0.4784088421875 0.1159502875 0.489153215625 0.1067881234375 0.495847365625 0.10737342968750001 0.49763833281250003 0.10584608124999999 0.499312190625 0.10599243437500001 0.5046837140625 0.1014116375 0.5080314296874999 0.10170434531250001 0.5098223953125001 0.10017699843750001 0.5114949734375001 0.1003232390625 0.5150768578125 0.0972692234375 0.516750715625 0.097415578125 0.518541634375 0.09588890781250001 0.5336037953125 0.097205871875 0.5353947156250001 0.095679203125 0.5387411515625 0.0959718
0 0.313519634375 0.8120122406249999 0.35535968125 0.8156705328125 0.35840387812499996 0.772163109375 0.3165638296875 0.7685048171875 0.313519634375 0.8120122406249999
4 0.4240957640625 0.41088215781250004 0.4876934046875 0.4164428296875 0.48827880468749996 0.4080763546875 0.486722053125 0.4062563 0.4876587296875 0.39286940000000004 0.4894496484375 0.3913427328125 0.4900350953125 0.38297557968749996 0.426437453125 0.3774149109375 0.4240957640625 0.41088215781250004
0 0.5299904875 0.028520409375 0.5292166593750001 0.0395798921875 0.5727305640625 0.0433845375 0.5735043921874999 0.03232505625 0.5299904875 0.028520409375
1 0.9576080453125 0.3666155125 0.9560512937500001 0.36479545625 0.9527035796875 0.36450274843749997 0.9511467828125 0.362683371875 0.9494742046875 0.36253713125 0.9463606578125001 0.358897696875 0.9446868015625001 0.35875134375 0.94313005 0.3569312859375 0.9414561921875 0.3567849328125 0.9383439250000001 0.3531456109375 0.8914823046875 0.3490482578125 0.8906626890625 0.360762134375 0.8973568406249999 0.3613474390625 0.8989135906250001 0.36316749375 0.9005874484374999 0.3633138484375 0.9037009953125 0.36695328125 0.9053735734374999 0.367099525 0.9162697296875001 0.3798370890625 0.9161526703125 0.381510109375 0.9239352328124999 0.3906089203125 0.925609090625 0.39075527499999996 0.9302781078125 0.3962146515625 0.9319519671875 0.39636100625 0.9335087625 0.39818038125 0.9333917015625 0.3998534046875 0.9349484515625001 0.401673459375 0.93483134375 0.40334716249999997 0.9441707046875001 0.41426535 0.9458445624999999 0.41441170468750005 0.947400078125 0.41623096875 0.9490739375 0.41637732187500004 0.952187484375 0.4200167546875 0.9538613421875001 0.42016310937499995 0.9554168125 0.4219830546875 0.9604383859375 0.42242211718749995 0.96510745 0.4278808140625 0.96678130625 0.4280271671875 0.9698948546875 0.43166659999999996 0.9715687125000001 0.43181295468750003 0.9793513218750001 0.44091108593749995 0.9810239 0.441057328125 0.9862160781249999 0.44712764531250004 0.98797743125 0.39668912500000003 0.9797503093750001 0.38707077968750003 0.9780764515625 0.3869244265625 0.9718506375 0.379645671875 0.9701767796875 0.37949931875 0.9670632343750001 0.375859884375 0.9671802953125 0.3741868640625 0.965624778125 0.3723675984375 0.9639509203125 0.37222124375 0.9592806250000001 0.36676175624999996 0.9576080453125 0.3666155125
1 0.44971608124999995 0.7666782109375 0.5049457125 0.771507221875 0.50998036875 0.6995523 0.45475073750000006 0.6947232859375 0.44971608124999995 0.7666782109375
1 0.72227488125 0.2164015984375 0.7160490671875 0.20912284531249997 0.7161661265625 0.207449821875 0.714609378125 0.20562976718749998 0.6978733593750001 0.20416645 0.69608239375 0.20569379843750002 0.6927346765625 0.2054010890625 0.6909450374999999 0.2069278703125 0.6758815984375001 0.205610796875 0.67409063125 0.20713814375 0.672418053125 0.2069919015625 0.6718326546875 0.21535837500000002 0.67805846875 0.222637128125 0.6797323265624999 0.22278348124999997 0.6812877953124999 0.2246034265625 0.6811706859375 0.2262771296875 0.6842842828125 0.22991588125 0.6838159453125 0.23660932968749998 0.6820249781250001 0.23813667968750002 0.6816736999999999 0.24315710625000003 0.6798827828125 0.244683775 0.6796486140625 0.2480305 0.6760680078125 0.251084628125 0.675950946875 0.25275765 0.6687884109375 0.258866475 0.66796884375 0.2705796734375 0.7114827484374999 0.27438431875 0.7117169171875 0.27103759374999997 0.7170884890625 0.2664561171875 0.7172055484375 0.26478309375000003 0.71899646875 0.263256425 0.7193477453125 0.258236 0.7211387109375 0.25670865 0.72137288125 0.253361925 0.7231637984375 0.2518352578125 0.7232809062500001 0.2501615546875 0.7250705468749999 0.24863477500000003 0.72518760625 0.2469617515625 0.7269785718749999 0.24543440468750002 0.7270956796875 0.2437607015625 0.7288865999999999 0.24223403281250003 0.7290037078125 0.2405603296875 0.7307946265624999 0.23903366250000002 0.7312629640625 0.23234021249999998 0.7281494171875 0.22870078125 0.728266525 0.22702707968750002 0.7235974625 0.22156838125 0.7237145703125 0.2198946796875 0.722157771875 0.21807530000000003 0.72227488125 0.2164015984375
0 0.8642503953125 0.28100718593749996 0.8625765375000001 0.28086083125 0.8610197875000001 0.279040775 0.824200034375 0.275821434375 0.8211558374999999 0.31932885624999996 0.8629958859375 0.3229871484375 0.8658059140625 0.28282645 0.8642503953125 0.28100718593749996
1 0.58042365625 0.318484275 0.5820975140625 0.3186306296875 0.5838884796875 0.31710328125 0.5855610578125 0.3172495234375 0.5891429421875001 0.3141955078125 0.5908168 0.3143418609375 0.5926077671875001 0.31281451250000003 0.5942803453125001 0.31296075624999997 0.5960712640625 0.3114340859375 0.5994189796875 0.31172679375 0.6047905499999999 0.30714531875 0.608138265625 0.30743802656249997 0.609929184375 0.3059113578125 0.613275621875 0.306203953125 0.6150665375 0.3046772859375 0.6167403984375001 0.3048236390625 0.6185313625 0.3032962921875 0.6202052218749999 0.3034426453125 0.6219949078125 0.301915184375 0.625342621875 0.30220789375 0.627133540625 0.300681225 0.6321538359375001 0.301120175 0.6339448015625 0.29959282656249997 0.6356186578125 0.29973918125 0.6357357203125 0.2980661578125 0.642898209375 0.2919580140625 0.643600715625 0.2819178375 0.63581810625 0.2728197078125 0.610714078125 0.270624734375 0.608923159375 0.2721514 0.6055767234375 0.2718588046875 0.603785803125 0.273385475 0.6004380890625 0.273092765625 0.5968562046875 0.2761467828125 0.5951836265625 0.276000540625 0.593392659375 0.2775278875 0.5917188015625 0.277381534375 0.589927884375 0.2789082046875 0.586581446875 0.2786156078125 0.58479048125 0.28014295312500004 0.5831166234375 0.2799966 0.5795347390625001 0.2830506171875 0.5778621609375 0.282904375 0.57607119375 0.2844317234375 0.5743973375 0.2842853703125 0.56723489375 0.2903928359375 0.5655610359375001 0.2902464828125 0.5637700703124999 0.291773828125 0.5636530109375 0.2934468515625 0.5618620437499999 0.2949742 0.561744984375 0.2966472234375 0.5545824921875 0.30275536875000003 0.5544653859374999 0.3044290703125 0.5508835015625 0.3074830859375 0.5458632062500001 0.3070441359375 0.5440722874999999 0.30857080468750003 0.53905199375 0.3081318546875 0.537261028125 0.309659203125 0.5339133125 0.3093664953125 0.5303327078125 0.3124206234375 0.52865885 0.3122742703125 0.5250769656250001 0.3153282859375 0.5234031078125 0.3151819328125 0.519822503125 0.3182360609375 0.5164747859375 0.317943353125 0.5146838687499999 0.3194700203125 0.5130100109375 0.3193236671875 0.5112203234375 0.320851128125 0.509546465625 0.32070477343750003 0.507755546875 0.3222314421875 0.5202084546875 0.3367890609375 0.5218810328125 0.33693530312500003 0.5234377828125 0.338755359375 0.526785496875 0.33904806875000004 0.5283422953125 0.34086744375 0.535036446875 0.341452746875 0.536593196875 0.3432728046875 0.5432873484375 0.343858109375 0.5435215171875 0.3405113859375 0.5453124828125 0.3389840359375 0.54542954375 0.3373110140625 0.554383 0.32967551875 0.5560568578125 0.32982187500000004 0.5578464953125 0.32829509375 0.559520353125 0.3284414484375 0.5613113203125 0.3269141 0.562985178125 0.327060453125 0.5665657828125 0.324006325 0.568239640625 0.3241526796875 0.5700305593749999 0.3226260109375 0.5733782749999999 0.32291871875 0.575169240625 0.3213913703125 0.57684181875 0.3215376125 0.58042365625 0.318484275
5 0.7843797671875 0.050762981250000005 0.7807959125 0.101983159375 0.8812133062499999 0.110763171875 0.8847971609374999 0.059542993749999995 0.7843797671875 0.050762981250000005
1 0.5362971453125 0.8769483640625 0.53474039375 0.8751283078125001 0.534857503125 0.8734546062499999 0.53330070625 0.8716352281249999 0.533534875 0.8682885046875001 0.5389064453125 0.8637070281250001 0.5398431218749999 0.850320128125 0.5382876046875 0.8485008625000001 0.5386388828124999 0.8434804359375001 0.5355252875 0.8398416828125 0.5338514296875 0.8396953281249999 0.53073793125 0.8360552171875 0.529065353125 0.8359089734375 0.5259518078125 0.8322695421875 0.522604090625 0.8319768328125001 0.5163782765625 0.8246980781250001 0.51470441875 0.8245517250000001 0.5084786046875001 0.817272971875 0.5051308890625 0.8169802625000001 0.503575371875 0.8151609984375 0.49520736249999997 0.814429340625 0.49365061250000003 0.8126092828125 0.435073265625 0.8074875625000001 0.43448781875 0.815854715625 0.4360446171875 0.8176740921875 0.43771847499999994 0.8178204453125 0.4423874921875 0.823279825 0.44406134843749995 0.823426178125 0.44561814687499995 0.825245553125 0.4472920046875 0.8253919078124999 0.450404271875 0.829031228125 0.45207812968749994 0.8291775828124999 0.4536348796875 0.8309976390625 0.4553087359375 0.8311439921874999 0.46620489374999996 0.84388155625 0.46787747187499995 0.8440277984375 0.469434221875 0.845847853125 0.47110807968749996 0.8459942093749999 0.478890690625 0.8550923390625 0.47877358125 0.8567660406250001 0.48033037968750003 0.85858541875 0.4820042375 0.8587317734375001 0.48356098750000004 0.860551828125 0.4852335671875 0.8606980703125 0.4899038625 0.8661575609375 0.48955263125000004 0.8711773062500001 0.4911093828125 0.8729973640625 0.5362971453125 0.8769483640625
1 0.5188644234375 0.6447706296875 0.520655390625 0.6432432828125 0.522879971875 0.6114497375 0.5246709390625 0.6099223890625 0.5321643453125 0.5028271953125001 0.46856670625 0.497266525 0.45498490625 0.6913765609375 0.5135609734375 0.6964981703124999 0.5144976484375 0.683111271875 0.5162885671875 0.681584603125 0.5188644234375 0.6447706296875
1 0.482223853125 0.5186638359375 0.534107046875 0.5232002515625 0.53480950625 0.5131607578125 0.5332527578125 0.5113407015625 0.5337210953125 0.504647253125 0.5355120609374999 0.503119903125 0.5378537515625 0.46965265624999997 0.539643390625 0.46812587656250004 0.540345896875 0.4580857 0.5421368625 0.45655835468749995 0.5490448234375 0.3578303125 0.4938151921875 0.3530013015625 0.482223853125 0.5186638359375
4 0.7858581578125 0.29435614062500004 0.7843014078125 0.2925360859375 0.7491555125 0.2894630984375 0.7473658249999999 0.290990559375 0.7389978171875 0.2902589 0.7372068984375 0.29178556875 0.735333546875 0.3185593671875 0.7888893203125 0.323242025 0.7906455625000001 0.298141928125 0.787532015625 0.29450249687499996 0.7858581578125 0.29435614062500004
3 0.5912637375 0.6207960828125 0.628083490625 0.624015425 0.63089351875 0.5838547265625 0.5940737656249999 0.5806353859375 0.5912637375 0.6207960828125
3 0.3742522578125 0.73819288125 0.37120806093750003 0.7817003015624999 0.4682777390625 0.7901876046874999 0.47085359843749997 0.753373634375 0.46929680156250003 0.75155425625 0.46941386406249996 0.7498812359375 0.46785711250000006 0.7480611765625 0.4696480796875 0.7465338296875 0.3742522578125 0.73819288125
1 0.5335002015625 0.8447150750000001 0.535174059375 0.844861428125 0.536965025 0.8433340828125001 0.5486794703125 0.8443583359375 0.5502362203125 0.8461783921875 0.5519100765625 0.8463247453125 0.553466875 0.8481441249999999 0.5601610265625 0.848729428125 0.561717775 0.8505494828125 0.5633916343750001 0.8506958375 0.56494843125 0.8525152140625 0.5733164390625001 0.8532468734374999 0.5748719109375 0.855066815625 0.63846955 0.8606274875000001 0.6402605171875 0.8591001390624999 0.6403775765625 0.857427115625 0.6439594609375 0.8543730999999999 0.6440765703125 0.8526993984375 0.6458674875 0.8511727296875 0.64610165625 0.8478260046875 0.64789134375 0.84629854375 0.6480084046875 0.8446255203125 0.646452934375 0.842805578125 0.646687103125 0.8394588531249999 0.64513030625 0.8376394765624999 0.6452474140625 0.835965775 0.64369061875 0.8341463984375 0.6420167609375 0.83400004375 0.6373477421875 0.8285406656250001 0.6323261703124999 0.8281016046874999 0.630769371875 0.826282228125 0.6274229359375 0.82598963125 0.6258661859375 0.824169575 0.624192328125 0.8240232203125 0.62263553125 0.8222038453125 0.614267521875 0.8214721859375 0.6124766046875 0.8229988546874999 0.6024360171875001 0.822120953125 0.60064505 0.8236483031249999 0.5705194484375 0.8210142656249999 0.5689626984375 0.8191942093750001 0.5488802421875 0.8174382953125001 0.547323446875 0.8156189203125 0.5406292953125 0.8150336156250001 0.53907254375 0.8132135578125 0.5139685171874999 0.8110185828124999 0.5121775515625 0.8125459328125 0.5105036921874999 0.8123995781250001 0.508712775 0.8139262468749999 0.5070389171875 0.8137798921874999 0.5052479515625 0.815307240625 0.486839353125 0.8136976828125 0.4855514484375 0.832104328125 0.4871069171875 0.8339242718750001 0.4904546328125 0.8342169796875 0.49356817968750005 0.8378564125000001 0.49524075781250004 0.8380026546874999 0.49679755468750003 0.8398220328124999 0.4984714140625 0.8399683859374999 0.5000281625 0.841788440625 0.499911103125 0.843461465625 0.50170201875 0.841934796875 0.501819128125 0.8402610953125 0.5036087671875 0.8387343125 0.5037258296875 0.8370612921875 0.50551679375 0.8355339421875 0.5056339015625 0.8338602406250001 0.5092157875 0.8308062250000001 0.515441553125 0.8380856578125 0.5204631265625 0.8385247203124999 0.5235754406249999 0.8421633625 0.523458334375 0.8438370624999999 0.52501513125 0.8456564406249999 0.5248980234375 0.8473301421875 0.52645481875 0.84914951875 0.5281286765625001 0.8492958734375 0.5335002015625 0.8447150750000001
1 0.692672603125 0.326614840625 0.71595231875 0.30676316875 0.7161864875 0.30341644375 0.719768371875 0.3003624265625 0.7202367093750001 0.2936689765625 0.7186799140625 0.29184960000000004 0.71700605625 0.291703246875 0.7154493046875 0.289883190625 0.71210286875 0.28959059374999996 0.7089893218750001 0.2859511609375 0.709340553125 0.28093141250000003 0.7111314703125 0.27940474531250004 0.7113656859375 0.2760573421875 0.69462966875 0.27459402499999996 0.693810053125 0.2863079 0.6920191359375 0.2878345703125 0.6919020265625 0.289508271875 0.6847395374999999 0.29561641562499996 0.6846224750000001 0.2972894390625 0.6810405921875 0.30034345625 0.6793667328125 0.30019710312500003 0.6775757687499999 0.30172445 0.6742293312500001 0.3014318546875 0.6724384125 0.30295852343749996 0.672321303125 0.304632225 0.6705303875 0.30615889375 0.6704132781250001 0.30783259531249996 0.66683139375 0.3108866125 0.665158815625 0.31074036875 0.663367896875 0.31226703906250003 0.66002018125 0.31197433124999996 0.658229215625 0.3135016796875 0.6565566359375 0.31335543593750004 0.656439575 0.315028459375 0.6546486109375 0.31655580781250003 0.65453155 0.31822883125 0.652740584375 0.319756178125 0.6519210156249999 0.331469375 0.6501300484375 0.33299672187499996 0.6494275421875 0.343036896875 0.647636575 0.3445642453125 0.6465828390625 0.3596241671875 0.644791875 0.361151515625 0.6442064765625 0.3695179859375 0.6457632249999999 0.37133804375 0.645529103125 0.3746840890625 0.648642603125 0.3783242015625 0.6522245343749999 0.3752695046875 0.6538971124999999 0.375415746875 0.659269915625 0.3708350625 0.6626163515625 0.37112765625 0.6661982375 0.3680736421875 0.66787209375 0.368219996875 0.6714526984375 0.3651658671875 0.67312655625 0.365312221875 0.68387093125 0.356150059375 0.6839880390624999 0.3544763578125 0.6875699234375 0.35142233906250003 0.6876869859375 0.34974931875 0.691267590625 0.346695190625 0.691501759375 0.343348465625 0.6848076078124999 0.342763159375 0.6816953406249999 0.3391238390625 0.681929509375 0.335777115625 0.6855101140625 0.33272298437500003 0.685627221875 0.33104928125 0.6910000265625 0.3264685984375 0.692672603125 0.326614840625
1 0.5743008281249999 0.791040096875 0.5727440765625 0.789220040625 0.5728611375 0.7875470171875001 0.5713043875 0.7857269625 0.5718897859375 0.7773604875 0.57033426875 0.775541225 0.570451378125 0.773867521875 0.4834222875 0.7662581171875 0.48166604375000005 0.7913582140625001 0.4833399 0.79150456875 0.48489665156250006 0.793324625 0.486570509375 0.793470978125 0.48812730625 0.79529035625 0.49816789375 0.79616825625 0.49972464375000003 0.7979883125 0.5733641515625 0.8044269953125 0.5743008281249999 0.791040096875
1 0.722171046875 0.5547964015625 0.7190587796875 0.5511570796874999 0.7191758874999999 0.5494833765625 0.7098365265625 0.5385651890625 0.70816266875 0.5384188359375 0.7034936046875 0.5329601390625001 0.7036107125 0.5312864359375 0.70049711875 0.5276476828125001 0.7007313359375 0.524300278125 0.6976177875 0.5206608453125 0.69773485 0.5189878234374999 0.69617938125 0.517167878125 0.6962964406250001 0.51549485625 0.694739690625 0.5136748 0.6949738109375 0.5103287562500001 0.6934170625 0.5085086984375 0.6936512312499999 0.505161975 0.6954421984375 0.5036346265625 0.6955592578124999 0.501961603125 0.697350225 0.5004342546875 0.699022803125 0.5005804984375 0.7008137203125 0.499053828125 0.7009308296875 0.4973801265625 0.7027217484375 0.49585345781249995 0.7029559187500001 0.4925067328125 0.6858339921875001 0.47248973593750004 0.6859510546875 0.47081671406250003 0.6877420203125 0.469289365625 0.6879761890625 0.46594264062499996 0.6897671078125 0.4644159734375 0.6902354453124999 0.4577225234375 0.69381605 0.45466839531250003 0.697163765625 0.45496110156249997 0.6989547328125 0.4534337546875 0.70230116875 0.45372635156249996 0.707673971875 0.44914566562499997 0.7093478281250001 0.44929201875 0.712928434375 0.44623789062499997 0.7130454953124999 0.44456486718750005 0.7202080328125 0.4384560421875 0.721881890625 0.438602396875 0.7236728078125 0.4370757296875 0.7337146765625 0.437953740625 0.7355056421875 0.43642639375 0.7356227015625 0.43475337031250005 0.7339488453125 0.434607015625 0.7323920953124999 0.432786959375 0.7307182375 0.43264060625 0.7260491734375 0.42718190937499995 0.7176811640625 0.42645025 0.714099278125 0.42950426718749996 0.712425421875 0.4293579140625 0.7106357812499999 0.43088469218750003 0.7105186734375 0.4325583953125 0.70872775625 0.43408506406249997 0.7086106484375 0.43575876718749995 0.7014481578125 0.4418669125 0.6997742984374999 0.4417205578125 0.697983334375 0.44324790468749997 0.6963094765625 0.4431015515625 0.6945185578124999 0.44462822031250004 0.6928446984375001 0.4444818671875 0.6910550609375 0.4460086453125 0.690937953125 0.4476823484375 0.689147034375 0.44920901718749995 0.6885615875 0.45757616875 0.6849797046874999 0.46063018749999995 0.683305846875 0.46048383125000003 0.68151620625 0.46201061250000003 0.6748207749999999 0.4614251953125 0.6730310875 0.46295265625 0.66633565625 0.462367240625 0.6647789078125 0.4605471828125 0.661432471875 0.4602545875 0.658318878125 0.456615834375 0.6566450203125 0.4564694796875 0.65508955 0.4546495359375 0.6517418328125 0.454356828125 0.650185084375 0.452536771875 0.6468386484375 0.45224417499999997 0.6452818515625001 0.45042479999999996 0.6419341359375 0.45013209062500004 0.640143215625 0.4516587578125 0.6384693593749999 0.4515124046875 0.6383522515625 0.4531861078125 0.634771646875 0.45624023593749996 0.6330977890625 0.45609388281249996 0.6313068687500001 0.45762055 0.6307214234375 0.46598770156249997 0.6322782203124999 0.467807078125 0.6321611125000001 0.46948077968749996 0.6352746578125 0.4731202125 0.6351575984375 0.47479323593749995 0.6398266140625 0.4802526125 0.6395924453124999 0.4835993375 0.6411492437499999 0.485418715625 0.641032134375 0.4870924171875 0.64414568125 0.49073184843749995 0.645818259375 0.49087809218749995 0.64737505625 0.49269746875 0.6490489140625 0.49284382187500003 0.65371793125 0.4983031984375 0.6553917890625 0.49844955312500006 0.66940149375 0.51482655 0.669284384375 0.516500253125 0.6817360125 0.531057759375 0.6816189515625 0.53273078125 0.6862879687500001 0.538190159375 0.6861709078125 0.53986318125 0.6877276578125 0.5416832390625 0.68761055 0.5433569390625 0.695393159375 0.552455071875 0.722171046875 0.5547964015625
1 0.4953101078125 0.8851495093749999 0.49495883125000006 0.8901699359374999 0.49651562812499994 0.891989315625 0.49639856875 0.8936623359375 0.5010675828125 0.8991217140625001 0.70524880625 0.916974334375 0.7070397734375 0.9154469859375001 0.7082106171875 0.8987133609375 0.706653821875 0.8968939859375 0.70498124375 0.89674774375 0.7034244921874999 0.8949276875000001 0.6984029203125 0.8944886265624999 0.696847403125 0.8926693609375 0.68345781875 0.891498640625 0.681901021875 0.8896792640625 0.6735330140625 0.88894760625 0.6719762625000001 0.8871275484375 0.4928990671875 0.871469903125 0.4924307296875 0.8781633531249999 0.493987528125 0.879982728125 0.493753359375 0.8833294531250001 0.4953101078125 0.8851495093749999
3 0.45723175468750005 0.6811623875 0.449844378125 0.7867422093750001 0.62876033125 0.802385759375 0.6361477078125 0.696805934375 0.45723175468750005 0.6811623875