5 0.5808050312499999 0.9367323843750001 0.7487482578125 0.9416240015625 0.7692691390624999 0.5889358062500001 0.601325915625 0.5840441890625 0.5808050312499999 0.9367323843750001
4 0.4943958109375 0.494305828125 0.49469175468750004 0.4892194984375 0.49648720625 0.48757347500000003 0.4974737671875 0.47061765624999996 0.4958756109375 0.468872790625 0.49784881406250003 0.43495977343750003 0.49964426562500003 0.43331375312500003 0.502308084375 0.38753124843750003 0.3818636484375 0.38402311093749997 0.375154859375 0.49932571093749994 0.48711657500000005 0.5025867765625 0.488912028125 0.50094075625 0.489010675 0.4992453125 0.4943958109375 0.494305828125
4 0.264866615625 0 0.2611086640625 0.06458715000000001 0.27637729375000003 0.06503187499999999 0.27817144531250004 0.063385815625 0.2951355765625 0.0638799234375 0.29673373281250004 0.0656247890625 0.3510184375 0.06720591875000001 0.3549287625 0 0.264866615625 0
0 0.1289248625 0 0.1284553125 0.008070049999999999 0.1674726859375 0.00920649375 0.1692681375 0.0075604703125 0.16970803750000002 0 0.1289248625 0
4 0.4322234765625 0.336234578125 0.4358130796875 0.3329424984375 0.4360104546875 0.32955022968750003 0.43780590625000004 0.32790420937500003 0.43820049843750003 0.321122434375 0.43999594999999997 0.3194764125 0.44029197499999995 0.31438869999999997 0.442086125 0.312742640625 0.4469203609375 0.22965761406250002 0.3604041953125 0.227137690625 0.360305546875 0.228833134375 0.35671594375 0.232125215625 0.355019140625 0.23207579374999998 0.353224909375 0.2337232328125 0.35312625937500003 0.2354186765625 0.34415030468749996 0.2436488234375 0.3424535 0.24359940156249998 0.3374218875 0.330076696875 0.33902004375 0.33182156093750004 0.34071684687500003 0.3318709828125 0.3423150015625 0.33361585 0.4322234765625 0.336234578125
4 0.008878065625 0.142164678125 0.056001090625000007 0.1435372125 0.061131271875000004 0.055365853124999996 0.0140082453125 0.0539933203125 0.008878065625 0.142164678125
0 0.614909384375 0.000133028125 0.6142172421875001 0.012028746875 0.6566269234375001 0.013263996875 0.6573190671875 0.001368278125 0.614909384375 0.000133028125
0 0.533834321875 0.079325378125 0.5762440046874999 0.0805606296875 0.5783158546875 0.044952167187499996 0.5359061734375 0.04371691875 0.533834321875 0.079325378125
5 0.647140846875 0.0010718203125 0.6470406734374999 0.002793496875 0.645245221875 0.00443951875 0.6370566296875 0.14517515625 0.710002271875 0.147299815625 0.7183896859375001 0.0031470578125000004 0.647140846875 0.0010718203125
5 0.804905853125 0.00566698125 0.79602511875 0.1582983375 0.833345690625 0.159385359375 0.8422264265624999 0.006754003125 0.804905853125 0.00566698125
3 0.6122934 0.5707757140624999 0.6682749078125 0.572406265625 0.6706427015624999 0.531711475 0.6146611937500001 0.530080925 0.6122934 0.5707757140624999
1 0.36873996875000004 0 0.3701334453125 0.001521396875 0.3700347953125 0.0032168390625 0.371632871875 0.0049630859375 0.371534221875 0.006658528125 0.3747292328125 0.010148221875 0.3746305859375 0.0118436671875 0.376228740625 0.013588532812500002 0.37613009218750004 0.015283978125 0.380923178125 0.0205199171875 0.38072588125 0.023910804687500002 0.3823227375 0.025655632812500002 0.382125440625 0.029046521875 0.383723596875 0.030791384375 0.3836248671875 0.0324882109375 0.3852230234375 0.0342330765625 0.3849270796875 0.0393194078125 0.38652523437499997 0.041064275 0.3863278578125 0.044456540625 0.3879247125 0.04620136875 0.387826065625 0.047896812500000004 0.3910223765625 0.0513865453125 0.39092372656249996 0.0530819890625 0.39252058125 0.0548268171875 0.39212590937499997 0.061609971875 0.3937240640625 0.0633548390625 0.393428121875 0.06844116875 0.3950262765625 0.070186034375 0.3948289 0.073578303125 0.39642575468749996 0.07532313125 0.39603116250000003 0.08210490625 0.3976293171875 0.083849771875 0.39733329375 0.088937484375 0.4005283046875 0.0924271765625 0.40042965781250006 0.094122621875 0.405222740625 0.0993585625 0.40512409375 0.10105400625000001 0.4067222484375 0.10279887343750001 0.4084190515625 0.10284829531249999 0.418005303125 0.1133187953125 0.41790665625 0.11501423749999999 0.421101665625 0.11850393125 0.4210030171875 0.120199375 0.42260117187499996 0.121944240625 0.422403875 0.125335128125 0.42400203281250004 0.1270799953125 0.423903303125 0.1287768171875 0.42550015781250006 0.1305216453125 0.42540151093749995 0.132217090625 0.426999665625 0.13396195625 0.42690101875 0.1356574015625 0.4284991734375 0.13740226718749998 0.42830179687500003 0.140794534375 0.429898653125 0.1425393609375 0.4298000046875 0.14423480625 0.43299631562499996 0.1477245375 0.432897665625 0.1494199828125 0.434495821875 0.1511648484375 0.43439717343749995 0.152860290625 0.435994028125 0.15460511875 0.4358953 0.1563019421875 0.43909161093750004 0.159791675 0.4389929625 0.16148711875 0.4405898171875 0.1632319484375 0.4403925234375 0.1666228328125 0.44199059687500003 0.16836908125 0.44189195000000003 0.1700645234375 0.4450869609375 0.17355421875000002 0.4449883109375 0.17524966250000001 0.4465864671875 0.1769945296875 0.4463891703125 0.180385415625 0.447987325 0.18213028125 0.44788859687500004 0.18382710625 0.45108360625 0.1873168 0.45098495937500005 0.1890122453125 0.45258311406249996 0.19075710937499998 0.4524844671875 0.192452553125 0.45408132187500005 0.19419738125 0.45398259375 0.19589420625 0.4555807484375 0.19763907187500002 0.4554821015625 0.19933451562499999 0.482624453125 0.20012508125 0.481026296875 0.1983802140625 0.48282174843750003 0.19673419375 0.48331506874999997 0.1882555953125 0.4851105203125 0.186609571875 0.4859984328125 0.171349196875 0.48440027812500003 0.16960433125000002 0.48459765624999995 0.1662120640625 0.4829995 0.1644671984375 0.48130399687500003 0.1644178140625 0.47970584218749995 0.162672946875 0.47800903906250003 0.162623525 0.4668259328125 0.150408196875 0.4669245796875 0.1487127546875 0.46372827031249997 0.145223021875 0.46382691875 0.143527578125 0.46063198749999995 0.1400365046875 0.4607306359375 0.13834105937500002 0.45913248125 0.13659619375 0.459231128125 0.13490074999999999 0.45763297343750003 0.1331558828125 0.45783026875 0.12976499531250002 0.4562334953125 0.1280187890625 0.45643079062499997 0.12462789999999999 0.45483263437500004 0.122883034375 0.4551285796875 0.11779670312499999 0.45353042343750005 0.1160518375 0.45372779999999996 0.11265956875000001 0.45213094531250003 0.110914740625 0.45222959375 0.1092192984375 0.45063143906249997 0.10747443125 0.4507300859375 0.1057789875 0.44913193125 0.1040341234375 0.44923057968749996 0.102338678125 0.44763372500000004 0.10059385000000001 0.447732453125 0.098897025 0.44613429687500006 0.097152159375 0.4462329453125 0.0954567171875 0.444634790625 0.09371185 0.44473343749999994 0.0920164078125 0.4431365828125 0.0902715796875 0.4432352296875 0.088576134375 0.44163715625 0.0868298890625 0.441735803125 0.08513444375 0.43854079375 0.08164475156249999 0.438639440625 0.07994930781250001 0.43704128593749997 0.0782044421875 0.43713993437500004 0.076508996875 0.4323468484375 0.07127305625 0.43244549687499995 0.0695776125 0.4308473421875 0.0678327484375 0.43104463906249996 0.0644418609375 0.42944648125 0.06269699375 0.42954513125 0.06100155 0.427948275 0.059256721874999994 0.428047003125 0.057559896875 0.42644884843749997 0.0558150328125 0.42654749531249997 0.054119587499999997 0.42335248593749997 0.05062989531249999 0.42345113437500004 0.048934450000000004 0.41386488281249995 0.038463950000000004 0.41396353125 0.03676850625 0.4123653765625 0.035023640625000005 0.4125627515625 0.0316313734375 0.410964596875 0.0298865078125 0.41106324375 0.0281910640625 0.40307506875000004 0.0194668078125 0.4031737171875 0.0177713671875 0.4015756421875 0.01602511875 0.40167429062500004 0.0143296765625 0.40007613593749997 0.0125848109375 0.40027343125000003 0.009193921875 0.398676575 0.007449093750000001 0.3987752234375 0.0057536515625 0.39557899218750003 0.0022625375 0.395677640625 0.0005670953125 0.39515863906250004 0 0.36873996875000004 0
1 0.6681383078125 0.5163522953124999 0.6682370359375 0.5146554703125 0.6754162406249999 0.508071309375 0.6755148906249999 0.506375865625 0.6916714328125 0.49156021406250006 0.69177008125 0.48986477031250003 0.69356423125 0.488218709375 0.695261034375 0.48826813125 0.6988507187499999 0.484974671875 0.698949365625 0.4832792265625 0.706129871875 0.47669510312499996 0.7062285203124999 0.4749996578125 0.7116136531249999 0.47006017499999997 0.7117123015625 0.46836473125 0.7206883390625001 0.46013320625 0.7207869875 0.4584377609375 0.7261720406250001 0.453499659375 0.726270690625 0.4518042140625 0.7280648390625 0.45015815625 0.7281635671875 0.44846133125 0.7389336765625 0.4385851265625 0.7406304796875001 0.4386345484375 0.747811065625 0.43204904375000003 0.7495078687500001 0.43209846562500004 0.753097471875 0.42880638437499996 0.754794275 0.42885580624999997 0.7565884265625 0.427209746875 0.759982034375 0.42730859218750006 0.761776184375 0.4256625328125 0.76686529375 0.42581076093750003 0.7686607453125001 0.4241647390625 0.77374985625 0.42431296874999996 0.7773408390625 0.42101954375000006 0.7774394874999999 0.41932409843749996 0.7792336375 0.41767804062499997 0.7793322859375 0.4159825953125 0.7811277375000001 0.414336575 0.781226384375 0.41264113125 0.7830218359375001 0.41099510937500006 0.783120484375 0.40929966562500003 0.78850561875 0.40436018125000006 0.7888015640625 0.3992738515625 0.7923912468750001 0.3959803890625 0.7957835515625 0.3960791953125 0.797579003125 0.3944331734375 0.7976776515624999 0.3927377296875 0.799473103125 0.39109170937500004 0.7996704 0.387700821875 0.79807224375 0.38595595625 0.79836826875 0.3808682421875 0.7967701140625 0.37912337812499997 0.7949759640625 0.38076943750000003 0.7915823546875 0.3806705921875 0.78838734375 0.37718090000000004 0.790182796875 0.37553487812499997 0.79527190625 0.37568310625 0.7970660578125 0.374037046875 0.7971647046875 0.37234160156249996 0.7989601578125 0.37069558125 0.7990588046875 0.3690001375 0.8008543375 0.3673527359375 0.8009529843750001 0.3656572921875 0.8027484359375 0.36401127031249997 0.8031430281249999 0.35722949375 0.8049371796875 0.35558343593749997 0.80513455625 0.3521911671875 0.8069300078125 0.35054514531250003 0.8071273046874999 0.3471542578125 0.80892275625 0.3455082359375 0.8092187796875001 0.340420525 0.81101293125 0.338774465625 0.8111115796874999 0.337079021875 0.81290703125 0.3354329984375 0.8130056796874999 0.33373755625 0.8165952796875 0.330445475 0.816694009375 0.32874865 0.8184894609375 0.32710262968750003 0.8185881078125 0.325407184375 0.8221777109374999 0.32211510312499997 0.8222763593750001 0.32041966093749996 0.8258672625000001 0.31712761718750004 0.825965909375 0.31543217343749996 0.8313510453124999 0.3104926890625 0.8314496921875 0.3087972484375 0.8368347453125 0.30385914375 0.8369334734375 0.3021623203125 0.8405230781249999 0.2988702390625 0.8406217265624999 0.29717479375 0.844212628125 0.2938827515625 0.8443112765624999 0.2921873078125 0.846105428125 0.290541246875 0.8463028046875 0.28714897968750003 0.8480982562499999 0.2855029578125 0.848196903125 0.2838075140625 0.85358195625 0.2788694125 0.853779334375 0.27547714375 0.8555747859375 0.27383112187499997 0.8556734328125 0.272135678125 0.8592630359375001 0.268843596875 0.859361684375 0.2671481546875 0.8611571359375001 0.26550213125 0.8612557828125 0.26380668749999997 0.8648454671874999 0.260513228125 0.8649441140624999 0.2588177828125 0.8685350171874999 0.2555257390625 0.8686336656250001 0.2538302953125 0.8704278171875 0.2521842359375 0.8705264640625 0.2504887921875 0.8741174468749999 0.24719536875 0.8742160953125 0.24549992656250003 0.8760102468750001 0.243853865625 0.8762075421875 0.240462978125 0.87800299375 0.23881695625 0.87810164375 0.2371215125 0.879897175 0.23547411093749998 0.8799958218749999 0.2337786671875 0.881789975 0.23213260781249997 0.8819872703125 0.2287417203125 0.8837827218750001 0.22709569687500003 0.8840786656249999 0.2220093671875 0.8858741984374999 0.220361965625 0.8859728453125 0.2186665203125 0.8622227984374999 0.2179747625 0.8514526109375 0.227852346875 0.8513539640625 0.2295477921875 0.842379225 0.23777935625 0.8422805765625 0.2394748 0.8333045406249999 0.2477063265625 0.83320589375 0.2494017703125 0.829616290625 0.2526938515625 0.829517640625 0.2543892953125 0.8259267390625 0.2576813390625 0.8258280921875001 0.259376784375 0.8240339390625 0.26102284062500003 0.8239352109375 0.26271966562500004 0.822139759375 0.2643656875 0.8220411109375 0.2660611328125 0.820245659375 0.26770715312500004 0.8201470125 0.269402596875 0.8165574109374999 0.2726946765625 0.8164587624999999 0.274390121875 0.81466323125 0.276037525 0.8145645828125 0.27773296875 0.8109749796875001 0.28102505 0.81087633125 0.2827204921875 0.8090808812500001 0.2843665140625 0.8089822312500001 0.2860619578125 0.807188 0.2877093984375 0.8070893515625001 0.289404840625 0.8052939 0.29105086406249997 0.8051952531250001 0.2927463078125 0.7998102 0.297684409375 0.7997115515625 0.299379853125 0.7979161 0.3010258765625 0.797817371875 0.3027227 0.79422776875 0.30601478125 0.7941291203125 0.3077102265625 0.7923336703125 0.3093562453125 0.7922350203125 0.3110516890625 0.7904395703125 0.3126977109375 0.790340840625 0.3143945359375 0.7867512375 0.3176866171875 0.7866525906249999 0.3193820609375 0.7848571375 0.32102808125000004 0.784758490625 0.32272352656250003 0.782964340625 0.32436958437499996 0.7828656921875 0.3260650296875 0.779274709375 0.3293584546875 0.7791760609375 0.331053896875 0.7773819093750001 0.33269995625000004 0.7771846140625 0.33609084375 0.7753891625 0.337736865625 0.7752905140624999 0.339432309375 0.77349498125 0.3410797125 0.773396334375 0.3427751546875 0.7716008828125 0.3444211765625 0.771502234375 0.3461166203125 0.7697080828125 0.3477626796875 0.7695107875 0.35115356875 0.767715334375 0.35279958906250003 0.7673206625 0.3595827453125 0.7655252109374999 0.361228765625 0.7654265625 0.3629242109375 0.7636324140624999 0.36457026875 0.76313909375 0.37304886875 0.7613436421875 0.374694890625 0.76124499375 0.376390334375 0.7576553890625 0.37968241406250003 0.749172671875 0.37943534218749997 0.749074025 0.3811307859375 0.74727979375 0.3827782265625 0.747181146875 0.38447366875 0.7417947921875 0.3894117359375 0.74169614375 0.391107178125 0.7399019921875001 0.3927532375 0.73980334375 0.39444868125 0.7380078125 0.396096084375 0.7379091640625 0.397791528125 0.7343195609375 0.401083609375 0.7342209125 0.402779053125 0.7324254609375 0.4044250734375 0.7322280859375 0.40781734218750004 0.730432634375 0.4094633640625 0.7303339859375 0.4111588078125 0.7285398359374999 0.4128048671875 0.7284411875 0.41450031093749995 0.7266457359375 0.41614633124999995 0.726448440625 0.4195372203125 0.7246529078124999 0.42118462343749996 0.7243569640625 0.4262709546875 0.7225628125 0.4279170125 0.7224641640625 0.42961245625 0.7098985250000001 0.44113606250000004 0.7097012296874999 0.4445269515625 0.707905778125 0.4461729734375 0.7077084015625 0.44956524218749994 0.69873374375 0.45779542500000003 0.697036940625 0.457746003125 0.69165180625 0.46268548593750003 0.691553159375 0.4643809296875 0.6897577078125 0.4660269515625 0.6895604125 0.46941784062499997 0.6805856734375 0.47764940312500004 0.6804870265625 0.4793448484375 0.676896121875 0.4826368921875 0.676797475 0.48433233593749997 0.6732077921874999 0.4876257953125 0.6731091453125 0.489321240625 0.6713136937499999 0.4909672609375 0.6712150453125 0.49266270468749995 0.665829990625 0.4976008078125 0.6657313421875 0.4992962515625 0.6621416578125 0.5025897140625 0.6620430109375001 0.5042851578125 0.660247559375 0.505931178125 0.6600502640625 0.5093220656249999 0.6582561140625 0.510968125 0.6577627921875 0.5194467265625 0.659359646875 0.5211915515625 0.6592609984375 0.522886996875 0.6609578015625 0.52293641875 0.6681383078125 0.5163522953124999
0 0.5694119203125 0.46082336875 0.571010078125 0.4625682359375 0.5947601234375 0.46325999375000004 0.5965542734375 0.461613934375 0.5999478796875 0.461712778125 0.6035375640625 0.45841931875 0.6052343671875 0.458468740625 0.60702981875 0.4568227171875 0.6087253234375 0.4568721015625 0.612316225 0.45358005781250005 0.6127108171875 0.4467982859375 0.6111127421875 0.4450520375 0.6114086875 0.43996570625000003 0.6082136765625 0.4364760109375 0.60850961875 0.43138968125000005 0.60691154375 0.42964343437499997 0.607108840625 0.42625254687499997 0.605510684375 0.4245076796875 0.605609334375 0.42281223749999997 0.5716810671875 0.421824021875 0.5662960125 0.42676212500000005 0.5649147796875 0.45050109843749997 0.566512934375 0.45224596406249995 0.5663156375 0.45563685156249994 0.5695105703125 0.45912792500000005 0.5694119203125 0.46082336875
1 0.0918449015625 0.023989646875 0.0919436296875 0.022292821875 0.09024682656250001 0.0222434015625 0.085453659375 0.0170088421875 0.08206135625 0.0169100359375 0.08046319843750001 0.01516516875 0.0397503203125 0.013979342187499999 0.0381521640625 0.012234475 0.0164746890625 0.0116030828125 0.014797512500000002 0.0404283890625 0.027992271875000002 0.0408127078125 0.0295904265625 0.0425575734375 0.0363763390625 0.042755225 0.03797449375 0.044500090625 0.0905623953125 0.046031796874999996 0.09235784687500001 0.0443857765625 0.09255514375 0.0409948875 0.0943492953125 0.039348829687499996 0.094842615625 0.0308702296875 0.093245759375 0.029125401562499997 0.09344305625 0.0257345125 0.0918449015625 0.023989646875
2 0.44159154999999994 0 0.44128363437499996 0.005292076562499999 0.44288170937500004 0.007038323437500001 0.4424871171875 0.013820098437500001 0.44408397187500004 0.015564926562500001 0.44398532343749997 0.017260370312500002 0.448778409375 0.022496309375000002 0.44867976093750006 0.0241917546875 0.4502779171875 0.02593661875 0.45017926875000003 0.0276320640625 0.454972434375 0.032866621875 0.45487370625 0.034563446875 0.4660581125 0.0467788125 0.465959465625 0.0484742578125 0.4675576203125 0.0502191234375 0.467458971875 0.0519145671875 0.46905582656249994 0.053659395312500004 0.46895717968749995 0.05535483906250001 0.47215349062499995 0.0588445703125 0.4720547625 0.0605413953125 0.473651615625 0.062286223437499996 0.47355296718749995 0.06398166562499999 0.475151121875 0.0657265328125 0.47505247500000003 0.0674219765625 0.47984564062499996 0.0726565359375 0.47964826406250005 0.0760488046875 0.4812464203125 0.0777936703125 0.481147771875 0.0794891140625 0.4859409375 0.08472367343750001 0.4857436421875 0.0881145609375 0.487340415625 0.0898607703125 0.48724176718749995 0.0915562140625 0.488839921875 0.09330108125 0.48874127500000003 0.09499652187499999 0.4903394296875 0.0967413875 0.49024078125 0.0984368328125 0.4918389375 0.1001816984375 0.4915429140625 0.10526941249999999 0.494737925 0.10875910312499999 0.4946392765625 0.1104545484375 0.49783428750000003 0.11394424218750002 0.49773555781249995 0.1156410671875 0.4993337140625 0.11738593281250001 0.49923506562500003 0.119081375 0.502430075 0.12257106874999998 0.5023314265625001 0.12426651250000001 0.50392958125 0.1260113796875 0.5037322859375 0.12940226875 0.5053303609375 0.13114851249999998 0.5052317125 0.1328439578125 0.50682856875 0.1345887859375 0.5067299203125 0.13628422812500002 0.5083280765625 0.13802909531250002 0.5082294265625 0.13972453906249999 0.509827584375 0.1414694046875 0.50972885625 0.143166228125 0.511325709375 0.14491105625 0.5112270624999999 0.1466065015625 0.5144233734375 0.15009623125 0.514324725 0.1517916765625 0.5159228812500001 0.15353654218749999 0.51562685625 0.158624253125 0.5172237109375 0.1603690828125 0.5171250609375 0.162064525 0.5187232171875 0.163809390625 0.51862456875 0.1655048359375 0.520222725 0.16724970156250002 0.5200253484374999 0.17064196874999998 0.521622203125 0.172386796875 0.521326259375 0.1774731296875 0.5229244140625 0.1792179953125 0.5228257671875001 0.1809134375 0.524423921875 0.182658303125 0.5243252734375 0.184353746875 0.5259220484375 0.1860999578125 0.5258234015625 0.1877954 0.52742155625 0.18954026562499998 0.527224259375 0.192931153125 0.528822415625 0.1946760203125 0.5286250390625 0.1980682875 0.5302218937500001 0.19981311562499998 0.5300245984374999 0.20320400468750002 0.531622753125 0.20494886874999999 0.5309321359375 0.2168183546875 0.534127146875 0.22030805 0.5340284984375 0.22200349375 0.537224809375 0.22549322656249998 0.5370274328125 0.22888549375 0.5386255875 0.23063035781250002 0.5384282921875 0.23402124687499998 0.5400251468749999 0.235766075 0.5399265 0.2374615171875 0.5415245734374999 0.239207765625 0.5414259265625 0.24090320781250002 0.54302408125 0.24264807500000002 0.5429254343750001 0.2443435171875 0.5445222875 0.2460883453125 0.5443249906250001 0.249479234375 0.5459231484375 0.2512241 0.5458244984375 0.2529195421875 0.5506175859375 0.2581554828125 0.5505189374999999 0.25985092656250003 0.555312103125 0.2650854859375 0.55521345625 0.26678093125 0.5568115296875 0.2685271765625 0.5567128828125 0.270222621875 0.5583097359375 0.27196745 0.5580137921875 0.2770537796875 0.559611946875 0.278798646875 0.559315921875 0.2838863578125 0.5609140781249999 0.28563122343749997 0.5607167828125 0.2890221109375 0.5623149375 0.290766978125 0.5618216171875 0.29924557812499997 0.5634184734375001 0.30099040625 0.5633198234375 0.302685846875 0.5649179796875 0.3044307140625 0.5647206031249999 0.3078229828125 0.566318759375 0.3095678484375 0.5661214625000001 0.3129587359375 0.56771831875 0.3147035625 0.5671263484375 0.3248776078125 0.5687245046875 0.32662247187500004 0.56862585625 0.328317915625 0.5702240125 0.3300627828125 0.5701253640624999 0.3317582265625 0.5717222171875 0.333503053125 0.5715248421875 0.33689532187500004 0.573122996875 0.33864018749999997 0.5728270531249999 0.34372651875 0.5744252078125001 0.345471384375 0.574326559375 0.3471668296875 0.5775214906249999 0.350657903125 0.5774228421875 0.35235334687500003 0.579020996875 0.3540982125 0.5784290296875 0.36427225625 0.580025884375 0.366017084375 0.5799272359375001 0.367712528125 0.581525390625 0.36945739375 0.58142674375 0.3711528375 0.5830248984375 0.3728977046875 0.5829262515625 0.374593146875 0.58452440625 0.3763380125 0.5843270296874999 0.3797302796875 0.585923884375 0.381475109375 0.5858252375 0.383170553125 0.5906184031249999 0.3884051125 0.5905197546875 0.3901005546875 0.5921178296875 0.39184680312500003 0.59201918125 0.393542246875 0.5936173375 0.3952871140625 0.5935186890625 0.39698255625 0.59511554375 0.39872738281250003 0.5949182484375 0.40211827187500004 0.596516321875 0.40386451875 0.5962203781250001 0.40895085 0.597818534375 0.4106957140625 0.5976212375000001 0.414086603125 0.5992180921875 0.4158314296875 0.5991193640625 0.41752825624999995 0.60071751875 0.41927312031249997 0.600618871875 0.42096856562499996 0.6022170265625 0.42271343124999994 0.60192108125 0.42779976093750005 0.6035179375 0.42954458906250004 0.6033205625 0.4329368578125 0.6049187171875 0.434681725 0.6048200687499999 0.43637716718749997 0.606418225 0.43812203437499997 0.6061222796875 0.443208365625 0.607720434375 0.44495323124999997 0.6073257625 0.4517363859375 0.6089226187500001 0.4534812140625 0.6082320015625 0.4653507015625 0.6098301578124999 0.46709556875 0.6096328609375 0.4704864546875 0.611230934375 0.4722327 0.6110336390625 0.47562358906249996 0.61263049375 0.4773684171875 0.61233455 0.48245474843749997 0.6139327046874999 0.48419961406249995 0.613735328125 0.4875918828125 0.615333484375 0.4893367484375 0.6151361875 0.4927276359375 0.6167330421874999 0.4944724640625 0.6163383703124999 0.50125561875 0.617936525 0.503000484375 0.6175419328125 0.509782259375 0.6223350203125 0.5150182 0.6222363718749999 0.51671364375 0.6238345265625 0.5184585109375 0.6235385828125 0.523544840625 0.6251354375 0.5252896687499999 0.624938059375 0.5286819375 0.6265362156250001 0.530426803125 0.6264375671875 0.532122246875 0.6280357234375 0.5338671109375001 0.6278384265625 0.537258 0.6260429750000001 0.5389040203125 0.6548821328125001 0.539744009375 0.655079428125 0.5363531203125 0.6658496171875 0.526475534375 0.66754641875 0.5265249562500001 0.6765210749999999 0.518294775 0.676619725 0.5165993296875 0.6820048578125 0.5116598453125001 0.6821035078125 0.5099644015625 0.685694409375 0.506672359375 0.6857930578125 0.504976915625 0.687587209375 0.5033308562500001 0.6877845859375 0.4999385875 0.6895800375000001 0.498292565625 0.689678684375 0.4965971234375 0.6914741359375001 0.4949511015625 0.691572784375 0.4932556578125 0.6933669359375 0.49160959843749996 0.69356423125 0.488218709375 0.6953597625 0.48657130625 0.6957543546875 0.4797895328125 0.69754980625 0.47814351093749996 0.6924606984375 0.47799528281250003 0.690665246875 0.4796413046875 0.6838793328125 0.479443653125 0.680684321875 0.47595395937499996 0.6807829703125 0.474258515625 0.67918489375 0.4725122703125 0.6794808390625 0.4674259390625 0.677882684375 0.465681071875 0.6781787078125 0.4605933609375 0.6763844765625 0.4622408015625 0.67618718125 0.46563168906249996 0.6743917296874999 0.4672777109375 0.6740957859375001 0.47236404218750006 0.672300253125 0.47401144375 0.6721029578125 0.47740233125 0.67030880625 0.47904839062500004 0.6702101578125 0.480743834375 0.66841470625 0.48238985625 0.6683160578125 0.4840853 0.6611354734375 0.4906708046875 0.6610368234374999 0.4923662484375 0.6592426734375 0.49401230937499996 0.6591440265624999 0.4957077515625 0.657348575 0.497353771875 0.6572499265625 0.4990492171875 0.6482738890624999 0.50728074375 0.6465783843749999 0.5072313609375 0.643382075 0.503741628125 0.6434807218749999 0.5020461828125 0.6386876390625 0.4968102421875 0.6389835828125 0.4917239125 0.637386728125 0.489979084375 0.637584021875 0.4865881953125 0.6359859484375 0.48484194843750006 0.63618324375 0.48145106406249993 0.6345850890625 0.47970619687499993 0.6346837375 0.47801075312499997 0.63308688125 0.476265925 0.634073521875 0.4593087265625 0.6324753671875001 0.4575638609375 0.63306725625 0.4473911984375 0.6314691796874999 0.44564495156249995 0.6316664765625 0.4422540640625 0.6284714671875 0.4387643703125 0.6286687625 0.435373484375 0.6270706078125 0.4336286171875 0.627267984375 0.4302363484375 0.6256698296875001 0.42849148281250005 0.6257684765625 0.4267960390625 0.622573465625 0.4233063453125 0.622672115625 0.42161090312500005 0.6210739578125 0.41986603593750005 0.6212713359375 0.41647376718749995 0.6196744796875 0.41472893906249997 0.6197731281250001 0.4130334953125 0.6165768171875 0.4095437640625 0.616675465625 0.40784832031249996 0.6150786109374999 0.40610349218749997 0.6154732828125 0.399320334375 0.613875128125 0.39757547031249996 0.6139737765625 0.395880028125 0.6123756218749999 0.3941351609375 0.612572996875 0.39074289218749997 0.6109761421875 0.38899806406250004 0.6111734375 0.3856071765625 0.6095752828125 0.38386231249999997 0.60996995625 0.3770791546875 0.6083718 0.3753342890625 0.6085690953125 0.371943403125 0.606970940625 0.3701985375 0.6070695890625 0.3685030921875 0.6054727328125 0.3667582640625 0.60616335 0.35488877812499997 0.6045651953125 0.3531439125 0.6049598671874999 0.34636075625 0.6033617125 0.344615890625 0.6035590078124999 0.34122500312500004 0.6003639984375 0.337735309375 0.6005613750000001 0.334343040625 0.59896321875 0.332598175 0.59906186875 0.33090273125 0.5974650125000001 0.329157903125 0.5976623078125 0.325767015625 0.596064153125 0.32402215 0.5961628812499999 0.322325325 0.5945647265625 0.320580459375 0.594762021875 0.317189571875 0.5931651671875 0.31544474375 0.593461109375 0.31035841406250003 0.5918629546874999 0.30861354687500003 0.5919616828125001 0.3069167234375 0.5903635281249999 0.30517185625 0.5907581203125 0.2983900828125 0.589161265625 0.29664525468749997 0.58935864375 0.29325298593750004 0.5877604890625 0.29150811875 0.5881550796874999 0.2847263453125 0.5865569234375 0.282981478125 0.5866555734375 0.2812860359375 0.585057496875 0.27953978749999997 0.585156146875 0.2778443453125 0.583559290625 0.27609951875 0.5837565859375 0.2727086296875 0.58215843125 0.2709637625 0.58235580625 0.26757149375 0.5807576515624999 0.265826628125 0.5809549484375001 0.2624357421875 0.5793580921875 0.2606909140625 0.5796540375 0.2556045828125 0.5780559609375 0.2538583359375 0.57835190625 0.2487720046875 0.5767537500000001 0.24702713906249998 0.5771483421875 0.240245365625 0.57555156875 0.23849915625 0.5757488656249999 0.23510826875 0.574150709375 0.23336340312499998 0.5742493578125 0.2316679578125 0.5726512015624999 0.2299230921875 0.5728485796875 0.226530825 0.5712517234375001 0.22478599687499998 0.5717449625000001 0.2163087796875 0.5701468078125 0.2145639125 0.5703441859375 0.21117164375000003 0.568746028125 0.20942677812500002 0.568943325 0.206035890625 0.5673464703125 0.20429106406250003 0.5674451171875 0.20259561874999998 0.5658469625 0.20085075312499998 0.565945609375 0.19915530937499998 0.5643475359375 0.1974090625 0.5645448328125 0.1940181734375 0.5629466765625 0.1922733109375 0.5631439734375 0.18888242187499998 0.56154711875 0.18713759375 0.56174449375 0.18374532500000001 0.5601463390625 0.182000459375 0.5603436359375 0.1786095734375 0.55874548125 0.17686470625 0.558844128125 0.1751692625 0.5572472734375 0.173424434375 0.5573459203125 0.171728990625 0.554149690625 0.168237878125 0.5542483390624999 0.1665424359375 0.5526514828125 0.1647976078125 0.55275013125 0.1631021625 0.551151975 0.161357296875 0.5512506234375001 0.159661853125 0.5496525484375 0.15791560625 0.549751196875 0.15622016249999998 0.54815434375 0.154475334375 0.548252990625 0.15277989218750002 0.5466548359375001 0.1510350265625 0.54685213125 0.1476441375 0.5436571203125 0.14415444375 0.5437558484375 0.1424576203125 0.54215769375 0.140712753125 0.5422563421875 0.1390173109375 0.537463175 0.13378275 0.5375618234374999 0.13208730625 0.5327687390625 0.126851365625 0.5328673875 0.125155921875 0.5312692328125 0.12341105625 0.5313678796875 0.1217156125 0.529769725 0.119970746875 0.53006575 0.1148830359375 0.5284688937500001 0.11313820625 0.5287648390624999 0.10805187499999999 0.5271666828125 0.10630701093749999 0.527660003125 0.0978284109375 0.526061846875 0.09608354375 0.52625914375 0.0926926578125 0.5134778828125001 0.0787324640625 0.5135765296875 0.07703701874999999 0.5119784562499999 0.0752907734375 0.5122744 0.07020444375 0.5106762453125 0.0684595765625 0.510873540625 0.0650686875 0.509276684375 0.0633238609375 0.5093753328124999 0.06162841718749999 0.506179103125 0.0581373046875 0.50627775 0.0564418609375 0.5046808953124999 0.054697032812500004 0.5047795453125 0.0530015890625 0.5031813890625 0.051256721875 0.5032800374999999 0.0495612796875 0.5016818828125 0.0478164140625 0.501879259375 0.044424146875 0.500282403125 0.042679317187499996 0.50038105 0.0409838734375 0.4987828953125 0.0392390078125 0.4989801921875 0.035848120312499995 0.49738211562499995 0.034101871875 0.49748076562500004 0.03240643125 0.49428575468749997 0.0289167359375 0.4943844015625 0.027221292187500003 0.491188090625 0.023731559375 0.491286740625 0.022036115624999998 0.4895912375 0.02198673125 0.483199996875 0.015005925 0.48339729218749994 0.0116150390625 0.4817991359375 0.009870171875 0.48209516093750004 0.0047824609375 0.48049830625 0.0030376328125 0.48059695312499995 0.0013421890625000001 0.4793676171875 0 0.44159154999999994 0
1 0.5749975515625 0.306422615625 0.5765956265625001 0.3081688609375 0.5763983296874999 0.31155974999999997 0.577995184375 0.313304578125 0.5778965375 0.31500002031249996 0.5794946921874999 0.3167448859375 0.5793960453125 0.31844032968749997 0.5809942 0.320185196875 0.5807968234375 0.323577465625 0.5823936796875 0.32532229375 0.5821963828125 0.32871317968749997 0.5885876234375 0.3356939859375 0.590284425 0.3357434078125 0.5918825812499999 0.337488275 0.593578084375 0.337537659375 0.5967743953125 0.3410273890625 0.5966757484375 0.3427228328125 0.5982726015625001 0.3444676625 0.5981739546875 0.34616310625 0.6013701859375 0.34965421874999997 0.600778296875 0.3598268796875 0.6023751515625 0.361571709375 0.6022764234375 0.36326853125 0.603874578125 0.3650133984375 0.6033813375 0.37349061875 0.6049794937499999 0.3752354828125 0.6047821171875001 0.3786277515625 0.606378971875 0.3803725796875 0.6061816765625 0.3837634671875 0.60777983125 0.3855083328125 0.607681184375 0.3872037765625 0.6092793390625 0.3889486421875 0.609180690625 0.3906440859375 0.610778765625 0.3923903328125 0.6105814703125 0.3957812203125 0.612178325 0.3975260484375 0.6119810296875 0.4009169359375 0.613579184375 0.4026618015625 0.6133818078125 0.40605406874999994 0.6149799625 0.40779893593749994 0.6144867234375 0.4162761546875 0.616083496875 0.4180223625 0.615688903125 0.42480413749999996 0.6172870609375 0.426549003125 0.6171884109375 0.42824444687499996 0.6273666328124999 0.42854090468750006 0.6289647875 0.43028577031250004 0.6323570921874999 0.43038457656249995 0.63415254375 0.42873855625 0.63425119375 0.4270431109375 0.639636246875 0.42210500937499995 0.6413330515625 0.4221544328125 0.6431272015625 0.420508371875 0.64482400625 0.42055779375 0.6453173265625 0.41207919375 0.647112778125 0.410433171875 0.6473100734375 0.4070422859375 0.64571191875 0.40529741875 0.645810646875 0.4036005953125 0.6426156359374999 0.40011089999999994 0.6427142828125 0.3984154578125 0.641116128125 0.396670590625 0.6412147765625 0.39497514843750003 0.639616621875 0.3932302828125 0.63971535 0.3915334578125 0.6381184953125 0.3897886296875 0.638315790625 0.3863977421875 0.6367176359375 0.3846528765625 0.6371123078125 0.3778697203125 0.635514153125 0.376124853125 0.6357114484374999 0.37273396875000003 0.63411329375 0.3709891015625 0.634211940625 0.3692936578125 0.6326150859374999 0.36754882968749997 0.6329111109375 0.36246111718749996 0.6313129562500001 0.360716253125 0.6316089015624999 0.3556299203125 0.6300107453125 0.353885053125 0.63010939375 0.3521896109375 0.6285125375 0.350444784375 0.628611265625 0.34874795937499997 0.6254149546875001 0.3452582265625 0.625513603125 0.34356278281249997 0.6175255078124999 0.3348371484375 0.61762415625 0.3331417046875 0.60643975 0.3209263390625 0.606538396875 0.3192308953125 0.6033433875 0.3157412 0.6034420359375 0.3140457578125 0.600245725 0.3105560265625 0.6003443734375 0.3088605828125 0.598747596875 0.307114371875 0.5989448937499999 0.3037234859375 0.5973467375 0.3019786203125 0.5974453875 0.3002831765625 0.5958472312499999 0.2985383109375 0.5959458796875 0.29684286718749997 0.5943491046875 0.2950966578125 0.5944477515625 0.2934012140625 0.592849596875 0.2916563484375 0.5929482453125 0.2899609046875 0.591251440625 0.2899114828125 0.5896545875 0.2881666546875 0.5862609812499999 0.2880678109375 0.584662825 0.2863229453125 0.5795737140624999 0.28617471562499996 0.5741886593750001 0.29111281875 0.5740900124999999 0.2928082609375 0.5722958625000001 0.294454321875 0.572098484375 0.29784659062499996 0.5736953390624999 0.29959141875 0.57349804375 0.3029823046875 0.5750961984375 0.30472717031249996 0.5749975515625 0.306422615625