3 0.8147649765624999 0.46302509843750006 0.8178759328125 0.49274460937500003 0.8481753640624999 0.4909726703125 0.8450644078125 0.461253159375 0.8147649765624999 0.46302509843750006
3 0.8674353874999999 0.747656540625 0.8717077859375 0.7884715203125 0.9114458671874999 0.7861475984374999 0.9071734687499999 0.7453326203125 0.8674353874999999 0.747656540625
3 0.7763879031250001 0.7770917765625 0.7799353078125 0.8109807453125001 0.8325318390625001 0.8079048515625 0.8289844343749999 0.7740158828125 0.7763879031250001 0.7770917765625
3 0.7122757625 0.6703918390625 0.7146356234375 0.6929360015625 0.7493026296874999 0.6909086421875 0.74694276875 0.668364478125 0.7122757625 0.6703918390625
3 0.1944166359375 0.48816117031250006 0.1983975890625 0.526191890625 0.22945914687500002 0.5243753812499999 0.225478196875 0.4863446609375 0.1944166359375 0.48816117031250006
3 0.1868294046875 0.5780095625 0.19066825625 0.6146827859374999 0.2416525953125 0.6117011734375 0.23781374375 0.5750279500000001 0.1868294046875 0.5780095625
3 0.28959095 0.5606031375 0.2919645859375 0.5832788953125 0.33822960156250004 0.5805732734375 0.33585596406249996 0.5578975140625 0.28959095 0.5606031375
3 0.394301484375 0.505467265625 0.39926698125 0.5529035078125 0.48235836093750006 0.548044246875 0.477392865625 0.5006080015625 0.394301484375 0.505467265625
3 0.258110253125 0.43473065 0.2607470609375 0.4599205484375 0.295951465625 0.4578617609375 0.29331465625 0.4326718625 0.258110253125 0.43473065
3 0.0311617359375 0.3203659546875 0.03410376875 0.3484717046875 0.067178125 0.346537484375 0.06423609218750001 0.3184317359375 0.0311617359375 0.3203659546875
3 0.0626568125 0.3317536171875 0.064826725 0.352483165625 0.0760241265625 0.3518283296875 0.073854215625 0.3310987828125 0.0626568125 0.3317536171875
3 0.0715174734375 0.3391097390625 0.0732407890625 0.355572865625 0.0903007078125 0.354575184375 0.0885773921875 0.3381120578125 0.0715174734375 0.3391097390625
5 0.264641021875 0.5033185484375 0.2807514828125 0.496931975 0.242078859375 0.438632540625 0.22565320937500002 0.44613088906250004 0.2641180515625 0.5030745750000001 0.26358476406250003 0.5056903453125 0.264641021875 0.5033185484375
5 1 0.7499264078125 0.9993704109375001 0.7489294046875 0.9768920453125001 0.7563998546875 1 0.788158803125 1 0.7499264078125
5 0.4974936515625 0.504956346875 0.512546146875 0.5002678265625 0.49875228906249996 0.47555479843750004 0.48090770625 0.4827960703125 0.4974936515625 0.504956346875
5 0.527473953125 0.5162137859375 0.5496490765625001 0.5090488671875 0.4684117546875 0.38827915156250004 0.448559390625 0.398850971875 0.527473953125 0.5162137859375
5 0.6958156015625 0.5818995890625 0.709614 0.5755046796875 0.6741511171875 0.5199665671875 0.6605324484375 0.5240026125 0.6958156015625 0.5818995890625
5 0.132441946875 0.584261865625 0.1325179671875 0.5837954140625 0.14360952968750001 0.5790960328125 0.1336447328125 0.5591164046875 0.1164528421875 0.56488261875 0.132441946875 0.584261865625
5 0.0547517015625 0.47028378281250005 0.09111733125 0.52551475625 0.10781150937499999 0.5192856765625 0.0716775640625 0.4634599921875 0.0547517015625 0.47028378281250005
5 0.2198173015625 0.6871199 0.23364195 0.6818209796875 0.20123046875 0.631231771875 0.18388041093750002 0.6370741343749999 0.2198173015625 0.6871199
5 0.20948478750000002 0.6250475 0.2829473796875 0.737311909375 0.3007126328125 0.7314822000000001 0.22770251562500002 0.617811584375 0.20948478750000002 0.6250475
5 0.5284804734375 0.6319991421875 0.5469023953125001 0.6246572125000001 0.5090840921875001 0.5725940171875 0.4917945203125 0.5811930281250001 0.5284804734375 0.6319991421875
5 0.6984211609375001 0.6938117671875 0.7320658328125 0.75357105625 0.7503325015625 0.7482583468749999 0.71513194375 0.68878376875 0.6984211609375001 0.6938117671875
5 0.6130124984374999 0.64011373125 0.7099238 0.79056928125 0.7359663656250001 0.7800521625 0.640871803125 0.6363305578125 0.6130124984374999 0.64011373125
0 0.6048401390625 0.5070832203125 0.6610438359375 0.5932003625 0.6983936515625 0.5827209140625 0.643954578125 0.495927775 0.6048401390625 0.5070832203125
5 0.7584295812499999 0.201974459375 0.6825829046874999 0.22351748749999997 0.7503489 0.32848741875 0.751857846875 0.328608925 0.8306177953124999 0.30198000937499997 0.7584295812499999 0.201974459375
5 0.8330360906250001 0.5724427984375 0.8710122468750001 0.6318930296875 0.8881447609374999 0.626583234375 0.8486328125 0.5674688 0.8330360906250001 0.5724427984375
5 0.9588194906249999 0.7202349984375 0.9587181499999999 0.7203656625 0.974512265625 0.7142721453124999 0.9385515828125 0.6612661953125001 0.92390031875 0.6659842109375 0.9588194906249999 0.7202349984375
5 0.80877920625 0.8866822859375001 0.826313196875 0.8811601671875 0.7914942890625001 0.8254066999999999 0.775042665625 0.8313233453125 0.80877920625 0.8866822859375001
5 0.80539693125 0.8458152515625 0.880019671875 0.9589637 0.894930546875 0.9550165390625001 0.8193251984375 0.8389423796875001 0.80539693125 0.8458152515625
1 0.045129140625 0.2770432296875 0.05656023125 0.2885945296875 0.06512197812500001 0.287760740625 0.067924696875 0.3087598921875 0.075943546875 0.3118587671875 0.073628178125 0.2816160921875 0.060595614062500004 0.26711534375 0.045129140625 0.2770432296875
1 0.0557587015625 0.29709059843749996 0.02685355625 0.2566228234375 0.0114222875 0.2626045328125 0.0242089484375 0.283058140625 0.035660237500000004 0.2806777125 0.04077944375 0.29208247656249997 0.0388046359375 0.2966577453125 0.0663542078125 0.31037015156250003 0.0665702875 0.301108346875 0.0557587015625 0.29709059843749996
1 0.0839950828125 0.28771552499999997 0.0921261671875 0.2997190375 0.0761783421875 0.3163933171875 0.09227306874999999 0.322985628125 0.11346764843749998 0.29851765625 0.10138958281249999 0.28290816093750004 0.0839950828125 0.28771552499999997
1 0.8701353656249999 0.3326358296875 0.8856346203125 0.35695226875 0.9030815265625 0.35093630625 0.8875945968750001 0.3271508328125 0.8701353656249999 0.3326358296875
1 0.0788226953125 0.5549624171875001 0.07995712031249999 0.556286271875 0.0963210875 0.5501238890625 0.076905525 0.5239689515625 0.063856940625 0.5300607859375 0.0788226953125 0.5549624171875001
1 0.18554639687500002 0.665818253125 0.20400813750000002 0.6922150265625 0.21916320625000002 0.6863839609375 0.20227870312500001 0.6615687593749999 0.18554639687500002 0.665818253125
1 0.23409521406249997 0.5321694984375 0.2487636765625 0.553770853125 0.26311196406250004 0.5477925499999999 0.24923796562499997 0.5283244515625001 0.23409521406249997 0.5321694984375
1 0.2045721828125 0.582023346875 0.44235587499999995 0.5022751296875 0.4457037328125 0.4903717203125 0.2062067875 0.5696807765624999 0.2045721828125 0.582023346875
1 0.4352591921875 0.5016560375 0.39122370625 0.43546562499999997 0.3927607640625 0.4359589921875 0.39203183125 0.43317453749999996 0.36806977500000004 0.43394661250000005 0.377248253125 0.451607846875 0.3890896828125 0.4497801953125 0.4201569890625 0.4984222921875 0.4352591921875 0.5016560375
1 0.43988878593749997 0.516262846875 0.4407933609375 0.5027218953125 0.138449071875 0.3511350546875 0.136885884375 0.3633710125 0.43988878593749997 0.516262846875
1 0.44188068593749996 0.5018959656249999 0.44516544687500004 0.48845065156249995 0.0975877421875 0.31432875781249997 0.0933860078125 0.3268277296875 0.44188068593749996 0.5018959656249999
1 0.17340449375 0.593550965625 0.1831039015625 0.5190064125 0.16046023125 0.525273328125 0.14696629375 0.5994432921875 0.17340449375 0.593550965625
1 0.1633520921875 0.6216542984375 0.1696978078125 0.593038840625 0.147884603125 0.5999609984375 0.14560807656250002 0.6280813515625 0.1633520921875 0.6216542984375
0 0.046061546875 0.406395534375 0.049628014062499996 0.40944678437500004 0.0689928796875 0.408314309375 0.07043744843750001 0.40659991875 0.0700982953125 0.40335993124999997 0.0715418875 0.4016455984375 0.070354853125 0.390305640625 0.06857210625 0.38877998593749996 0.0680633046875 0.3839193125 0.0662795828125 0.382393715625 0.0659404296875 0.3791537296875 0.060590239062499995 0.37457688125 0.058977070312500005 0.3746712203125 0.0536268796875 0.370094371875 0.0326488484375 0.3713211875 0.031204278125000002 0.373035578125 0.0327304671875 0.38761552187500004 0.038080729687499995 0.39219306249999997 0.03825030625 0.39381305625 0.045383240625 0.399915559375 0.046061546875 0.406395534375
1 0.92317121875 0.7821498046875 0.9235103734375001 0.785389790625 0.9220658015625001 0.7871041812499999 0.92045165625 0.787198578125 0.919008065625 0.7889129125000001 0.9141666046875001 0.7891960453125 0.9127230125000001 0.790910378125 0.9062674046874999 0.791287909375 0.9072848656250001 0.8010078703125 0.9573106843750001 0.7980823140625 0.9564628015625001 0.7899823453125 0.952896334375 0.78693109375 0.9512821875 0.7870254906249999 0.945931996875 0.7824486421875 0.9443188296875 0.7825429828125 0.94253510625 0.7810173859375 0.92317121875 0.7821498046875
5 0.38667228124999997 0.69779761875 0.388455028125 0.699323271875 0.38862460468750004 0.700943265625 0.3939747921875 0.7055201156249999 0.3941444421875 0.7071408 0.395928165625 0.7086663984375 0.3960977421875 0.710286390625 0.397880484375 0.71181204375 0.39805006249999997 0.7134320390625 0.40340025312499994 0.7180088875 0.40356982812500003 0.71962888125 0.40535257343750003 0.7211545359375 0.4055221515625 0.7227745296875 0.40730587187499995 0.7243001265625 0.408919040625 0.7242057859375 0.41070276562499997 0.7257313843750001 0.4268403140625 0.72478764375 0.42828390625 0.7230733109374999 0.42989805312499996 0.7229789140625 0.43134164375 0.72126458125 0.43779725 0.7208870515625 0.43924084218750004 0.71917271875 0.44569547187499997 0.7187952453124999 0.447140040625 0.7170808531249999 0.45198150156250005 0.7167977203125 0.45342509375000006 0.7150833859375 0.4582665546875 0.7148002531250001 0.4597101453125 0.7130859218750001 0.46455160624999997 0.7128027875 0.4659961765625 0.7110883968749999 0.4708366609375 0.710805321875 0.47228122812500006 0.7090909296875 0.4771226890625 0.7088077968750001 0.4785662828125 0.7070934624999999 0.48179359687499995 0.7069047281249999 0.4846817578125 0.7034760046875 0.486295903125 0.70338160625 0.4891839921875 0.699952190625 0.489014415625 0.698332196875 0.49045898593750004 0.69661780625 0.489780678125 0.6901378296875 0.4879969578125 0.6886122343750001 0.4878273796875 0.686992240625 0.48604463437499995 0.6854665859375 0.485875059375 0.683846590625 0.48409133437499996 0.6823209953125 0.48375218125 0.6790810078125 0.4819684609375 0.677555409375 0.481629234375 0.6743147296875 0.47984648906249994 0.6727890765625 0.4796769140625 0.6711690828125 0.4761104453125 0.66811783125 0.4759408703125 0.6664978359375 0.474157146875 0.664972240625 0.47398757187499996 0.6633522468749999 0.46863835781249996 0.658775340625 0.4684687796875 0.6571553484375 0.46668505937500004 0.65562975 0.4665154828125 0.6540097578124999 0.4647317609375 0.6524841593749999 0.4645621109375 0.6508634734375 0.45742917656250004 0.644760971875 0.45581600624999996 0.644855309375 0.45046581874999997 0.6402784625 0.44885167187499997 0.6403728578125001 0.44706892500000006 0.6388472046875 0.44384161093749996 0.639035940625 0.442057890625 0.6375103453125 0.4388305734375 0.63769908125 0.437046853125 0.636173484375 0.4338195390625 0.6363622203125 0.4320367921875 0.634836565625 0.40460315312499995 0.6364409109375 0.393903678125 0.6272864640625 0.393564525 0.624046478125 0.39178080312499997 0.62252088125 0.39144165000000003 0.6192808921874999 0.3860924375 0.6147039875 0.3859228625 0.6130839921875 0.3841391375 0.611558396875 0.38252499218749997 0.61165279375 0.37539205781249996 0.6055502921875 0.3737788890625 0.60564463125 0.37199509375 0.604118340625 0.365540465625 0.6044958125 0.36375674375 0.6029702171875 0.3605294296875 0.6031589546875 0.3587466828125 0.6016332984375 0.35713253749999996 0.601727696875 0.35534881406249996 0.6002020984375 0.3537356453125 0.6002964390625001 0.35229107656249997 0.6020108296875 0.3506779078125 0.60210516875 0.3477897453125 0.6055338921875 0.34795939531250003 0.6071545796875 0.3465148265625 0.6088689703125 0.34719313125 0.61534894375 0.3489768546875 0.6168745421875 0.34914643125 0.6184945359375 0.3651960953125 0.6322258296875 0.365365671875 0.6338458250000001 0.3671484171875 0.6353714781249999 0.36731799375 0.6369914718749999 0.3691017171875 0.6385170687499999 0.369610446875 0.64337705 0.371393190625 0.6449027046875 0.3724106484375 0.6546226671875 0.3741943734375 0.6561482640625 0.374364021875 0.6577689515625 0.3761467671875 0.6592946046875 0.37767295624999997 0.673874546875 0.3762293625 0.6755888828125001 0.376907740625 0.68206955 0.3786904875 0.683595203125 0.379029640625 0.6868351921875 0.3808133625 0.6883607890625 0.3809829375 0.6899807828125 0.3827666625 0.6915063796875 0.3829362375 0.6931263734375 0.38650270625 0.6961776234375 0.38667228124999997 0.69779761875
0 0.2053444296875 0.6872123046875 0.20356168437500002 0.68568665 0.20033436875000002 0.6858753875 0.198550646875 0.684349790625 0.1969365015625 0.6844441875 0.1951537578125 0.6829185328125 0.1870849828125 0.6833904015625001 0.1856413890625 0.6851047343750001 0.1840272421875 0.6851991328125 0.182582675 0.6869135234375 0.17774219062500002 0.6871965999999999 0.17629762031250001 0.6889109906249999 0.1774847296875 0.7002516390625 0.20814568281249998 0.6984585578125 0.2124784140625 0.6933154421875 0.2119696109375 0.68845476875 0.21035546562500002 0.6885491640625 0.2085717453125 0.68702356875 0.2053444296875 0.6872123046875
2 0.1938320109375 0.607031115625 0.20507732656250002 0.6116987390624999 0.4410824390625 0.5329158281249999 0.7906096171875 0.712090790625 0.777405603125 0.80399094375 0.795222109375 0.8113480421875 0.9137718984375001 0.7760808921875 0.9120017468749999 0.7608044359374999 0.8099183312499999 0.7087783953125 0.859277553125 0.32608219374999997 0.837468140625 0.325987640625 0.791115625 0.6990435140625 0.0900528671875 0.3437928265625 0.08598805468750001 0.360088540625 0.4268344796875 0.5268454593749999 0.20569448750000002 0.6016385890625 0.2176357125 0.526666078125 0.20374091249999998 0.5252843078125 0.1938320109375 0.607031115625
0 0.48405221562499995 0.6326329546875 0.49366468125 0.6458564109375 0.4959079953125 0.646316140625 0.4964794171875 0.6448911328125 0.514926875 0.6372766375000001 0.507975509375 0.6261093296875 0.48405221562499995 0.6326329546875
0 0.24515561875 0.5950160265625 0.2554591890625 0.6082771140625 0.270578909375 0.60166695625 0.2618075796875 0.589491834375 0.24515561875 0.5950160265625
0 0.0388269125 0.5308012453125001 0.0462937625 0.5422443203125 0.06777505625 0.5362084421875 0.06067302812499999 0.5227190125 0.0388269125 0.5308012453125001
0 0.16496398125 0.5202895437499999 0.18792010312500002 0.5140022656250001 0.1553748421875 0.46265157031250004 0.1326072140625 0.4705047765625 0.164819121875 0.520263046875 0.16496398125 0.5202895437499999
0 0.5297327734375 0.5929390546875 0.5444315421875 0.6006770796875001 0.5579142828125 0.588627646875 0.5425218265625 0.580151121875 0.5297327734375 0.5929390546875
0 0.7676999312499999 0.8859042593750001 0.7743331640625 0.8987375015625 0.7946821359375 0.89139785625 0.785791346875 0.88065475625 0.7676999312499999 0.8859042593750001
0 0.807944084375 0.7460974874999999 0.8142098437499999 0.7574205671875001 0.837437196875 0.7502777328125 0.8310347390624999 0.7390950484375 0.807944084375 0.7460974874999999
0 0.8244811453124999 0.654342475 0.83300184375 0.66577618125 0.8544903203124999 0.659217253125 0.846912409375 0.6469667625 0.8244811453124999 0.654342475
0 1 0.8131310703124999 0.9941924359375 0.803623434375 0.972773709375 0.81047305 0.9810512546875 0.82271119375 1 0.8164047859375 1 0.8131310703124999
0 0.095882796875 0.3862734546875 0.103778859375 0.39840778125 0.1236138 0.3910222390625 0.1141766453125 0.3803563875 0.095882796875 0.3862734546875
0 0.1142612921875 0.24425702500000002 0.16934615625 0.3267574875 0.20508264375000002 0.31527207968750004 0.15309265156250002 0.23200318593749997 0.1142612921875 0.24425702500000002
0 0.865480575 0.6441680437499999 0.921528978125 0.7322858375 0.959259803125 0.7210698484375 0.9053044640625 0.6340707234375 0.865480575 0.6441680437499999
0 0.8889539624999999 0.320631134375 0.9243730093750001 0.37383460468749996 0.9492651296875 0.367606925 0.9139546234375 0.3128201546875 0.8889539624999999 0.320631134375
1 0.73967751875 0.8225396281249999 0.7612118625 0.815047734375 0.7621621000000001 0.7879122328125 0.7373965734375 0.796429296875 0.73967751875 0.8225396281249999
1 0.816139803125 0.8215376140625 0.8319374640625 0.8320726031250001 0.923998259375 0.8015551453124999 0.9132216046874999 0.79246165625 0.816139803125 0.8215376140625
1 0.7954542203125 0.8903590078124999 0.8090333453125 0.886386596875 0.789822184375 0.8576107328125 0.7762772140624999 0.8570258953125001 0.763727771875 0.8378148203125001 0.7936444203125 0.8064000546875001 0.7818331656249999 0.8024303171874999 0.7510411796875001 0.8352592953125001 0.7954542203125 0.8903590078124999
1 0.7767120078125 0.6500136484375 0.7777439671875 0.6512508140625 0.7960460625 0.6434685203125 0.833353734375 0.3120294234375 0.8162234703125 0.3167502578125 0.7767120078125 0.6500136484375
1 0.8366305281249999 0.3806640703125 0.821716675 0.38125820625 0.817070790625 0.40788372656250005 0.8334329515625001 0.4089260875 0.8366305281249999 0.3806640703125
1 0.738784115625 0.7951656125000001 0.7650900125 0.7876525078125 0.8153838640625001 0.3209100234375 0.7940900125 0.3272715140625 0.738784115625 0.7951656125000001
1 0.9118069343749999 0.757666109375 0.9147950437500001 0.74642065 0.655874365625 0.6115745484375 0.6578887546875001 0.6256249140625 0.9118069343749999 0.757666109375
1 0.76299054375 0.664187075 0.764652021875 0.6649017296874999 0.767364903125 0.65069825 0.47722261093749996 0.5054052546875 0.47354741562499997 0.5178629828125 0.76299054375 0.664187075
1 1 0.7837914625 0.9850846640625001 0.783266171875 0.9663040296875 0.75298713125 0.9095988531250001 0.76307450625 0.9079898312499999 0.773557803125 0.9593382968749999 0.76581846875 1 0.811392015625 1 0.7837914625
1 0.44597381093750005 0.5718772484375 0.4663032875 0.565215375 0.44667121875 0.5440450546875 0.428434525 0.5512688406249999 0.44597381093750005 0.5718772484375
1 0.514391803125 0.636128178125 0.5294804421875 0.6313999140625 0.5004320921875001 0.589864590625 0.4863080671875 0.599534884375 0.514391803125 0.636128178125
1 0.44708052499999995 0.48991630312499995 0.4440642515625 0.5019445671875 0.47313886250000003 0.516884671875 0.47704283593749996 0.50381930625 0.44708052499999995 0.48991630312499995
3 0.8286364734375 0.2895227796875 0.8324550265624999 0.3260020765625 0.8685094937500001 0.323893575 0.864690940625 0.2874142796875 0.8286364734375 0.2895227796875