4 0.39784584375 0.9746997125 0.409510690625 0.97701354375 0.465431490625 0.9740828578125 0.401500621875 0.961401578125 0.39784584375 0.9746997125
1 0.9219723828124999 0.6284302609375 0.9199042093750001 0.629758315625 0.9194511656250001 0.63140674375 0.9153166125000001 0.6340619234375 0.9148635687500001 0.63571035 0.9127971859375 0.6370374734375 0.9123441421875 0.6386859031250001 0.910277425 0.6400142453125001 0.909824715625 0.64166145625 0.901555271875 0.6469730296875 0.9011022265624999 0.6486214578125 0.8949009562500001 0.6526049781250001 0.893995203125 0.6559006171874999 0.8919284859375001 0.6572289578125 0.8914754421875 0.6588773875 0.8832063343750001 0.66418774375 0.8827532890625 0.6658361703125 0.880686571875 0.6671645125000001 0.87907144375 0.6668441374999999 0.8770050625 0.6681712609375 0.87655201875 0.669819690625 0.8724171281249999 0.6724760843750001 0.87080345625 0.6721559984375001 0.868737075 0.673483121875 0.8682840296875 0.6751315499999999 0.8662158578125 0.6764596046875 0.8657631484375001 0.678106815625 0.8616282578125001 0.6807632109374999 0.8602694609375 0.685707278125 0.858203078125 0.6870344046875 0.8568442812500001 0.691978471875 0.854777565625 0.6933068140625 0.8543245203125001 0.6949552421875 0.8501899671875 0.697610421875 0.8497369234375001 0.6992588484375 0.8476702078124999 0.7005871890625001 0.847217496875 0.7022344031250001 0.8451493250000001 0.7035624546875 0.8446962812500001 0.7052108828125 0.838495009375 0.7091944031249999 0.8368813375 0.7088743156249999 0.826545509375 0.7155130140625 0.8251867109375001 0.7204570828125 0.826347340625 0.722425596875 0.8254415875 0.7257212390625 0.8277643015624999 0.72965855625 0.848749325 0.7338211296875 0.86115186875 0.7258540921875001 0.8616049109375 0.7242056625 0.8678061843749999 0.7202221453125001 0.8682592281250001 0.718573715625 0.8765286703124999 0.71326214375 0.8769813796875001 0.71161493125 0.8852493671874999 0.7063030718750001 0.8857024109375 0.7046546421875 0.8877702484375 0.7033278078125 0.88822329375 0.7016793765625 0.8944245656250001 0.6976958578125 0.8948776078125 0.6960474296875 0.9031455953125 0.69073556875 0.9035983046875 0.689088359375 0.9118677500000001 0.683776784375 0.91232079375 0.68212835625 0.9164538921875 0.6794728906249999 0.9180690203124999 0.6797932656250001 0.9185220656249999 0.6781448375 0.9205887828125 0.676816496875 0.9210414921875 0.6751692859375 0.9231096640625 0.6738412312500001 0.9235627078125 0.672192803125 0.92769580625 0.6695373359375 0.9281488515625 0.6678889078125 0.9322834046875 0.6652337296875 0.9327364484375 0.6635853015625 0.9368710015625 0.6609301249999999 0.9373240468749999 0.6592816953125 0.9414586015624999 0.65662651875 0.9419116453124999 0.6549780890625 0.9438906140625001 0.653706625 0.960196440625 0.5943768656249999 0.9582175484375 0.595648046875 0.9577645046875001 0.597296475 0.9494950609374999 0.602608046875 0.9490420171875 0.604256475 0.9387061921875001 0.6108951734375 0.9382531484375001 0.6125436 0.932051878125 0.6165271203125 0.931146125 0.6198227609375 0.92701156875 0.6224779390624999 0.9265585250000001 0.624126365625 0.9224250921875001 0.62678305 0.9219723828124999 0.6284302609375
5 0 0.475093084375 0.09747734062499999 0.49442861718750003 0.1685888578125 0.23568495937499997 0.0495000859375 0.21206259843750003 0 0.3921717328125 0 0.475093084375
0 0.83474678125 0.5989627640624999 0.8363604546875001 0.5992828515624999 0.83752108125 0.6012513671875 0.8391362093750001 0.60157174375 0.8402968390625001 0.6035402578125 0.8419105124999999 0.6038603453125 0.8442335609375 0.6077964484375 0.8458486890625 0.6081168234375001 0.8470093171874999 0.610085340625 0.8615367390625 0.6129669875 0.8718728984374999 0.6063270734375 0.872325609375 0.6046798625 0.8764604968749999 0.6020234671875 0.8780741703125001 0.6023435546875 0.88014200625 0.60101671875 0.8828596015624999 0.59112858125 0.88169751875 0.5891597765625 0.8821505640625 0.5875113484375001 0.8809899343750001 0.58554283125 0.8793762609375 0.5852227453125 0.8782138421875001 0.5832551593749999 0.87337136875 0.582294609375 0.8722107390625 0.58032609375 0.8705956109375 0.5800057187500001 0.86827401875 0.576069903125 0.8505163421875 0.572547503125 0.848449959375 0.573874628125 0.847996915625 0.57552305625 0.8397289265625 0.5808349171875 0.8381137984375 0.5805145421875 0.8339792453125 0.5831697218749999 0.8312616500000001 0.5930578578125 0.8324237328124999 0.5950266609375 0.83403740625 0.59534675 0.8351994906250001 0.5973155515624999 0.83474678125 0.5989627640624999
0 0.5624304546875 0.598821865625 0.606014175 0.6074671 0.6458730140625 0.46243824218749996 0.60228929375 0.4537930078125 0.5624304546875 0.598821865625
0 0.3355233609375 0.458228384375 0.37749340937500003 0.46655353125000004 0.41735224843749996 0.3215246734375 0.3753822015625 0.3131995265625 0.3355233609375 0.458228384375
0 0.424768984375 0.5732524484375 0.4699663765625 0.5822177703125 0.5098248828124999 0.437190128125 0.46462748906250007 0.42822480625 0.424768984375 0.5732524484375
0 0.5649983671875 0.5089604765625 0.5230283203125 0.500635328125 0.51261065 0.5385406671874999 0.5513518953125 0.546225353125 0.5534186125 0.5448970125 0.555033740625 0.5452173874999999 0.5649983671875 0.5089604765625
0 0.9646921484375 0.21285790468750002 0.992123234375 0.2182991140625 0.9933298718750001 0.17682967031250002 0.9755625296874999 0.173305353125 0.9646921484375 0.21285790468750002
5 0.826194246875 0.023104598437500002 0.8223993765625 0.036912468749999996 0.88858179375 0.050040364062499995 0.8923766640625 0.03623249375 0.826194246875 0.023104598437500002
3 0.9643306265625 0.28230255625 0.990112121875 0.2874165546875 0.991519878125 0.23903511093750002 0.9770128484375 0.2361575078125 0.9643306265625 0.28230255625
1 0.9362582640625 0.4835436546875 0.9507856875 0.486425303125 0.952853859375 0.4850972484375 0.95608120625 0.485737421875 0.9581493765625 0.4844093703125 0.9597630484374999 0.48472945625 0.960215759375 0.4830822453125 0.9643506484375 0.48042585000000004 0.9648033578125 0.47877863906250007 0.9668700749999999 0.47745029843750003 0.967775828125 0.4741546578125 0.9698439999999999 0.47282660468750004 0.9716558421875 0.46623410625000006 0.9737225578125001 0.464905765625 0.9741752671875 0.463258553125 0.9783101578125001 0.46060215937500004 0.9787628671874999 0.45895494687499994 0.9852419703124999 0.4547927921875 0.986288225 0.41883535937499994 0.96573279375 0.432039328125 0.964119121875 0.4317192421875 0.9455153062500001 0.4436697984375 0.9446092187499999 0.44696665468749996 0.9425413828125 0.4482934921875 0.9348413062500001 0.4763106921875 0.9360033890624999 0.4782794984375 0.9355506796874999 0.47992670937500004 0.9367113093749999 0.48189522343749996 0.9362582640625 0.4835436546875
0 0.5984874640625 0.6720138812500001 0.6001011390625 0.6723339687500001 0.602169309375 0.671005915625 0.6094163406249999 0.6446371421875 0.57228876875 0.6372725453125 0.5636829390625 0.6685853859375 0.5927392375 0.6743489734375 0.5948056203125 0.673021846875 0.596420746875 0.6733422234375 0.5984874640625 0.6720138812500001
5 0.1056721 0.9167443453124999 0.1745501609375 0.66612725625 0.1341952390625 0.6581224859375 0.0653171796875 0.9087395734375001 0.1056721 0.9167443453124999
3 0.24004979375 0.6321960437499999 0.32883090625 0.6498066 0.3401543296875 0.6086056203125 0.2513732171875 0.5909950640625 0.24004979375 0.6321960437499999
4 0.14891448125 0.31346293593749996 0.1500765640625 0.315431740625 0.149623521875 0.31708016875 0.147555684375 0.3184070046875 0.1330616203125 0.3711445515625 0.24928535937500002 0.39419860624999997 0.2741967578125 0.3035569375 0.1644306203125 0.2817838078125 0.1602960671875 0.2844389859375 0.1579730203125 0.2805028828125 0.15253782968750002 0.30027915781250003 0.15370024843750002 0.3022467453125 0.15279415937500002 0.305543603125 0.1507259890625 0.3068716546875 0.14891448125 0.31346293593749996
0 0.7515193874999999 0.3443627359375 0.8241594062500001 0.35877155625 0.87896501875 0.159357940625 0.806325 0.1449491203125 0.7515193874999999 0.3443627359375
5 0.3359082328125 0.3453412796875 0.3379760703125 0.34401444375 0.343864303125 0.3225897390625 0.26638181250000004 0.30722036875000003 0.2260702625 0.4538964390625 0.3035527546875 0.46926580937500006 0.33661727343750003 0.3489585125 0.3354551890625 0.346989709375 0.3359082328125 0.3453412796875
0 0.2745264875 0.7606871671875 0.3148814078125 0.7686919375000001 0.3221284390625 0.742323165625 0.28177352031249997 0.73431839375 0.2745264875 0.7606871671875
5 0.8821205296875 0.2903264046875 0.8809599015625 0.288357890625 0.8886599765625001 0.2603406890625 0.8907263593750001 0.25901356249999996 0.898426434375 0.2309963625 0.8972658062500001 0.2290278484375 0.9022479515624999 0.2109 0.9043146671875 0.20957165781249998 0.9047677125 0.2079232296875 0.9068355499999999 0.20659639375 0.9177062640625 0.1670426265625 0.828923696875 0.1494317828125 0.69168314375 0.6487900343749999 0.7804657125000001 0.6664008781249999 0.8823768609375 0.2955908484375 0.8812147765624999 0.29362204687500004 0.8821205296875 0.2903264046875