2 0.59550126875 0.7207992828124999 0.61273286875 0.6968387093749999 0.576681471875 0.617936678125 0.5553229703125 0.61447311875 0.59550126875 0.7207992828124999
3 0.6471541875 0.6960991640625 0.598861040625 0.6960991640625 0.598861040625 0.789898446875 0.6471541875 0.789898446875 0.6471541875 0.6960991640625
1 0.7655666250000001 0.5850943843749999 0.7668648484375 0.6218865 0.8218534265624999 0.6206164875 0.8204631984375 0.578801671875 0.7655666250000001 0.5850943843749999
2 0.256483503125 0.4871816015625 0.24098794375 0.49950776562500004 0.24396890937500001 0.6054946234374999 0.25809708124999997 0.6227419359375 0.83220621875 0.6444420546875 0.8308565984375 0.6143333328125 0.2627392125 0.5968446828125 0.2550190359375 0.5903632015625 0.256483503125 0.4871816015625
1 0.44441180156250004 0.7074743125 0.3769130703125 0.7072234171875 0.377441625 0.7457299875000001 0.44441180156250004 0.751608125 0.44441180156250004 0.7074743125
1 0.2444765234375 0.36214575937500004 0.24580774062500002 0.41758064531250005 0.9075348984374999 0.431326165625 0.906873096875 0.37220549531249997 0.2444765234375 0.36214575937500004
1 0.8425964468749999 0.4459796890625 0.81242956875 0.452770609375 0.8139765234375 0.49076105156249994 0.83768210625 0.49140740781250003 0.8364638328125 0.5068291515625 0.837059009375 0.5233130234375001 0.8755285531249999 0.52264635625 0.8755285531249999 0.500168459375 0.8473032999999999 0.46068578281250006 0.8425964468749999 0.4459796890625
1 0.7370463203125001 0.8141529265624999 0.57325 0.99654121875 0.5964961921875 0.99880525625 0.8372277921875 0.741523296875 0.8372277921875 0.7026439671875 0.7774092640625 0.7744719234375 0.7774092640625 0.74335364375 0.7370463203125001 0.78175985625 0.7370463203125001 0.8141529265624999
1 0.7487068531250001 0.8807586625000001 0.6989378171875 0.891297490625 0.69866878125 0.9174121859375 0.7003515234375 0.9345710875 0.75233121875 0.9342771796875 0.7487068531250001 0.8807586625000001
1 0.533638325 0.7673918750000001 0.5342309640625 0.8089749109375 0.580942259375 0.8053333328125 0.5809835031249999 0.7684014343750001 0.533638325 0.7673918750000001
1 0.5301884515624999 0.6689092 0.5137950499999999 0.6715029875 0.502891496875 0.786657109375 0.507638959375 0.9621397843749999 0.5383654828125 0.940816009375 0.5301884515624999 0.6689092
1 0.46687373125000003 0.7220597375 0.46773794375 0.7618040625 0.506680203125 0.7585961765625 0.5072417515625001 0.7198434890625001 0.46687373125000003 0.7220597375
1 0.5172093906249999 0.99880525625 0.5550558375 0.99880525625 0.5564384515625 0.9863416968750001 0.2484803296875 0.668860215625 0.24533312187499998 0.717853046875 0.5172093906249999 0.99880525625
3 0.8671878171875 0.5671875749999999 0.8671878171875 0.6390621265624999 0.9078121828124999 0.6390621265624999 0.9078121828124999 0.5671875749999999 0.8671878171875 0.5671875749999999
4 0.3 0.46562485000000003 0.3 0.40781242500000003 0.26875 0.40781242500000003 0.26875 0.46718757499999997 0.2984378171875 0.46718757499999997 0.3 0.46562485000000003
4 0.4546878171875 0.6296869765625 0.45625 0.6281254484375001 0.4234378171875 0.6281254484375001 0.4234378171875 0.6796869765625 0.428125 0.6843751499999999 0.4546878171875 0.6843751499999999 0.4546878171875 0.6796869765625 0.45625 0.6781254484375 0.45625 0.6734372765625001 0.4546878171875 0.6718745515625 0.4546878171875 0.6296869765625
4 0.7984371828125 0.6703130234375 0.7984371828125 0.7265627234375 0.8 0.7265627234375 0.8015628171875001 0.7281254484375 0.8265628171875001 0.7281254484375 0.828125 0.7265627234375 0.8296871828124999 0.7265627234375 0.8296871828124999 0.6703130234375 0.7984371828125 0.6703130234375
4 0.3 0.5515627234375 0.3 0.5468745515625 0.3015628171875 0.5453130234375 0.3015628171875 0.5359378734375 0.3 0.53437515 0.2671878171875 0.53437515 0.2671878171875 0.5937502984374999 0.3015628171875 0.5937502984374999 0.3015628171875 0.575 0.3 0.5734372765625 0.3 0.5671875749999999 0.2984378171875 0.5656248500000001 0.2984378171875 0.5531254484375 0.3 0.5515627234375
0 0.3734378171875 0.675 0.3734378171875 0.7109378734375 0.4171878171875 0.7109378734375 0.4171878171875 0.675 0.3734378171875 0.675
4 0.90625 0.632812425 0.90625 0.6906248500000001 0.934375 0.6906248500000001 0.934375 0.632812425 0.90625 0.632812425
0 0.2234378171875 0.725 0.2234378171875 0.687500596875 0.1828128171875 0.687500596875 0.1828128171875 0.7265627234375 0.221875 0.7265627234375 0.2234378171875 0.725
0 0.8921871828124999 0.74062485 0.9296878171875 0.74062485 0.93125 0.7390621265624999 0.93125 0.7296869765625 0.9296878171875 0.7281254484375 0.9296878171875 0.7062497015625 0.8921871828124999 0.7062497015625 0.8921871828124999 0.74062485
1 0.3203128171875 0.66562485 0.321875 0.667187575 0.3234371828125 0.667187575 0.325 0.6687502984375 0.3265628171875 0.6687502984375 0.328125 0.6703130234375 0.3296878171875 0.6703130234375 0.3328121828125 0.6734372765625001 0.334375 0.6734372765625001 0.3359378171875 0.675 0.3375 0.675 0.340625 0.6781254484375 0.3484371828125 0.6781254484375 0.35 0.6796869765625 0.3578128171875 0.6796869765625 0.359375 0.6812497015625001 0.3609378171875 0.6812497015625001 0.3640621828125 0.6843751499999999 0.3640621828125 0.6859378734375 0.3671878171875 0.6859378734375 0.3734378171875 0.6796869765625 0.3734378171875 0.6765627234375 0.378125 0.6718745515625 0.378125 0.6531254484375 0.375 0.65 0.375 0.6484372765625 0.3734378171875 0.6468745515625 0.3734378171875 0.6453130234375 0.371875 0.6453130234375 0.3703128171875 0.6437502984375 0.365625 0.6437502984375 0.3640621828125 0.642187575 0.35625 0.642187575 0.3546878171875 0.64062485 0.3515628171875 0.64062485 0.35 0.6390621265624999 0.3484371828125 0.6390621265624999 0.346875 0.637500596875 0.34375 0.637500596875 0.3421878171875 0.6359378734375001 0.3390628171875 0.6359378734375001 0.3375 0.63437515 0.3375 0.632812425 0.33125 0.6265627234375 0.33125 0.6234372765625 0.3296878171875 0.6218745515624999 0.3296878171875 0.6203130234375 0.328125 0.6187502984375 0.3265628171875 0.6187502984375 0.325 0.617187575 0.3234371828125 0.617187575 0.321875 0.61562485 0.3 0.61562485 0.3 0.6687502984375 0.303125 0.6687502984375 0.309375 0.662500596875 0.3109371828125 0.662500596875 0.3125 0.6640621265625 0.315625 0.6640621265625 0.3171878171875 0.66562485 0.3203128171875 0.66562485
0 0.44375 0.37812544843749996 0.484375 0.37812544843749996 0.4859378171875 0.3765627234375 0.4859378171875 0.3359378734375 0.4421871828125 0.3359378734375 0.4421871828125 0.3765627234375 0.44375 0.37812544843749996
1 0.646875 0.512500596875 0.640625 0.512500596875 0.6359378171875 0.507812425 0.6359378171875 0.54062485 0.6375 0.54062485 0.6390621828125 0.5390621265625 0.6484378171875 0.5390621265625 0.65 0.54062485 0.653125 0.54062485 0.6546871828125 0.542187575 0.6609378171875 0.542187575 0.6625 0.5437502984375 0.6671878171875 0.5437502984375 0.66875 0.542187575 0.684375 0.542187575 0.6859378171875 0.5437502984375 0.6921878171875 0.5437502984375 0.69375 0.542187575 0.703125 0.542187575 0.7046871828125 0.5437502984375 0.7125 0.5437502984375 0.7140628171875 0.5453130234375 0.7171878171875 0.5453130234375 0.71875 0.5437502984375 0.728125 0.5437502984375 0.7296878171875 0.5453130234375 0.740625 0.5453130234375 0.7421878171875 0.5437502984375 0.7484378171875 0.5437502984375 0.75 0.5453130234375 0.7734378171875 0.5453130234375 0.775 0.5437502984375 0.8 0.5437502984375 0.8015628171875001 0.5453130234375 0.8109378171875001 0.5453130234375 0.8125 0.5468745515625 0.8296871828124999 0.5468745515625 0.83125 0.5453130234375 0.8328128171875001 0.5453130234375 0.8375 0.54062485 0.8375 0.5234372765625 0.8390628171875001 0.5218745515625 0.8390628171875001 0.5203130234375 0.8375 0.5187502984375 0.8375 0.51562485 0.834375 0.512500596875 0.834375 0.5109378734375001 0.828125 0.5109378734375001 0.8265628171875001 0.50937515 0.825 0.50937515 0.8234378171875001 0.507812425 0.821875 0.507812425 0.815625 0.5015627234375 0.815625 0.5 0.8140621828124999 0.49843727656250003 0.8125 0.49843727656250003 0.809375 0.4953130234375 0.8078128171875001 0.4953130234375 0.80625 0.49375029843749996 0.8046878171875 0.49375029843749996 0.803125 0.492187575 0.7421878171875 0.492187575 0.740625 0.49375029843749996 0.7359371828125 0.49375029843749996 0.734375 0.4953130234375 0.728125 0.4953130234375 0.7265628171875 0.4968745515625 0.721875 0.4968745515625 0.7203121828125 0.4953130234375 0.7140628171875 0.4953130234375 0.7125 0.49375029843749996 0.70625 0.49375029843749996 0.7046871828125 0.492187575 0.659375 0.492187575 0.65625 0.4953130234375 0.65625 0.5015627234375 0.6546871828125 0.5031254484375001 0.6546871828125 0.5062497015625 0.65 0.5109378734375001 0.6484378171875 0.5109378734375001 0.646875 0.512500596875
0 0.8421878171875001 0.3812497015625 0.8421878171875001 0.34218757499999997 0.7984371828125 0.34218757499999997 0.7984371828125 0.382812425 0.840625 0.382812425 0.8421878171875001 0.3812497015625
1 0.85 0.457812425 0.8515628171875 0.45937514999999995 0.853125 0.45937514999999995 0.8625 0.46875029843749993 0.8625 0.475 0.8640628171875001 0.47656272343749995 0.8640628171875001 0.47812544843750004 0.86875 0.482812425 0.86875 0.48593787343750006 0.8703128171875001 0.487500596875 0.8703128171875001 0.4890621265625 0.8734378171875001 0.492187575 0.8734378171875001 0.49375029843749996 0.875 0.4953130234375 0.875 0.50937515 0.8765621828124999 0.5109378734375001 0.8765621828124999 0.5140621265624999 0.8796878171875001 0.517187575 0.8828128171875 0.517187575 0.884375 0.5187502984375 0.9015628171875001 0.5187502984375 0.903125 0.517187575 0.903125 0.5 0.9015628171875001 0.49843727656250003 0.9015628171875001 0.4968745515625 0.9 0.4953130234375 0.8984378171875 0.4953130234375 0.896875 0.49375029843749996 0.8953128171875001 0.49375029843749996 0.8859378171875001 0.48437515 0.8859378171875001 0.4812497015625 0.88125 0.47656272343749995 0.88125 0.475 0.8796878171875001 0.4734372765625 0.8796878171875001 0.47031302343750003 0.8734378171875001 0.46406212656249995 0.8734378171875001 0.45937514999999995 0.871875 0.457812425 0.871875 0.4546869765625 0.86875 0.4515627234375 0.86875 0.45 0.8671878171875 0.44843727656250004 0.8671878171875 0.4453130234375 0.865625 0.44375029843749997 0.865625 0.44062485 0.8640628171875001 0.4390621265625 0.8640628171875001 0.43437515 0.8625 0.432812425 0.8625 0.4281254484375 0.8390628171875001 0.4281254484375 0.8390628171875001 0.45937514999999995 0.840625 0.45937514999999995 0.8421878171875001 0.457812425 0.84375 0.457812425 0.8453121828124999 0.45624970156250005 0.846875 0.45624970156250005 0.8484378171875001 0.457812425 0.85 0.457812425
0 0.19375 0.3515627234375 0.19375 0.39062484999999997 0.234375 0.39062484999999997 0.234375 0.3515627234375 0.19375 0.3515627234375
4 0.575 0.4281254484375 0.575 0.487500596875 0.5828121828125 0.487500596875 0.584375 0.48593787343750006 0.596875 0.48593787343750006 0.5984371828125 0.487500596875 0.60625 0.487500596875 0.60625 0.4281254484375 0.575 0.4281254484375
0 0.9671878171875001 0.54062485 0.9671878171875001 0.5015627234375 0.928125 0.5015627234375 0.928125 0.542187575 0.965625 0.542187575 0.9671878171875001 0.54062485
1 0.634375 0.89062485 0.634375 0.892187575 0.6296871828125 0.8968745515625001 0.6296871828125 0.8984372765625 0.628125 0.9 0.6265628171875 0.9 0.625 0.9015627234375 0.6234371828125 0.9015627234375 0.6140621828125 0.9109378734375 0.6140621828125 0.912500596875 0.6125 0.9140621265625001 0.6125 0.91562485 0.609375 0.9187502984375 0.609375 0.9203130234374999 0.6078121828125 0.9218745515625001 0.6078121828125 0.9265627234375 0.603125 0.9312497015625001 0.603125 0.9328124250000001 0.6 0.9359378734374999 0.6 0.9375005968749999 0.5921878171875 0.9453130234374999 0.5921878171875 0.9468745515625001 0.584375 0.9546869765625001 0.584375 0.9562497015625 0.5765628171875 0.9640621265625 0.575 0.9640621265625 0.5734378171875 0.96562485 0.571875 0.96562485 0.5703128171875 0.967187575 0.56875 0.967187575 0.565625 0.9703130234374999 0.5640628171875 0.9703130234374999 0.5640628171875 0.9984372765625 0.6 0.9984372765625 0.6 0.9953130234374999 0.603125 0.992187575 0.603125 0.99062485 0.6046878171875 0.9890621265625 0.6046878171875 0.9875005968749999 0.60625 0.9859378734375 0.60625 0.98437515 0.6078121828125 0.982812425 0.6078121828125 0.9812497015625 0.609375 0.9796869765625 0.609375 0.9781254484374999 0.6109378171875 0.9765627234375 0.6109378171875 0.975 0.6125 0.9734372765625 0.6125 0.9718745515625 0.6421878171875 0.9421875749999999 0.6421878171875 0.9406248500000001 0.6484378171875 0.9343751499999999 0.6484378171875 0.9328124250000001 0.6515628171875 0.9296869765625001 0.653125 0.9296869765625001 0.6546871828125 0.9281254484374999 0.6546871828125 0.9265627234375 0.659375 0.9218745515625001 0.659375 0.9203130234374999 0.6609378171875 0.9187502984375 0.6609378171875 0.91562485 0.6625 0.9140621265625001 0.6625 0.912500596875 0.665625 0.90937515 0.665625 0.907812425 0.6671878171875 0.9062497015625001 0.6671878171875 0.9046869765625001 0.6703128171875 0.9015627234375 0.6703128171875 0.857812425 0.659375 0.857812425 0.659375 0.8640621265625 0.6578121828125 0.86562485 0.6578121828125 0.867187575 0.6546871828125 0.8703130234374999 0.6546871828125 0.8718745515625 0.64375 0.882812425 0.6421878171875 0.882812425 0.634375 0.89062485
1 0.246875 0.475 0.246875 0.5265627234375 0.3140628171875 0.5265627234375 0.3140628171875 0.475 0.246875 0.475
1 0.7453128171875 0.6937502984374999 0.746875 0.6953130234375 0.7484378171875 0.6953130234375 0.75 0.6968745515625 0.7515621828125 0.6968745515625 0.753125 0.6984372765625 0.7546878171875 0.6984372765625 0.75625 0.7 0.7578128171875 0.7 0.759375 0.7015627234374999 0.765625 0.7015627234374999 0.76875 0.6984372765625 0.7703128171875 0.6984372765625 0.775 0.6937502984374999 0.7765628171875 0.6937502984374999 0.778125 0.6921875749999999 0.7796878171875 0.6921875749999999 0.7859378171875 0.6859378734375 0.7875 0.6859378734375 0.7890628171875 0.6843751499999999 0.7890628171875 0.6687502984375 0.7875 0.667187575 0.7875 0.6640621265625 0.7859378171875 0.662500596875 0.7859378171875 0.6484372765625 0.784375 0.6468745515625 0.784375 0.6453130234375 0.7765628171875 0.6453130234375 0.7703128171875 0.6515627234375 0.7703128171875 0.6531254484375 0.76875 0.6546869765625 0.7671871828125 0.6546869765625 0.7640628171875 0.657812425 0.7578128171875 0.657812425 0.75625 0.6562497015625001 0.7515621828125 0.6562497015625001 0.75 0.6546869765625 0.746875 0.6546869765625 0.74375 0.6515627234375 0.7421878171875 0.6515627234375 0.7359371828125 0.6453130234375 0.725 0.6453130234375 0.725 0.6859378734375 0.728125 0.6859378734375 0.7328128171875 0.6906248500000001 0.734375 0.6906248500000001 0.7359371828125 0.6921875749999999 0.740625 0.6921875749999999 0.7421878171875 0.6937502984374999 0.7453128171875 0.6937502984374999
0 0.6921878171875 0.8296869765625001 0.7296878171875 0.8296869765625001 0.73125 0.8281254484374999 0.73125 0.8265627234374999 0.7328128171875 0.825 0.7328128171875 0.79062485 0.6921878171875 0.79062485 0.6921878171875 0.8296869765625001
1 0.646875 0.53437515 0.65 0.53437515 0.6515628171875 0.5359378734375 0.653125 0.5359378734375 0.6609378171875 0.5437502984375 0.6609378171875 0.5453130234375 0.6625 0.5468745515625 0.6625 0.5484372765625001 0.6640628171875 0.55 0.6640628171875 0.5515627234375 0.6671878171875 0.5546869765625 0.6671878171875 0.5562497015625001 0.66875 0.5578124250000001 0.66875 0.5609378734375 0.6703128171875 0.562500596875 0.6703128171875 0.5640621265625 0.6734371828125 0.5671875749999999 0.6734371828125 0.5687502984374999 0.675 0.5703130234375 0.675 0.5718745515625 0.678125 0.575 0.678125 0.5765627234374999 0.6796878171875 0.5781254484375 0.6796878171875 0.5796869765625 0.68125 0.5812497015625 0.68125 0.58437515 0.6859378171875 0.5890621265625 0.6859378171875 0.592187575 0.6875 0.5937502984374999 0.6875 0.5968745515625 0.6890621828125 0.5984372765625 0.6890621828125 0.6 0.690625 0.6015627234375 0.690625 0.6031254484375 0.6921878171875 0.6046869765625 0.6921878171875 0.607812425 0.69375 0.60937515 0.69375 0.6140621265624999 0.6953128171875 0.61562485 0.6953128171875 0.617187575 0.696875 0.617187575 0.703125 0.6234372765625 0.7125 0.6234372765625 0.7203121828125 0.61562485 0.7203121828125 0.592187575 0.71875 0.59062485 0.71875 0.587500596875 0.7171878171875 0.5859378734375 0.7171878171875 0.582812425 0.7140628171875 0.5796869765625 0.7140628171875 0.5781254484375 0.7125 0.5765627234374999 0.7125 0.575 0.7109378171875 0.5734372765625 0.7109378171875 0.5703130234375 0.709375 0.5687502984374999 0.709375 0.5671875749999999 0.70625 0.5640621265625 0.70625 0.562500596875 0.7046871828125 0.5609378734375 0.7046871828125 0.5593751499999999 0.6984378171875 0.5531254484375 0.6984378171875 0.5515627234375 0.696875 0.55 0.6953128171875 0.55 0.69375 0.5484372765625001 0.6921878171875 0.5484372765625001 0.6859378171875 0.542187575 0.684375 0.542187575 0.68125 0.5390621265625 0.68125 0.53437515 0.6796878171875 0.532812425 0.6796878171875 0.5281254484375 0.678125 0.5265627234375 0.678125 0.5234372765625 0.675 0.5203130234375 0.675 0.5187502984375 0.671875 0.51562485 0.671875 0.5140621265624999 0.66875 0.5109378734375001 0.66875 0.507812425 0.6671878171875 0.5062497015625 0.6671878171875 0.5046869765625 0.665625 0.5031254484375001 0.665625 0.5015627234375 0.6640628171875 0.5 0.6515628171875 0.512500596875 0.6515628171875 0.5140621265624999 0.65 0.51562485 0.65 0.5187502984375 0.6484378171875 0.5203130234375 0.6484378171875 0.5265627234375 0.646875 0.5281254484375 0.646875 0.53437515
5 0.890625 0.7390621265624999 0.890625 0.832812425 0.996875 0.832812425 0.996875 0.7390621265624999 0.890625 0.7390621265624999
1 0.1890628171875 0.4812497015625 0.1875 0.482812425 0.1875 0.48437515 0.1765628171875 0.4953130234375 0.1765628171875 0.4968745515625 0.175 0.49843727656250003 0.175 0.5 0.1671878171875 0.507812425 0.165625 0.507812425 0.1640628171875 0.50937515 0.1640628171875 0.5109378734375001 0.1625 0.512500596875 0.1625 0.5140621265624999 0.1578121828125 0.5187502984375 0.153125 0.5187502984375 0.1515621828125 0.5203130234375 0.1515621828125 0.562500596875 0.153125 0.5609378734375 0.1546878171875 0.5609378734375 0.15625 0.5593751499999999 0.159375 0.5593751499999999 0.1640628171875 0.5640621265625 0.1765628171875 0.5640621265625 0.178125 0.562500596875 0.1828128171875 0.562500596875 0.1859371828125 0.5593751499999999 0.1859371828125 0.5578124250000001 0.1890628171875 0.5546869765625 0.1890628171875 0.5531254484375 0.1921878171875 0.55 0.1921878171875 0.5468745515625 0.1984378171875 0.54062485 0.1984378171875 0.5390621265625 0.2046878171875 0.532812425 0.2046878171875 0.5296869765625 0.20625 0.5281254484375 0.20625 0.5203130234375 0.2078128171875 0.5187502984375 0.2078128171875 0.46406212656249995 0.2 0.46406212656249995 0.1984378171875 0.46562485000000003 0.1984378171875 0.46718757499999997 0.19375 0.47187455156249997 0.19375 0.4734372765625 0.1921878171875 0.475 0.1921878171875 0.47656272343749995 0.1890628171875 0.4796869765625 0.1890628171875 0.4812497015625
1 0.4984378171875 0.53437515 0.4984378171875 0.475 0.3171878171875 0.475 0.3171878171875 0.5296869765625 0.3296878171875 0.5296869765625 0.33125 0.5312497015625001 0.365625 0.5312497015625001 0.3671878171875 0.532812425 0.396875 0.532812425 0.3984378171875 0.53437515 0.4984378171875 0.53437515
1 0.540625 0.5390621265625 0.5421878171875 0.54062485 0.634375 0.54062485 0.634375 0.4890621265625 0.4796878171875 0.4890621265625 0.4796878171875 0.537500596875 0.4890621828125 0.537500596875 0.490625 0.5359378734375 0.496875 0.5359378734375 0.4984378171875 0.537500596875 0.5296878171875 0.537500596875 0.53125 0.5390621265625 0.540625 0.5390621265625
4 0.7125 0.712500596875 0.7109378171875 0.7109378734375 0.6859378171875 0.7109378734375 0.6859378171875 0.7609378734375001 0.709375 0.7609378734375001 0.7125 0.757812425 0.7125 0.7562497015625 0.7140628171875 0.7546869765625 0.7140628171875 0.7218745515625 0.7125 0.7203130234375 0.7125 0.712500596875
3 0.39375 0.5968745515625 0.39375 0.6312497015625 0.43125 0.6312497015625 0.43125 0.5968745515625 0.39375 0.5968745515625
3 0.2671878171875 0.40312544843750003 0.2265628171875 0.40312544843750003 0.2265628171875 0.49375029843749996 0.2609378171875 0.49375029843749996 0.2625 0.492187575 0.2640621828125 0.492187575 0.265625 0.49062485 0.2671878171875 0.492187575 0.2671878171875 0.40312544843750003
1 0.1796878171875 0.5265627234375 0.18125 0.5281254484375 0.1828128171875 0.5281254484375 0.184375 0.5296869765625 0.1859371828125 0.5296869765625 0.1875 0.5312497015625001 0.1890628171875 0.5312497015625001 0.1921878171875 0.53437515 0.1859371828125 0.54062485 0.1859371828125 0.5453130234375 0.1828128171875 0.5484372765625001 0.18125 0.5484372765625001 0.1796878171875 0.55 0.178125 0.55 0.1765628171875 0.5515627234375 0.1765628171875 0.5531254484375 0.18125 0.5578124250000001 0.18125 0.5593751499999999 0.1828128171875 0.5609378734375 0.1828128171875 0.5718745515625 0.18125 0.5734372765625 0.18125 0.575 0.1796878171875 0.5765627234374999 0.1796878171875 0.582812425 0.178125 0.58437515 0.178125 0.5859378734375 0.1765628171875 0.587500596875 0.1765628171875 0.5953130234375 0.175 0.5968745515625 0.175 0.6562497015625001 0.1765628171875 0.657812425 0.178125 0.657812425 0.18125 0.6609378734375 0.1828128171875 0.6609378734375 0.184375 0.662500596875 0.1875 0.662500596875 0.1890628171875 0.6640621265625 0.190625 0.6640621265625 0.1921878171875 0.662500596875 0.1953128171875 0.662500596875 0.196875 0.6609378734375 0.1984378171875 0.6609378734375 0.2 0.65937515 0.2 0.657812425 0.2046878171875 0.6531254484375 0.2046878171875 0.6484372765625 0.20625 0.6468745515625 0.20625 0.6437502984375 0.2078128171875 0.642187575 0.2078128171875 0.64062485 0.209375 0.6390621265624999 0.209375 0.6312497015625 0.2078128171875 0.6296869765625 0.2078128171875 0.6203130234375 0.20625 0.6187502984375 0.20625 0.59062485 0.2078128171875 0.5890621265625 0.2078128171875 0.5703130234375 0.209375 0.5687502984374999 0.209375 0.562500596875 0.2109378171875 0.5609378734375 0.2109378171875 0.537500596875 0.209375 0.5359378734375 0.209375 0.53437515 0.2078128171875 0.532812425 0.2078128171875 0.5312497015625001 0.20625 0.5296869765625 0.20625 0.512500596875 0.1890628171875 0.512500596875 0.1875 0.5140621265624999 0.1875 0.517187575 0.184375 0.5203130234375 0.184375 0.5218745515625 0.1828128171875 0.5234372765625 0.1828128171875 0.525 0.18125 0.5265627234375 0.1796878171875 0.5265627234375
1 0.634375 0.65 0.634375 0.6515627234375 0.6375 0.6546869765625 0.6375 0.6562497015625001 0.646875 0.66562485 0.6484378171875 0.66562485 0.6515628171875 0.6687502984375 0.653125 0.6687502984375 0.65625 0.6718745515625 0.659375 0.6718745515625 0.659375 0.66562485 0.6625 0.662500596875 0.665625 0.662500596875 0.66875 0.66562485 0.6703128171875 0.66562485 0.675 0.6703130234375 0.675 0.6718745515625 0.6953128171875 0.6921875749999999 0.6984378171875 0.6921875749999999 0.7015628171875 0.6953130234375 0.7078128171875 0.6953130234375 0.709375 0.6937502984374999 0.709375 0.6921875749999999 0.7109378171875 0.6906248500000001 0.7109378171875 0.687500596875 0.7140628171875 0.6843751499999999 0.71875 0.6843751499999999 0.7203121828125 0.6859378734375 0.7234378171875 0.6859378734375 0.7234378171875 0.6703130234375 0.7125 0.6703130234375 0.7109378171875 0.6687502984375 0.709375 0.6687502984375 0.703125 0.662500596875 0.7015628171875 0.662500596875 0.6984378171875 0.65937515 0.6984378171875 0.657812425 0.696875 0.6562497015625001 0.696875 0.6531254484375 0.6953128171875 0.6515627234375 0.69375 0.6515627234375 0.6921878171875 0.65 0.690625 0.65 0.6875 0.6468745515625 0.6875 0.6453130234375 0.6859378171875 0.6437502984375 0.6859378171875 0.64062485 0.684375 0.6390621265624999 0.684375 0.637500596875 0.6828128171875 0.637500596875 0.68125 0.6359378734375001 0.6796878171875 0.6359378734375001 0.678125 0.63437515 0.6671878171875 0.63437515 0.665625 0.632812425 0.65625 0.632812425 0.6546871828125 0.6312497015625 0.640625 0.6312497015625 0.6390621828125 0.6296869765625 0.63125 0.6296869765625 0.6296871828125 0.6312497015625 0.6265628171875 0.6312497015625 0.6234371828125 0.63437515 0.6265628171875 0.637500596875 0.6265628171875 0.6390621265624999 0.63125 0.6437502984375 0.63125 0.6468745515625 0.634375 0.65
1 0.234375 0.592187575 0.2359378171875 0.59062485 0.2375 0.59062485 0.2390628171875 0.5890621265625 0.246875 0.5890621265625 0.2484371828125 0.587500596875 0.25 0.587500596875 0.25 0.5062497015625 0.2265628171875 0.5062497015625 0.2265628171875 0.507812425 0.225 0.50937515 0.225 0.5109378734375001 0.2234378171875 0.512500596875 0.2234378171875 0.5218745515625 0.221875 0.5234372765625 0.221875 0.592187575 0.234375 0.592187575
1 0.521875 0.63437515 0.51875 0.637500596875 0.51875 0.6390621265624999 0.5171878171875 0.64062485 0.5171878171875 0.642187575 0.5125 0.6468745515625 0.5125 0.6484372765625 0.4984378171875 0.662500596875 0.496875 0.662500596875 0.484375 0.675 0.4828128171875 0.675 0.478125 0.6796869765625 0.4765628171875 0.6796869765625 0.475 0.6812497015625001 0.4734371828125 0.6812497015625001 0.465625 0.6890621265625 0.465625 0.7140621265625 0.46875 0.7109378734375 0.4703128171875 0.7109378734375 0.4796878171875 0.7015627234374999 0.4796878171875 0.7 0.484375 0.6953130234375 0.4859378171875 0.6953130234375 0.4890621828125 0.6921875749999999 0.4921878171875 0.6921875749999999 0.4953128171875 0.6890621265625 0.496875 0.6890621265625 0.4984378171875 0.687500596875 0.5 0.687500596875 0.5015628171875 0.6859378734375 0.5046871828125 0.6859378734375 0.50625 0.6843751499999999 0.509375 0.6843751499999999 0.5109378171875 0.6859378734375 0.5125 0.6859378734375 0.5140628171875 0.687500596875 0.5140628171875 0.6890621265625 0.515625 0.6906248500000001 0.5171878171875 0.6906248500000001 0.51875 0.6921875749999999 0.521875 0.6921875749999999 0.5390628171875 0.675 0.540625 0.675 0.5421878171875 0.6765627234375 0.5453128171875 0.6765627234375 0.546875 0.6781254484375 0.553125 0.6781254484375 0.55625 0.6812497015625001 0.55625 0.6843751499999999 0.5578128171875 0.6859378734375 0.5578128171875 0.6890621265625 0.5625 0.6937502984374999 0.5625 0.6953130234375 0.565625 0.6984372765625 0.5671871828125 0.6984372765625 0.5734378171875 0.7046869765625 0.5734378171875 0.7062497015625 0.575 0.707812425 0.575 0.717187575 0.5765628171875 0.7187502984374999 0.578125 0.7187502984374999 0.578125 0.717187575 0.5796878171875 0.71562485 0.5796878171875 0.7140621265625 0.584375 0.70937515 0.584375 0.7015627234374999 0.58125 0.6984372765625 0.58125 0.6968745515625 0.5796878171875 0.6953130234375 0.578125 0.6953130234375 0.5765628171875 0.6937502984374999 0.575 0.6937502984374999 0.56875 0.687500596875 0.56875 0.6859378734375 0.5671871828125 0.6843751499999999 0.5671871828125 0.6828124250000001 0.565625 0.6812497015625001 0.565625 0.6796869765625 0.5640628171875 0.6781254484375 0.5625 0.6781254484375 0.5609378171875 0.6765627234375 0.553125 0.6765627234375 0.55 0.6734372765625001 0.55 0.6718745515625 0.5484378171875 0.6703130234375 0.5484378171875 0.6640621265625 0.546875 0.662500596875 0.546875 0.6562497015625001 0.5484378171875 0.6546869765625 0.5484378171875 0.6515627234375 0.5515621828125 0.6484372765625 0.5515621828125 0.6468745515625 0.553125 0.6453130234375 0.553125 0.642187575 0.5546878171875 0.64062485 0.5546878171875 0.637500596875 0.55625 0.6359378734375001 0.55625 0.632812425 0.5546878171875 0.6312497015625 0.5546878171875 0.6296869765625 0.553125 0.6296869765625 0.55 0.6265627234375 0.55 0.625 0.5484378171875 0.6234372765625 0.540625 0.6234372765625 0.5390628171875 0.625 0.5375 0.625 0.534375 0.6281254484375001 0.5328128171875 0.6281254484375001 0.528125 0.632812425 0.525 0.632812425 0.5234378171875 0.63437515 0.521875 0.63437515
1 0.128125 0.7218745515625 0.1296878171875 0.7234372765625 0.1453128171875 0.7234372765625 0.146875 0.7218745515625 0.146875 0.7203130234375 0.1484378171875 0.7187502984374999 0.1484378171875 0.7140621265625 0.15 0.712500596875 0.15 0.7 0.1515621828125 0.6984372765625 0.1515621828125 0.6906248500000001 0.153125 0.6890621265625 0.153125 0.5218745515625 0.146875 0.5218745515625 0.1453128171875 0.5234372765625 0.1421878171875 0.5234372765625 0.140625 0.525 0.1359371828125 0.525 0.134375 0.5265627234375 0.1328128171875 0.5265627234375 0.128125 0.5312497015625001 0.128125 0.7218745515625
3 0.32684961874999996 0.47642174375 0.22826459375 0.47642174375 0.22826459375 0.64345878125 0.32684961874999996 0.64345878125 0.32684961874999996 0.47642174375