0 0.32845374375 0.015288912499999998 0.3428740171875 0.1444723359375 0.4232645953125 0.132288571875 0.40884431875000005 0.0031051484375 0.32845374375 0.015288912499999998
4 0.4779080390625 0.7712706796875 0.53368925625 0.7628166390625 0.5227585484375 0.66489434375 0.521117925 0.6651429921875 0.5192950828125 0.6637592515625 0.4667951140625 0.6717159968749999 0.4779080390625 0.7712706796875
3 0.3778412078125 0.6221316546875 0.46479428125 0.608953296875 0.4580536390625 0.5485675296875 0.371100565625 0.5617458875 0.3778412078125 0.6221316546875
4 0.5482747703124999 0.7290731328125 0.6204622265624999 0.718132609375 0.6182760859374999 0.6985481499999999 0.61645324375 0.697164409375 0.614995815625 0.684108103125 0.616454221875 0.6822270687499999 0.6120819390625 0.64305815 0.53989448125 0.6539986734375 0.5482747703124999 0.7290731328125
0 0.72983851875 0.6816400671875 0.73257115625 0.7061202921875 0.7768680046875 0.6994067890625 0.7743175859375 0.676558953125 0.77249474375 0.6751752125 0.72983851875 0.6816400671875
0 0.70870468125 0.5072595718749999 0.787454634375 0.49532445625 0.7665041484375 0.307640403125 0.68775419375 0.31957551875 0.70870468125 0.5072595718749999
0 0.5989794125000001 0.3164341921875 0.6022585484375 0.34581018281250003 0.6498366453125 0.3385993828125 0.6469217890625 0.312486771875 0.6432762624999999 0.3097206890625 0.5989794125000001 0.3164341921875
0 0.12303658125000001 0.08816994375000001 0.12139595781250001 0.088418590625 0.11993755156250001 0.0902996265625 0.11173443125 0.09154286874999999 0.110276025 0.0934239046875 0.1086354015625 0.09367255468749999 0.10571843125 0.09743322812500001 0.10407780625 0.0976818765625 0.1026194015625 0.0995629125 0.0993381515625 0.100060209375 0.097879590625 0.10193984687499999 0.09897273906250001 0.111732775 0.1007955796875 0.11311651250000002 0.10097764218750001 0.11474750625 0.1064461671875 0.11889872187499999 0.10662822812499999 0.12052971406249999 0.11027391093750001 0.12329719218749999 0.12996139843750001 0.1203134140625 0.1357951828125 0.1127906671875 0.1489201734375 0.11080147968750001 0.15037858125 0.108920446875 0.1494676484375 0.10075990625 0.14399928125 0.0966100828125 0.14381706249999998 0.0949776953125 0.141994378125 0.093595353125 0.141812159375 0.0919629671875 0.13998931875 0.090579228125 0.13980725624999998 0.0889482375 0.1381666328125 0.0891968859375 0.136343790625 0.08781314375 0.13306254374999998 0.088310440625 0.1312397015625 0.086926703125 0.1279584546875 0.0874239984375 0.1261356125 0.08604025937500001 0.1244949890625 0.08628890781250001 0.12303658125000001 0.08816994375000001
0 0.52040044375 0.4943082671875 0.4892285875 0.499032584375 0.4874057453125 0.49764884531250003 0.4775620015625 0.4991407328125 0.480659075 0.526885734375 0.5249559234375 0.52017223125 0.5222231296875 0.4956906109375 0.52040044375 0.4943082671875
0 0.265356609375 0.795185765625 0.30801283437500004 0.7887209109375 0.305097978125 0.762608296875 0.26244175468750003 0.769073153125 0.265356609375 0.795185765625
2 0.74050526875 0 0.7406399312499999 0.001206353125 0.7391815234375 0.0030873890625000002 0.7393635859375001 0.0047183781250000004 0.734988365625 0.010361485937500001 0.7351704265625 0.0119924765625 0.7278782374999999 0.021396259375 0.7280604562499999 0.023028646875 0.7266020484375 0.02490968125 0.7249614249999999 0.025158329687499998 0.7235028609375 0.027037968750000002 0.7236850796875001 0.028670357812500002 0.712017515625 0.043715848437499996 0.7121997328125 0.0453482375 0.7107413265625 0.0472292703125 0.7109233890625 0.0488602625 0.7050896046874999 0.0563830078125 0.7052718234375 0.058015395312499995 0.7038134171875 0.05989643125000001 0.7021727921875 0.060145079687500005 0.702355009375 0.061777468749999995 0.6950628203125 0.07118125 0.6952448828125 0.072812240625 0.6923280703125 0.07657431249999999 0.6906874468749999 0.076822959375 0.6833951015624999 0.0862253453125 0.68357731875 0.0878577328125 0.6777435359374999 0.095380478125 0.677925753125 0.097012865625 0.6764673484375 0.0988939015625 0.6766494078124999 0.1005248921875 0.6737325953125 0.10428696562499999 0.672091971875 0.1045356140625 0.6706335640625001 0.10641664843750001 0.668992940625 0.106665296875 0.667534534375 0.10854633124999999 0.6658939109374999 0.10879498125 0.662976940625 0.11255565468749999 0.6613363171875 0.112804303125 0.6584193484374999 0.11656497968749999 0.6586015656249999 0.1181973671875 0.657143159375 0.1200784 0.657325378125 0.1217107875 0.648574625 0.132994209375 0.6487568421875001 0.134626596875 0.6472984359375 0.1365076328125 0.647662715625 0.1397710109375 0.6462043078125 0.141652046875 0.644563684375 0.14190069375 0.644745903125 0.14353308125 0.641828934375 0.1472937578125 0.64201115 0.14892614531249998 0.6390941812500001 0.15268681875 0.6392763984375 0.15431920625 0.6378179921875 0.1562002421875 0.638182271875 0.1594636203125 0.6367238640624999 0.16134465625 0.6369060828124999 0.16297704375 0.6339891140625 0.1667377203125 0.6341713312499999 0.16837010624999998 0.6327129234375 0.170251140625 0.633077203125 0.17351451874999999 0.631618796875 0.17539555625 0.6318010140625 0.17702794375 0.6303426078125 0.178908978125 0.6287019828125 0.179157628125 0.6272435765625 0.1810386625 0.6274256375 0.18266965468750002 0.6172164796875 0.195834109375 0.6173986984375001 0.1974664984375 0.613023321875 0.2031082078125 0.6132055390625 0.20474059375000003 0.6102887265625 0.20850266718750002 0.6104707890625 0.2101336578125 0.6046371609375 0.2176578 0.6048192234374999 0.21928879218750003 0.6004438484375 0.2249305 0.600626065625 0.2265628875 0.599167659375 0.22844392500000002 0.5993498749999999 0.2300763125 0.5978913140625 0.23195595156249998 0.5980735312500001 0.23358833906249998 0.59369815625 0.23923005000000003 0.5938803734375 0.2408624359375 0.5880465921875 0.248385184375 0.5884110265625 0.2516499578125 0.58695261875 0.2535309921875 0.58713468125 0.2551619828125 0.58275930625 0.26080369531250003 0.582941521875 0.26243608281249997 0.5814831171875 0.2643171171875 0.5816653328125 0.2659495046875 0.5758315515625 0.2734722515625 0.5741909281249999 0.2737208984375 0.56106495625 0.290647428125 0.5612470187499999 0.29227841875 0.5597886109375 0.29415945312499997 0.5599708296875 0.295791840625 0.558512265625 0.2976714796875 0.5586944843749999 0.2993038671875 0.5528607015625 0.3068266140625 0.5530429203125 0.3084590015625 0.5515845125000001 0.31034003593750004 0.5499438890625 0.310588684375 0.5484854828125 0.312469721875 0.5486675437499999 0.31410071093749997 0.5442921671875001 0.319742421875 0.54265154375 0.3199910703125 0.5428337625 0.321623459375 0.5399169484375 0.3253855296875 0.5382763234375 0.325634178125 0.5368177625 0.3275138171875 0.536999978125 0.3291462046875 0.534083165625 0.332908275 0.5324425421875 0.3331569234375 0.5309839796875 0.33503656406250004 0.531166196875 0.33666895 0.525332415625 0.344191696875 0.5236917921875001 0.3444403453125 0.5207749781250001 0.3482024171875 0.519134353125 0.3484510640625 0.5176759484375 0.35033210000000004 0.5180402265625 0.3535954796875 0.5198630671875 0.35497921718750003 0.5209560609375 0.3647707484375 0.5194976546875 0.366651784375 0.519679871875 0.368284171875 0.5123876828125 0.37768795312500003 0.509106434375 0.3781852515625 0.5076478718749999 0.3800648890625 0.5060072484375 0.3803135375 0.503090434375 0.384075609375 0.5032726515625 0.385707996875 0.501814090625 0.3875876359375 0.5021785249999999 0.390852409375 0.5007199625000001 0.3927320484375 0.5009021796875001 0.3943644375 0.4965268046875 0.400006146875 0.4967090203125 0.4016385359375 0.495250615625 0.40351956875 0.4936099921875 0.40376821874999996 0.492151584375 0.4056492546875 0.49051096093749996 0.40589790312499996 0.48905239843750004 0.40777754218749995 0.48577115156249995 0.40827483906250006 0.48431274375 0.41015587499999995 0.4844949609375 0.4117882609375 0.4830365546875 0.41366929687500004 0.483218771875 0.415301684375 0.48176020937499997 0.4171813234375 0.48194242656249997 0.4188137109375 0.4804840203125 0.420694746875 0.4810305171875 0.4255905125 0.479572109375 0.4274715484375 0.47975417187499997 0.4291025390625 0.4753789515625 0.4347456453125 0.47556101406250006 0.4363766375 0.468268825 0.4457804171875 0.4684510421875 0.44741280625 0.46699263437500005 0.4492938421875 0.4653520109375 0.449542490625 0.4655342296875 0.45117487812499996 0.4626172609375 0.4549355515625 0.462799478125 0.4565679375 0.4584241015625 0.46220964999999997 0.4586063203125 0.46384203749999997 0.45423094375 0.4694837484375 0.4544131625 0.47111613593749996 0.4471208171875 0.480518521875 0.44730303437499996 0.4821509078125 0.4429278140625 0.4877940140625 0.4431098765625 0.48942500625 0.43727609218749997 0.4969477515625 0.4374583109375 0.498580140625 0.4359999046875 0.500461175 0.436181965625 0.5020921656249999 0.43472355937499996 0.5039732015625 0.434905778125 0.5056055890625 0.43053040156250005 0.5112473 0.43071261875 0.5128796859375 0.42633724375000004 0.518521396875 0.42651946093750004 0.5201537859375 0.422144084375 0.5257954953125 0.422326303125 0.5274278828125001 0.41940933437499994 0.531188559375 0.41959155 0.5328209453125 0.4166747375 0.536583015625 0.41503411406249996 0.5368316640625 0.415216175 0.5384626546875 0.41375776875000003 0.5403436921875 0.4143042640625 0.5452394578125 0.4055536703125 0.556524275 0.40227242187499995 0.5570215703125 0.40081401562499996 0.55890260625 0.39589214375 0.55964855 0.3944337359375 0.5615295859375 0.3911524890625 0.5620268828125 0.38386014375 0.57142926875 0.3840423625 0.5730616578125 0.3825839546875 0.5749426921875 0.3831304515625 0.57983845625 0.3816720453125 0.5817194921875 0.382400759375 0.5882476453125001 0.3809421953125 0.5901272859375 0.381853128125 0.5982878265625 0.3803947203125 0.6001688625 0.38112343437499996 0.606697015625 0.41229529062500003 0.6019726984375 0.40864960781250004 0.5992052203125 0.40846754687500003 0.5975742281249999 0.4066447046875 0.5961904890625 0.4062804265625 0.5929271109375 0.4106556453125 0.5872840046875 0.4104734296875 0.585651615625 0.41339039843750003 0.5818909421875 0.41503102187499996 0.58164229375 0.4237816171875 0.5703574765625 0.4234173390625 0.5670941 0.4248757453125 0.5652130625 0.424693528125 0.5635806750000001 0.427610496875 0.55982 0.42925112031249996 0.5595713515625 0.43070952656249994 0.5576903171875001 0.430527465625 0.556059325 0.431985871875 0.5541782890625 0.43162143750000004 0.550913515625 0.43745521875 0.5433907687499999 0.4372730015625 0.54175838125 0.4387315640625 0.5398787421875 0.438549346875 0.5382463546875 0.440007753125 0.5363653203125 0.43982553593749996 0.53473293125 0.4442009109375 0.529091221875 0.44401869375 0.527458834375 0.44985263125 0.519937484375 0.449670415625 0.518305096875 0.47154698125000005 0.4900937515625 0.47136491875 0.4884627609375 0.47428173124999995 0.48470068906249997 0.474099671875 0.483069696875 0.47993329687499997 0.47554555625 0.4797512359375 0.473914565625 0.4812096421875 0.472033528125 0.48285026562500005 0.47178488124999995 0.4826680484375 0.47015249375 0.48412645625 0.4682714578125 0.48394439375 0.4666404671875 0.489778175 0.45911772031250003 0.4895959578125 0.457485334375 0.491054365625 0.4556042984375 0.49087214687499997 0.45397191093749995 0.4923307109375 0.4520922703125 0.493971334375 0.451843621875 0.5012635234375 0.44243984062499997 0.502904146875 0.44219119375 0.508737928125 0.43466844687500006 0.5085557125 0.433036059375 0.5129310859375 0.42739434843749996 0.5127488703124999 0.4257619609375 0.5142072765625 0.423880925 0.5140252140625 0.422249934375 0.5184004343749999 0.41660682812500005 0.518218371875 0.4149758375 0.5196767796875 0.4130948015625 0.5194945625 0.41146241406249995 0.5224115312500001 0.40770173906249996 0.5222293140625001 0.4060693515625 0.5251461265625 0.40230728125 0.5247818468750001 0.39904390156249997 0.5262402546875 0.39716286562500003 0.525693759375 0.3922671 0.5271521640625 0.390386065625 0.52642345 0.3838579109375 0.5322572328125 0.37633516562499997 0.5338978578125 0.37608651718749997 0.53535641875 0.374206878125 0.5369970421875 0.37395822968750003 0.54428923125 0.36455444843749996 0.5441070156250001 0.3629220609375 0.5557745796875 0.3478765703125 0.5574152031249999 0.3476279203125 0.558873609375 0.345746884375 0.5605142328125 0.3454982359375 0.5736402046875 0.3285717078125 0.5734581421875 0.3269407171875 0.58075033125 0.3175369359375 0.5805681140625001 0.3159045484375 0.583485084375 0.3121438734375 0.5851257078125001 0.311895225 0.5865841125 0.3100141890625 0.5964278578125 0.3085222984375 0.5978862656249999 0.306641265625 0.6028081375000001 0.30589531875 0.6042666984375 0.30401568125 0.6024438578125 0.302631940625 0.6020794234375 0.299367165625 0.6002567375 0.2979848234375 0.598799309375 0.2849285171875 0.600257715625 0.28304748125 0.601898340625 0.2827988328125 0.6033567468750001 0.28091779843750003 0.6066379953125 0.2804205 0.6095548078124999 0.27665843125 0.6090083109375 0.2717626640625 0.6104667171875 0.269881628125 0.6101024390625 0.2666182515625 0.6130192515624999 0.262856178125 0.612837190625 0.2612251875 0.6215877843750001 0.2499403703125 0.621405725 0.2483093796875 0.6228641296874999 0.24642834374999997 0.6245047546875 0.2461796953125 0.62742156875 0.242417625 0.62723935 0.2407852359375 0.6286979125000001 0.2389055984375 0.6303385375 0.23865694999999998 0.63015631875 0.23702456249999998 0.6374485078125 0.22762078125000001 0.6372662906250001 0.22598839375000002 0.6445586359375 0.2165860078125 0.6443764171875 0.21495362031249998 0.645834825 0.213072584375 0.6474754484374999 0.21282393593750001 0.6472933859375 0.211192946875 0.6502102 0.20743087343750002 0.6500279828125 0.2057984875 0.6544033578125 0.200156778125 0.654221140625 0.1985243890625 0.658596515625 0.19288267812499998 0.6584142984375 0.1912502921875 0.6598727046875 0.18936925468750002 0.6596906437500001 0.187738265625 0.665524425 0.18021551875 0.665342209375 0.1785831296875 0.6697175843750001 0.17294142031249998 0.6695353671875 0.171309034375 0.6709937734375 0.1694279984375 0.67081155625 0.167795609375 0.67227011875 0.1659159703125 0.6720879 0.1642835828125 0.6735463078125 0.1624025484375 0.6751869312500001 0.16215390000000002 0.6750047140625 0.1605215125 0.6764632765624999 0.158641871875 0.676281059375 0.157009484375 0.677739465625 0.15512845 0.6775572484375 0.1534960625 0.6863079984375 0.14221264218750002 0.6879486234375001 0.14196399375 0.6908655921875 0.13820331875 0.690683375 0.1365709296875 0.6921417828124999 0.13468989375 0.6919595640625 0.1330575078125 0.6934179703125001 0.1311764734375 0.6930536921875 0.12791309374999998 0.6945120984375001 0.1260320578125 0.6943298812500001 0.124399671875 0.69724685 0.1206389953125 0.6988874734375 0.12039034687500001 0.70034588125 0.11850931406250001 0.7001636625 0.11687692499999999 0.7016222265625001 0.1149972859375 0.70326285 0.1147486375 0.70308063125 0.11311625 0.7059974453125 0.10935417812499999 0.7058153828125 0.1077231890625 0.7072737906250001 0.10584215156250001 0.7089144140625 0.105593503125 0.7103728203124999 0.1037124671875 0.710190759375 0.1020814765625 0.716024384375 0.094557334375 0.71566010625 0.09129395625 0.7171185125 0.0894129203125 0.7169362953125 0.087780534375 0.7213116703125 0.0821388234375 0.7211294546875 0.0805064359375 0.7298802046875 0.0692230140625 0.7315208281250001 0.068974365625 0.7373546125 0.061451618750000006 0.7389952359375 0.06120297031250001 0.7388130171875 0.059570584375 0.74610520625 0.050166801562499995 0.7459231453124999 0.0485358125 0.750298365625 0.042892703125 0.750116303125 0.0412617125 0.7515747109375 0.0393806765625 0.7513924921874999 0.037748290625 0.75576786875 0.0321065796875 0.7574084921875001 0.03185793125 0.7603254609375 0.0280972578125 0.76014324375 0.0264648703125 0.76160165 0.024583834375 0.7614194328125 0.0229514484375 0.7672532140625 0.0154287015625 0.7670709984374999 0.0137963140625 0.7699879671875001 0.0100356375 0.771628590625 0.0097869890625 0.777462371875 0.00226424375 0.7791029953125 0.0020155953125 0.7806660234375 0 0.74050526875 0
5 0.4212596921875 0.129273840625 0.455712796875 0.12405222812500001 0.442231509375 0.003280696875 0.40777840625 0.008502309375 0.4212596921875 0.129273840625
5 0.8047586140625 0.69517976875 0.8457742156249999 0.6889635625 0.83283958125 0.5730891953125 0.7918239812500001 0.5793054 0.8047586140625 0.69517976875
5 0.32587748125 0.7843533921875 0.37837745 0.7763966484375 0.3645318859375 0.652361740625 0.312031915625 0.6603184843750001 0.32587748125 0.7843533921875
5 0.377653940625 0.6951845796875 0.3761953796875 0.69706421875 0.379110390625 0.7231782265625 0.377651828125 0.725057865625 0.4029747546875 0.951912234375 0.4423497296875 0.9459446765624999 0.413383234375 0.6864495421875 0.4117426109375 0.686698190625 0.40991992499999996 0.6853158484375 0.385310565625 0.689045571875 0.383852003125 0.6909252109375 0.380570753125 0.6914225078125 0.37911234843749997 0.69330354375 0.37747172500000004 0.6935521921875 0.377653940625 0.6951845796875
1 0.3798695578125 0.2815958984375 0.38151018125 0.2813472515625 0.38880139062499997 0.286880809375 0.388983609375 0.2885132 0.3908062953125 0.2898955421875 0.3909885125 0.291527928125 0.39281135312500004 0.2929116671875 0.39335785 0.297807434375 0.3970035328125 0.3005749109375 0.3971855953125 0.3022059015625 0.39882621875 0.301957253125 0.40064905937499995 0.30334099375 0.4022896828125 0.3030923453125 0.4077580515625 0.307242165625 0.4079402703125 0.308874553125 0.40976311093750006 0.3102582921875 0.40994532812499995 0.3118906796875 0.4117681703125 0.3132744203125 0.4119502328125 0.3149054109375 0.415595915625 0.3176728875 0.415777975 0.319303878125 0.41760081875 0.3206876171875 0.41778303437500003 0.32232000625 0.4196058765625 0.3237037453125 0.41978809375 0.3253361328125 0.4216107796875 0.326718475 0.421792996875 0.3283508625 0.42361583906250005 0.3297346 0.4245266140625 0.3378937453125 0.42634945625 0.339277484375 0.42689595156250004 0.34417325 0.42871879375 0.3455569890625 0.4289010109375 0.347189375 0.43072385312500006 0.3485731171875 0.4309059140625 0.35020410625 0.43272875468749994 0.351587846875 0.4332754078125 0.35648500781250003 0.43509809375 0.3578673515625 0.4352803109375 0.3594997390625 0.4369209359375 0.359251090625 0.4387437765625 0.360634828125 0.4535093921875 0.35839699375 0.45496780000000003 0.35651595937499997 0.4664521671875 0.354775421875 0.468275009375 0.3561591609375 0.4797593765625 0.354418621875 0.47884844531250004 0.34625808125 0.4803068515625 0.344377046875 0.4775742140625 0.319896821875 0.47101171875 0.3208914140625 0.4691888765625 0.319507675 0.465907628125 0.320004971875 0.4640849421875 0.31862262812500003 0.46244431874999997 0.318871278125 0.4587986359375 0.3161037984375 0.45715801093749997 0.31635244687499997 0.45533517031250004 0.31496870781249997 0.455152953125 0.3133363203125 0.45150742499999996 0.3105702390625 0.45132520937500004 0.308937853125 0.4495025234375 0.3075555109375 0.4478618984375 0.30780415781250003 0.438747846875 0.3008868578125 0.4385656296875 0.2992544703125 0.43674278749999995 0.29787073125 0.436560571875 0.29623834375 0.42197815 0.2851712234375 0.42033752656249995 0.285419871875 0.416692 0.2826537890625 0.41650978125 0.281021403125 0.4128642546875 0.278255321875 0.41122363125000005 0.27850396875 0.4094007890625 0.2771202296875 0.409218571875 0.27548784375 0.40192736250000005 0.2699542828125 0.40174514375000003 0.2683218953125 0.394453934375 0.2627883359375 0.394271871875 0.2611573453125 0.38151229375 0.2514739640625 0.3813300765625 0.24984157499999998 0.379507234375 0.24845783593749998 0.37932501875 0.24682545 0.3775021765625 0.2454417109375 0.377320115625 0.2438107203125 0.3754972734375 0.24242698125 0.37531505625 0.24079459218750002 0.3734922140625 0.23941085312500002 0.373310153125 0.2377798640625 0.3714873109375 0.2363961234375 0.3711228765625 0.2331313484375 0.3693001921875 0.2317490046875 0.36911797343749997 0.23011661874999997 0.3672951328125 0.22873287968749997 0.3671129140625 0.2271004921875 0.36346738749999996 0.2243344109375 0.36328516875 0.222702021875 0.361462484375 0.22131967968750002 0.3612802671875 0.2196872921875 0.3596396421875 0.21993594062500002 0.3450572234375 0.20886882031249998 0.34341659999999996 0.20911746718750002 0.33247970625 0.2008164296875 0.33083908125 0.201065078125 0.3271935546875 0.1982989984375 0.32555293125 0.1985476453125 0.3237300890625 0.19716390625 0.31552696875 0.198407146875 0.31406856250000004 0.2002881828125 0.31078731406250004 0.2007854796875 0.3064119390625 0.206427190625 0.308051584375 0.221115884375 0.3096922078125 0.2208672359375 0.3115148953125 0.222249578125 0.31315551875000003 0.2220009296875 0.32591525312499997 0.2316857078125 0.3275558765625 0.231437059375 0.331201403125 0.23420314062499997 0.3313836203125 0.23583552812500003 0.335029146875 0.238601609375 0.335211365625 0.2402339984375 0.34250257500000003 0.24576755781249998 0.34268479375 0.24739994687500003 0.34815316093750004 0.251549765625 0.3486998140625 0.25644692812500003 0.352345340625 0.25921301093750004 0.3525275578125 0.2608453984375 0.35617308593749997 0.2636114796875 0.356355303125 0.26524386718750004 0.35817814531250003 0.26662760625000004 0.35836020625 0.26825859687500003 0.3692971 0.276559634375 0.37093772343750003 0.27631098593750003 0.37458325000000003 0.27907706875 0.376223875 0.2788284203125 0.3798695578125 0.2815958984375
5 0.787090353125 0.4920610765625 0.8215434593750001 0.48683946406249995 0.8082443906250001 0.3677003203125 0.7737912859375 0.372921934375 0.787090353125 0.4920610765625
1 0.7063272 0.620476009375 0.7046865765625 0.6207246578125 0.702863890625 0.619342315625 0.6995826421875 0.6198396109375001 0.6977598015625001 0.618455871875 0.696119178125 0.6187045203125 0.6942963359375 0.61732078125 0.6910150875000001 0.617818078125 0.6891924015625001 0.616435734375 0.6826299062500001 0.617430328125 0.68117134375 0.6193099671875 0.6549213593750001 0.6232883390625 0.6530986734375 0.621905996875 0.6514580484375 0.6221546453125 0.6499994874999999 0.624034284375 0.6270307515625 0.627515359375 0.6252080656250001 0.6261330171874999 0.6104424484375001 0.6283708515625 0.6089838859375 0.630250490625 0.6073432624999999 0.6304991390625 0.60588485625 0.632380175 0.600962984375 0.63312611875 0.5995045765625 0.63500715625 0.5863795859375001 0.6369963421875 0.5882012921875 0.653316025 0.5898419171875 0.6530673765625 0.591300321875 0.651186340625 0.602784690625 0.6494458046875 0.60460753125 0.6508295421875 0.60788878125 0.650332246875 0.609711621875 0.6517159859375 0.6162741171875 0.6507213921874999 0.6180969593750001 0.6521051328125 0.6213782078125 0.6516078359375 0.62320105 0.6529915734375 0.626482296875 0.652494278125 0.6283049828125 0.6538766203125 0.65127371875 0.6503955453125 0.653096559375 0.651779284375 0.7187215203124999 0.641833353125 0.717810590625 0.6336728125 0.71598775 0.632289075 0.7156234687499999 0.629025696875 0.713800628125 0.6276419578125 0.713618409375 0.62600956875 0.7099728828125 0.6232434890625 0.708332259375 0.6234921359375 0.70650941875 0.6221083968750001 0.7063272 0.620476009375
1 0.36727787031250003 0.48266210625 0.368736278125 0.4807810703125 0.36727885 0.46772476249999995 0.3654561640625 0.46634242031250006 0.36472729375 0.4598128703125 0.36618585625 0.4579332328125 0.35470849531250004 0.3551137734375 0.3492401265625 0.350963953125 0.3131463984375 0.356434215625 0.3286316078125 0.495157815625 0.368006584375 0.48919025781250003 0.36727787031250003 0.48266210625
5 0.697426953125 0.152144671875 0.695968546875 0.15402570625 0.6926872984375 0.154523003125 0.6897703296875 0.15828367968749998 0.7045268265625 0.290479128125 0.7471830515625 0.2840142734375 0.731880059375 0.14692305781249998 0.697426953125 0.152144671875
4 0.587014334375 0 0.5918886609375 0.0436664515625 0.6591542453125 0.033471871874999996 0.663529621875 0.0278301625 0.6651702453125 0.0275815125 0.6680870578125 0.0238194421875 0.66542818125 0 0.587014334375 0
1 0.574542015625 0.47116553281250007 0.5761826390625 0.47091688437499996 0.5798281671875001 0.473682965625 0.5800103828125 0.47531535312499995 0.5945928046875 0.486382475 0.5947750218750001 0.4880148609375 0.6111802843749999 0.5004657203125 0.6128209078125 0.5002170718750001 0.6146435921875 0.501599415625 0.6148258109375 0.503231803125 0.61847149375 0.50599928125 0.6186535546874999 0.5076302703125 0.6314132890625 0.51731505 0.6315953515625 0.518946040625 0.65346898125 0.5355467203125001 0.6536511984375 0.5371791078125 0.6554740406249999 0.5385628453125 0.65583831875 0.541826225 0.657661159375 0.543209965625 0.678989271875 0.5399775375 0.6788070546875 0.5383451499999999 0.6802656171875 0.5364655109375 0.6788081890625 0.5234092046875001 0.6769853484375 0.522025465625 0.675344725 0.5222741140625 0.65347109375 0.505673434375 0.6532888781249999 0.5040410468750001 0.63870645625 0.492973925 0.63852439375 0.491342934375 0.61847345 0.476124596875 0.6182912328125 0.474492209375 0.6110000234374999 0.4689586484375 0.6108179609375 0.46732765781249996 0.607172278125 0.46456018125 0.6069902171875 0.46292918906249997 0.597876165625 0.45601189062499997 0.5976939484375 0.4543795015625 0.588579896875 0.4474622046875 0.5883976796875 0.44582981562499996 0.5811064703125 0.44029625625 0.5809244078125 0.4386652640625 0.579101565625 0.43728152500000006 0.5774609421875 0.4375301734375 0.5756381015625001 0.43614643593749997 0.5754560390625 0.43451544531249997 0.57181035625 0.43174796562499995 0.5716281390625 0.430115578125 0.5679826109375 0.42734949687499996 0.5663419875 0.42759814531250007 0.5626963046875 0.42483066718750007 0.5625140875 0.4231982796875 0.55704571875 0.419048459375 0.5568635015625001 0.41741607187499996 0.551941628125 0.418162015625 0.55011894375 0.4167796734375 0.5484783203125 0.417028321875 0.5430097953125 0.41287710312500003 0.5428277328125 0.41124611250000004 0.5391820515625 0.4084786359375 0.5326195546875 0.409473228125 0.5329839890625 0.41273800312500003 0.5315254281249999 0.41461764062500006 0.5320720796875 0.4195148046875 0.533894765625 0.42089714687499996 0.5342591984375 0.424161921875 0.536082040625 0.425545659375 0.536264103125 0.42717665312499997 0.5417326265625 0.43132786875000007 0.5419146890625 0.43295885937499995 0.5437375296875 0.4343425984375 0.5439197484375 0.4359749875 0.5493881171874999 0.44012480624999994 0.549570334375 0.44175719375 0.5513931750000001 0.443140934375 0.5515752359375 0.44477192499999996 0.55522091875 0.44753940312499996 0.5554031375 0.449171790625 0.557225821875 0.4505541328125 0.557408040625 0.452186521875 0.55923088125 0.453570259375 0.5594131 0.455202646875 0.5630586265625 0.4579687296875 0.5632408421874999 0.45960111562500006 0.566886371875 0.4623671984375 0.5670685875 0.4639995859375 0.5743597968749999 0.46953314687500003 0.574542015625 0.47116553281250007
3 0.5690645265625001 0.6014489953125 0.6576582234374999 0.5880219890625 0.650553146875 0.5243714500000001 0.5619594484375 0.53779845625 0.5690645265625001 0.6014489953125
1 0.696693384375 0 0.6926975546875 0.005153775 0.692879615625 0.0067847656249999996 0.6826704578125 0.019949220312499998 0.682852675 0.0215816078125 0.6784772984375 0.0272233203125 0.6786595171875 0.0288557078125 0.6772011109375 0.030736740624999998 0.677383328125 0.0323691296875 0.6715495453125 0.0398918765625 0.6717317640625 0.041524264062499996 0.6658978265625 0.0490456140625 0.6660800421874999 0.050678 0.6602462609375 0.058200746875 0.6604284781249999 0.059833134375 0.654594696875 0.0673558796875 0.6547769125 0.0689882671875 0.647484725 0.07839205 0.6476667859374999 0.080023040625 0.6374576296875001 0.09318749531250001 0.6378220625 0.0964522703125 0.63636365625 0.09833330625 0.63654571875 0.0999642984375 0.6350873125 0.10184533437500001 0.635269528125 0.1034777203125 0.6265189343750001 0.1147625390625 0.6248783109375 0.11501118749999999 0.621961340625 0.1187718609375 0.620320715625 0.119020509375 0.6159453421875 0.1246622203125 0.6161275578125001 0.1262946078125 0.6146691515625 0.1281756421875 0.6148512140625 0.129806634375 0.61339280625 0.1316876703125 0.613575025 0.1333200578125 0.6106580562499999 0.13708073125 0.610840271875 0.13871311875 0.6093818671875 0.1405941546875 0.609564084375 0.1422265421875 0.608105521875 0.1441061828125 0.6082877390625 0.14573856875 0.6053709265625 0.149500640625 0.6055531421875 0.1511330296875 0.5982607984375 0.1605354125 0.598443015625 0.1621678 0.6230523765625 0.158438078125 0.622870159375 0.15680568749999999 0.631620909375 0.14552226875000002 0.633261534375 0.14527361875 0.6347199406249999 0.143392584375 0.6345377234375 0.14176019687500002 0.6403715062499999 0.13423745 0.6401892874999999 0.1326050640625 0.6431062562500001 0.1288443890625 0.6447468796875 0.128595740625 0.663706634375 0.10414646718750001 0.6653472578125 0.10389781875 0.669722634375 0.09825610781250001 0.6695404171875 0.09662372031250001 0.67683260625 0.0872199375 0.67665054375 0.085588946875 0.67810895 0.08370791250000001 0.679749575 0.08345926406250001 0.67956735625 0.0818268765625 0.6897765140625001 0.06866241875 0.6914171375 0.068413771875 0.6928755453125001 0.0665327359375 0.6926933281250001 0.0649003484375 0.698527109375 0.057377603124999996 0.698345046875 0.0557466125 0.7202216140625 0.027535265625 0.720039553125 0.025904274999999997 0.7317071171875 0.010858782812499999 0.7315248999999999 0.009226396874999999 0.73298330625 0.007345359375000001 0.7328010890625001 0.005712971875 0.7357180578125 0.001952296875 0.73735868125 0.0017036484375 0.7386795578124999 0 0.696693384375 0
4 0.4622731796875 0.152930921875 0.4586276515625 0.150164840625 0.4061276828125 0.15812158437499998 0.416511896875 0.251148115625 0.4690118640625 0.24319137031250002 0.46828315 0.2366632171875 0.4697415578125 0.23478218125 0.4682841296875 0.2217258765625 0.4697425359375 0.21984484218749997 0.4622731796875 0.152930921875