0 0.788085609375 0.479549075 0.7930088125 0.43715743281249997 0.76434381875 0.43530868125 0.7594206140625 0.477700321875 0.788085609375 0.479549075
5 0.230166178125 0.20780937656249998 0.2388312234375 0.133198315625 0.0769605046875 0.12275844375 0.068295459375 0.1973695046875 0.230166178125 0.20780937656249998
4 1 0.1891243171875 0.995126646875 0.188810009375 0.985083196875 0.2752899359375 1 0.276251996875 1 0.1891243171875
4 0.94441803125 0.27437504218750003 0.9429295968750001 0.272571234375 0.9193229828125 0.27104872343749997 0.9092795328125 0.35752865 0.9851565109375 0.36242234375 0.9951999609375 0.27594241875000003 0.9648496671875 0.273984971875 0.9629662609375 0.2755713140625 0.94441803125 0.27437504218750003
5 0.7857096546875 0.3683510875 0.7838274921874999 0.3699375078125 0.775396025 0.3693937203125 0.77390759375 0.3675899125 0.7722210515625 0.3674811375 0.7639499125 0.4387004390625 0.929192471875 0.449357778125 0.9370697046875 0.3815302359375 0.9355814484374999 0.3797248984375 0.9357783124999999 0.378029784375 0.7857096546875 0.3683510875
0 0.8183571515624999 0.6414182625 0.7894605953125 0.6208209984375 0.7703454640625 0.661876921875 0.7960354 0.6815251140624999 0.8183571515624999 0.6414182625
0 0.5212435890625 0.5256128125 0.30499277187499996 0.5116656890625 0.295927075 0.58972659375 0.5121778921875 0.603673715625 0.5212435890625 0.5256128125
0 0.9553432578125 0.781993425 0.7916553046875 0.7714363515625 0.7852257078125 0.8267989124999999 0.9489136609375001 0.8373559859374999 0.9553432578125 0.781993425
0 0.8505691390625 0.90219005 0.8448854546875 0.9511298765625 0.9481804625000001 0.9451136265625 0.9524026875 0.9087578171875 0.8505691390625 0.90219005
2 0.9159561640625 0.7320116999999999 0.9226265484375 0.7045394296875 0.36214299687499996 0.244701103125 0.356840075 0.2819725359375 0.9159561640625 0.7320116999999999
1 0.6437406796875 0.46642197812499997 0.6453009453125 0.43125143593750004 0.36396205937500004 0.196115746875 0.35872213125 0.2364187984375 0.6437406796875 0.46642197812499997
1 0.93571550625 0.6595698859375 0.9394623265625001 0.625504378125 0.368612784375 0.15056348125000002 0.3631406390625 0.1899614609375 0.93571550625 0.6595698859375
1 0.4360564796875 0.3302404390625 0.3843239359375 0.2887222515625 0.37143879218750003 0.32190579218750004 0.421299890625 0.3652528625 0.4360564796875 0.3302404390625
5 0.6152397734374999 0.4976805625 0.3134296078125 0.478215278125 0.3092899546875 0.513860084375 0.6111001218750001 0.53332536875 0.6152397734374999 0.4976805625
5 0.008126601562499999 0.42295941875 0.25863103125000003 0.4391157328125 0.2801760390625 0.25360071562500003 0.029671609375 0.23744440312499998 0.008126601562499999 0.42295941875
3 0.5234576015625 0.33772687343749996 0.4685547375 0.3341859078125 0.46126774218750005 0.396931159375 0.51617060625 0.40047212656250003 0.5234576015625 0.33772687343749996
3 0.9765687062499999 0.70067438125 0.9220703640625001 0.6971595046875 0.9135407640625001 0.7706043124999999 0.9680391046875 0.7741191890625 0.9765687062499999 0.70067438125