1 0.285768 0 0.8545025390625 0.6463696 0.888819315625 0.6413249515625 0.332163971875 0 0.285768 0
3 0.626703065625 0.17273790625000002 0.626703065625 0.1390820578125 0.5811788296875 0.139346990625 0.5811788296875 0.1730028390625 0.626703065625 0.17273790625000002
1 0.9337932656250001 0.618162296875 0.95927598125 0.645800065625 0.9668177765625 0.639640346875 0.9567423890625 0.6264909953125 0.9765057515625 0.5885858078124999 0.9727737296875001 0.5816338062499999 0.9475899515625 0.5810221140625 0.9464210140624999 0.61299345 0.9337932656250001 0.618162296875
1 0.9604650265625001 0.61137030625 0.765925325 0.39045120624999996 0.7291238859375 0.39255423125 0.9236340953125 0.61620101875 0.9604650265625001 0.61137030625
1 0.6797081046875 0.3355394609375 0.7292639703125 0.39330336250000003 0.7689555828125 0.392221034375 0.7144370921875 0.334486015625 0.6797081046875 0.3355394609375
1 0.712628053125 0.3342889515625 0.6646995828125 0.2787199703125 0.6315363296875 0.278792346875 0.676359471875 0.33460359687499996 0.712628053125 0.3342889515625
1 0.4244144578125 0.0463629328125 0.6238678546875 0.2786018515625 0.66190995 0.27820259062499997 0.6643295984375001 0.2784804453125 0.46643188125 0.0461184078125 0.4244144578125 0.0463629328125
1 0.3858173671875 0 0.423479440625 0.047465325 0.46347669218750004 0.0459406890625 0.4291210375 0 0.3858173671875 0
1 0.916304103125 0.2776433796875 0.8171374109375 0.273976471875 0.790700240625 0.3003684265625 0.895527303125 0.30300071562499997 0.916304103125 0.2776433796875
2 0.45494221562500003 0 0.9837459296875 0.6038240671875 1 0.6032134499999999 1 0.5858979109375 0.7841135718750001 0.344476646875 0.845582684375 0.3459155578125 0.8601119671875 0.327154434375 0.7684321062499999 0.32798559374999997 0.47992845468749995 0 0.45494221562500003 0
0 1 0.55049065 0.967627453125 0.5506790453125 0.9692327328125 0.552275796875 0.9692327328125 0.553881890625 0.972443959375 0.5570753890625 0.972443959375 0.560287575 0.9740492390625001 0.5618843265625 0.9740492390625001 0.5650965125 0.9804710249999999 0.5714835140625001 0.9804710249999999 0.5730896078125001 0.982076975 0.5746863546875 0.9836822546875 0.5746770109375 0.9852875328125 0.5762737625 0.9852875328125 0.5778798546874999 0.99331526875 0.585863603125 1 0.5858247000000001 1 0.55049065
0 0.730015334375 0.243691946875 0.7284093859375 0.2420952 0.7284093859375 0.2388830140625 0.7219875984375 0.23249601250000002 0.7219875984375 0.23088992031250002 0.702721571875 0.21172892187499998 0.6674007421875 0.211934475 0.6674007421875 0.21514666093749998 0.6706119687500001 0.218340159375 0.6706119687500001 0.219946253125 0.673823196875 0.2231397515625 0.6738231984375 0.22474584531250003 0.67703375625 0.227939346875 0.67703375625 0.229545440625 0.67863970625 0.2311421875 0.67863970625 0.23274828125 0.685061490625 0.23913528125 0.685061490625 0.24074137499999998 0.6866667703125 0.24233812656249998 0.6866667703125 0.24394422031250002 0.6882720499999999 0.2455409703125 0.6898779984375001 0.245531625 0.691483278125 0.2471283765625 0.7268041078125 0.246922821875 0.730015334375 0.243691946875
4 0.888958059375 0.3760727046875 0.8391883796874999 0.3763623453125 0.8391883796874999 0.4052720234375 0.888958059375 0.4049823828125 0.888958059375 0.3760727046875
0 0.8664814734374999 0.18347231875 0.8664814734374999 0.1433199875 0.8343718734375001 0.143506853125 0.8343718734375001 0.182053090625 0.8359771515625001 0.183649840625 0.8664814734374999 0.18347231875
4 0.5855207906250001 0.059832123437499996 0.5855207906250001 0.0293163515625 0.5373563890625 0.029596650000000002 0.5373563890625 0.05850632812499999 0.5389616671875 0.060103079687500005 0.5855207906250001 0.059832123437499996
4 0.7813909640625 0.2160893765625 0.7364371203125 0.216350990625 0.7364371203125 0.2468667625 0.7813909640625 0.24660514843749998 0.7813909640625 0.2160893765625
0 0.9628109468750001 0.3868855625 0.9307013453125 0.387072428125 0.9307013453125 0.42561866718749997 0.9628109453125001 0.42543180156249993 0.9628109468750001 0.3868855625
4 0.45065993125 0.0750718 0.40731203593750004 0.0753240671875 0.4073120375 0.104233746875 0.45065993125 0.103981478125 0.45065993125 0.0750718
4 0.7557031484375 0.42181880625 0.71074930625 0.4220804203125 0.71074930625 0.4509901 0.75570315 0.4507284875 0.7557031484375 0.42181880625
0 0.664190184375 0.0802535125 0.664190184375 0.0417072734375 0.6320799125 0.0418941421875 0.6320799125 0.0788342875 0.6336858609375 0.080431034375 0.664190184375 0.0802535125
3 0.8504266734374999 0.33614461093750003 0.8488213953124999 0.337760046875 0.8488213953124999 0.3409722328125 0.8504266734374999 0.342568984375 0.8504266734374999 0.35220554375 0.8520319531249999 0.3538022953125 0.8520319531249999 0.3554083890625 0.8536379015625 0.3553990421875 0.8552431796875 0.35699579375 0.856848459375 0.3569864515625 0.8600596859375 0.36017994999999997 0.8729032578125 0.3601052046875 0.8745092078125 0.358489765625 0.8841422218749999 0.35843370625 0.8857475015625 0.3600304578125 0.929095396875 0.3597781890625 0.9290953953125 0.31480757812500004 0.8488213953124999 0.3152747421875 0.8488213953124999 0.33133567343750003 0.8504266734374999 0.332932425 0.8504266734374999 0.33614461093750003
3 0.6433188750000001 0.37589613437499997 0.6449241546875 0.3758867921875 0.648135384375 0.37908029062500004 0.648135384375 0.3838985703125 0.651345940625 0.38709207343749996 0.652951890625 0.387082728125 0.6545571703124999 0.388679478125 0.6561624484374999 0.3886701359375 0.6609789546875 0.393460384375 0.6609789546875 0.395066478125 0.6657954625 0.399856728125 0.6674007421875 0.3998473859375 0.6690066906250001 0.40144413281249997 0.9355178515624999 0.39989314375 0.9355178531250001 0.23125335156250001 0.6368964187499999 0.232991209375 0.6368964203124999 0.37272132343750003 0.63850236875 0.374318071875 0.6417129265625 0.37429938749999997 0.6433188750000001 0.37589613437499997
1 0.8472154453125 0.22855505156249997 0.845610165625 0.2301704859375 0.845610165625 0.23177657968749998 0.8440048875 0.23339201406250001 0.8440048875 0.2349981078125 0.8423989390625 0.236613546875 0.8423989390625 0.23821964062499998 0.8440048875 0.23981638749999998 0.8440048875 0.2430285734375 0.8472154453125 0.2462220765625 0.994920546875 0.24536249062499998 0.9965258265625 0.24374705468750002 0.998131775 0.243737709375 0.999737053125 0.2421222734375 0.999737053125 0.21642478281250002 0.8616649671875001 0.2172283078125 0.8584544093750001 0.220459178125 0.856848459375 0.22046852343749998 0.84882139375 0.2285457046875 0.8472154453125 0.22855505156249997
1 0.9082240890625 0.2571096828125 0.9066188109375 0.25872511875000004 0.9066188109375 0.2603312109375 0.9050135312500001 0.261946646875 0.9050135312500001 0.278007578125 0.90340758125 0.27962301875 0.90340758125 0.2956839515625 0.9050135296875 0.2972806984375 0.9387284109375 0.2970844921875 0.9387284109375 0.2521138796875 0.9082240890625 0.252291403125 0.9082240890625 0.2571096828125
3 0.33024859218749997 0 0.33024859218749997 0.011528815625 0.6368964187499999 0.0097442484375 0.6368964187499999 0 0.33024859218749997 0