0 0.7145635171875 0.7835341203125 0.71333169375 0.7815777609375 0.7139716093749999 0.7785365234375 0.606901884375 0.7484081703125 0.5713903484375 0.91717869375 0.6800116765625 0.947743653125 0.7145635171875 0.7835341203125
0 0.8405866625 0.762629375 0.8424582218750001 0.7615453609375 0.8427781796874999 0.7600247421875 0.84154635625 0.758068384375 0.8425062296875 0.7535065265625 0.8412745875000001 0.751549303125 0.7823100453125 0.73495726875 0.76183490625 0.8322664937500001 0.8239026515625 0.8497317390625 0.8392590046875 0.77674981875 0.8380273624999999 0.7747925953125 0.8405866625 0.762629375
4 0.9086069890624999 0.720571259375 0.91980425 0.66735565625 0.9185707609374999 0.6653979109375 0.8239175421875 0.6387634390625 0.812400321875 0.6934996609375 0.9086069890624999 0.720571259375
4 0.8408560203125001 0.45671429999999996 0.7399945484375 0.42833288593749996 0.7310368125 0.470905021875 0.831898284375 0.499286434375 0.8408560203125001 0.45671429999999996
0 0.19436347812500002 0.021951965625 0.1369486875 0.0057960156249999995 0.1321498609375 0.028602703125 0.18956465312499998 0.044758653125 0.19436347812500002 0.021951965625
0 0.8426970562499999 0.5651341109375 0.7883873171875 0.5498518906250001 0.7835884906249999 0.5726585796875 0.8378982296874999 0.5879407984375 0.8426970562499999 0.5651341109375
5 0.8058827390625 0.16987036093750002 0.7158843234375001 0.1445457046875 0.6912502734375 0.26162038125 0.7812486890625 0.2869450390625 0.8058827390625 0.16987036093750002
4 0.463272953125 0.0718527296875 0.3375840125 0.036485115624999995 0.329266009375 0.07601687968750001 0.45495495 0.11138449531250001 0.463272953125 0.0718527296875
1 0.8920320328125 0.580627134375 0.8908003890625 0.5786699109375 0.90263756875 0.5224130687499999 0.9045091281250001 0.5213290546875 0.9096279125000001 0.4970017484375 0.90839626875 0.49504452499999996 0.90684466875 0.49460792031249995 0.90561284375 0.49265156250000003 0.8978529890625 0.49046801406249996 0.8966213453125 0.488510790625 0.8609326703125 0.47846835312499997 0.8590611109375 0.47955236875 0.8366665875000001 0.5859835765625 0.886321521875 0.5999559796875 0.887601171875 0.5938743703125 0.88947273125 0.5927903546875 0.8882409078125001 0.5908339953125 0.889520740625 0.5847515203125 0.8913923 0.5836675078125 0.8920320328125 0.580627134375
3 0.9449341953125 0.571356246875 0.9092436703125 0.5613132890625 0.9086039343750001 0.5643536609375001 0.906732375 0.565437675 0.906092459375 0.5684789109375 0.9042209 0.5695629265625 0.9039011234375 0.5710826796874999 0.89828644375 0.5743347203125 0.8976467093749999 0.57737509375 0.8957751500000001 0.5784591078125 0.8880968828125001 0.6149504984374999 0.933097015625 0.6276130875 0.9449341953125 0.571356246875
4 0.707394184375 0.63013195625 0.6298085796875 0.608300140625 0.6221303109375 0.6447915328125 0.699715915625 0.6666233484374999 0.707394184375 0.63013195625
5 0.770807071875 0.7349417515625001 0.7683437859375 0.7310273031250001 0.76866374375 0.729506684375 0.7252170625 0.7172812203125 0.677548209375 0.9438300703125 0.7240980921875 0.95692874375 0.770807071875 0.7349417515625001