5 0.0015626000000000001 0.4718751390625 0.0015626000000000001 0.5953121515625 0.12031273281249999 0.5953121515625 0.12031273281249999 0.4718751390625 0.0015626000000000001 0.4718751390625
5 0.8421875328124999 0.4875005578125 0.8421875328124999 0.6 0.9906249328125 0.6 0.9906249328125 0.4718751390625 0.8531252 0.4718751390625 0.8515626 0.4734370125 0.8515626 0.475 0.85 0.47656298750000003 0.85 0.4796878484375 0.8484374000000001 0.481249721875 0.8484374000000001 0.482812709375 0.8437501328125 0.4875005578125 0.8421875328124999 0.4875005578125
0 0.462500265625 0.5218751390625 0.462500265625 0.5468751390625 0.475 0.5468751390625 0.475 0.5218751390625 0.462500265625 0.5218751390625
5 0.525 0.393750278125 0.525 0.35 0.4343750671875 0.35 0.4343750671875 0.3953121515625 0.5234373999999999 0.3953121515625 0.525 0.393750278125
0 0.1937501328125 0.40937458125 0.1937501328125 0.356249721875 0.10156259999999999 0.356249721875 0.10156259999999999 0.4109375703125 0.1921875328125 0.4109375703125 0.1937501328125 0.40937458125
0 0.17031273281249998 0.4359375703125 0.17031273281249998 0.467187290625 0.2218748 0.467187290625 0.2218748 0.4359375703125 0.17031273281249998 0.4359375703125
5 0.39375013281250004 0.817187290625 0.39375013281250004 0.8984370125 0.5171875328125 0.8984370125 0.5171875328125 0.817187290625 0.39375013281250004 0.817187290625
5 0.5734374 0.356249721875 0.5734374 0.4015629875 0.6578124671875 0.4015629875 0.6578124671875 0.356249721875 0.5734374 0.356249721875
5 0.7078124671875 0.46562541875 0.7078124671875 0.4625005578125 0.5656249328125 0.4625005578125 0.5656249328125 0.518750278125 0.5671875328125 0.5203121515625 0.7093750671875 0.5203121515625 0.7109376671875001 0.518750278125 0.7109376671875001 0.4781248609375 0.7093750671875 0.47656298750000003 0.7093750671875 0.467187290625 0.7078124671875 0.46562541875
0 0.4593750671875 0.4390624296875 0.375 0.4390624296875 0.3734374 0.44062541875 0.3734374 0.442187290625 0.3718748 0.443750278125 0.3718748 0.47656298750000003 0.4578124671875 0.47656298750000003 0.4578124671875 0.4734370125 0.4593750671875 0.4718751390625 0.4593750671875 0.4390624296875
5 0.5343750671875 0.10937458124999999 0.5343750671875 0.0890624296875 0.4765626 0.0890624296875 0.4765626 0.1109375703125 0.5328124671875 0.1109375703125 0.5343750671875 0.10937458124999999
5 0.4640623328125 0.568750278125 0.4640623328125 0.592187290625 0.5203127328125 0.592187290625 0.5203127328125 0.568750278125 0.4640623328125 0.568750278125
2 0.54493606875 0.13555183906249998 0.71156473125 0.3303734671875 0.7169334046875 0.505899665625 0.7264709640625 0.5156343359375 0.7894565796874999 0.4414972125 0.8338124671875 0.49861649999999996 0.8455546078125 0.4739197328125 0.7906925953124999 0.414040134375 0.7243004796875 0.4870479375 0.7227469359375001 0.31453846093750004 0.5414065 0.10341025625 0.53146616875 0.122507246875 0.53147469375 0.5833834999999999 0.59532551875 0.7984972124999999 0.30221736875 0.4679620953125 0.2947730421875 0.4787480484375 0.2927938203125 0.6608595312500001 0.176728821875 0.5300947609375 0.17617794375 0.55222185 0.2931939265625 0.6848751390625 0.3039136921875 0.6674626531250001 0.30606126875 0.4980423640625 0.6093292484374999 0.8420457078125001 0.6146920625 0.8136086953125 0.5450873734374999 0.568642140625 0.54493606875 0.13555183906249998
1 0.22384922812500002 0.518935340625 0.1986334578125 0.518935340625 0.1986334578125 0.5437179484375 0.22384922812500002 0.5437179484375 0.22384922812500002 0.518935340625
0 0.2382019171875 0.69052396875 0.2261028234375 0.69052396875 0.2261028234375 0.7240802671875 0.2382019171875 0.7240802671875 0.2382019171875 0.69052396875
0 0.314515184375 0.6730323296875 0.303321790625 0.6730323296875 0.303321790625 0.70899665625 0.314515184375 0.70899665625 0.314515184375 0.6730323296875
4 0.294200853125 0.74882943125 0.26789824218749997 0.74882943125 0.26789824218749997 0.7981716828125001 0.294200853125 0.7981716828125001 0.294200853125 0.74882943125
4 0.27098028749999997 0.45229654375 0.2460042625 0.45229654375 0.2460042625 0.5008584171875 0.27098028749999997 0.5008584171875 0.27098028749999997 0.45229654375
0 0.3124667015625 0.4214827203125 0.2997442734375 0.4214827203125 0.2997442734375 0.45280936406250005 0.3124667015625 0.45280936406250005 0.3124667015625 0.4214827203125
3 0.1775892375 0.4939409140625 0.14807938125 0.4939409140625 0.14807938125 0.5523690078125 0.1775892375 0.5523690078125 0.1775892375 0.4939409140625
3 0.2167048484375 0.5447547375 0.19465370312500002 0.5447547375 0.19465370312500002 0.594620959375 0.2167048484375 0.594620959375 0.2167048484375 0.5447547375
3 0.303588171875 0.615055740625 0.2718620140625 0.615055740625 0.2718620140625 0.6789241921875 0.303588171875 0.6789241921875 0.303588171875 0.615055740625
3 0.3232365484375 0.4664604234375 0.2937693125 0.4664604234375 0.2937693125 0.536549609375 0.3232365484375 0.536549609375 0.3232365484375 0.4664604234375
5 0.22458444375000003 0.41111482656250004 0.10747735781250001 0.41111482656250004 0.10747735781250001 0.43390189531249995 0.22458444375000003 0.43390189531249995 0.22458444375000003 0.41111482656250004
1 0.29991795468750004 0.7276176140625 0.1612157703125 0.5730769234374999 0.1626542359375 0.591441471875 0.298653703125 0.7516532890625001 0.29991795468750004 0.7276176140625
1 0.1705391578125 0.578468228125 0.2442621203125 0.6639286515625 0.2451981890625 0.6385462656249999 0.1704182203125 0.552217390625 0.1705391578125 0.578468228125
1 0.2680479484375 0.617402453125 0.26804954687500004 0.6442954296875001 0.273867875 0.6488762546875 0.2752546609375 0.6049699000000001 0.267550346875 0.5937971015625 0.26620191718749997 0.5751371234375 0.24633137968750002 0.5728361203125 0.2463644109375 0.59652396875 0.26206286562500003 0.5986878484375 0.2680479484375 0.617402453125
1 0.2788732015625 0.454061315625 0.2695668625 0.442405796875 0.26752530625 0.5943076921875 0.2758753328125 0.6042285390625 0.2788732015625 0.454061315625
5 0.3570831109375 0.4514604234375 0.30212839687500004 0.4514604234375 0.30212839687500004 0.47406911875 0.3570831109375 0.47406911875 0.3570831109375 0.4514604234375
5 0.49400639375 0.4905518390625 0.3757751734375 0.4905518390625 0.3757751734375 0.5148439234375 0.49400639375 0.5148439234375 0.49400639375 0.4905518390625
0 0.43145711249999996 0.5447547375 0.41876132187500004 0.5447547375 0.41876132187500004 0.5774526203125 0.43145711249999996 0.5774526203125 0.43145711249999996 0.5447547375
1 0.48283164687499996 0.548082496875 0.466928609375 0.548082496875 0.466928609375 0.5698439234375 0.48283164687499996 0.5698439234375 0.48283164687499996 0.548082496875
1 0.301401171875 0.50125418125 0.3010282359375 0.5209520624999999 0.35721577031249996 0.587166109375 0.35808470937500003 0.5647279828125 0.301401171875 0.50125418125
1 0.3572530640625 0.588750278125 0.4561236015625 0.695977703125 0.457572721875 0.677824971875 0.35872083125 0.5644704578125 0.3572530640625 0.588750278125
1 0.45706126874999997 0.6988283171874999 0.5373862546875 0.79381159375 0.5386521046875 0.7712374578125 0.4573489609375 0.67652396875 0.45706126874999997 0.6988283171874999
0 0.5768785296875001 0.7581471578125 0.5712216296875 0.779651059375 0.5806334578125 0.793677815625 0.58739584375 0.77179375625 0.5768785296875001 0.7581471578125
0 0.624898775 0.7796488296875 0.6134176874999999 0.7796488296875 0.6134176874999999 0.8119230765625 0.624898775 0.8119230765625 0.624898775 0.7796488296875
0 0.5898918484375 0.6976889625 0.580377196875 0.709682275 0.5859035687499999 0.734287625 0.5967458703124999 0.7212820515625 0.5898918484375 0.6976889625
1 0.300188065625 0.53228428125 0.300739478125 0.5494069125000001 0.6145732546875 0.9115897437499999 0.6143809265625 0.8806075812499999 0.300188065625 0.53228428125
1 0.55900639375 0.5487391296874999 0.6338785296875 0.8129620953125001 0.643141715625 0.7985518390624999 0.56665476875 0.5389632109375 0.55900639375 0.5487391296874999
4 0.605679275 0.549459309375 0.578838571875 0.549459309375 0.578838571875 0.5919676703125 0.605679275 0.5919676703125 0.605679275 0.549459309375
4 0.6565849765625 0.7061371234375 0.6325146515625 0.7061371234375 0.6325146515625 0.7517001109375 0.6565849765625 0.7517001109375 0.6565849765625 0.7061371234375
1 0.555332978125 0.33998885156249997 0.547143846875 0.3527915265625 0.5460719234375 0.56841025625 0.5571081515625 0.5570379046875 0.555332978125 0.33998885156249997
1 0.5678417687499999 0.149322184375 0.557914225 0.1392452625 0.5590346296875001 0.550363434375 0.5677325515625 0.5413032328125 0.5678417687499999 0.149322184375
0 0.5366355890625 0.22559085781250002 0.5225652640625 0.22559085781250002 0.5225652640625 0.2510200671875 0.5366355890625 0.2510200671875 0.5366355890625 0.22559085781250002
1 0.545344165625 0.0972631 0.602073521875 0.1644816046875 0.6106686203125 0.1525919734375 0.5568961109375 0.0857926421875 0.545344165625 0.0972631
1 0.5582061796875 0.0848316609375 0.7366622265625 0.299629878125 0.7502221625 0.279576365625 0.5669318062500001 0.0701059078125 0.5582061796875 0.0848316609375
0 0.487405434375 0.0605964328125 0.47579115625 0.0605964328125 0.47579115625 0.0899052390625 0.487405434375 0.0899052390625 0.487405434375 0.0605964328125
1 0.7382839640625 0.4859933109375 0.748960575 0.473160534375 0.7509754921875 0.2802207359375 0.734769696875 0.300368440625 0.734832371875 0.300460509375 0.7342813890625 0.30100251093749997 0.7347149703125 0.3031772578125 0.7382839640625 0.4859933109375
0 0.7019579109375 0.325345596875 0.6905194453125 0.325345596875 0.6905194453125 0.3556354515625 0.7019579109375 0.3556354515625 0.7019579109375 0.325345596875
0 0.7163345765625 0.38127647656249997 0.7029941390625 0.38127647656249997 0.7029941390625 0.4059699 0.7163345765625 0.4059699 0.7163345765625 0.38127647656249997
5 0.71177144375 0.537636565625 0.660823121875 0.537636565625 0.660823121875 0.5603567453125 0.71177144375 0.5603567453125 0.71177144375 0.537636565625
0 0.6708391046875 0.5077480484375 0.6583244546875 0.5077480484375 0.6583244546875 0.5396767 0.6708391046875 0.5396767 0.6708391046875 0.5077480484375
1 0.7424917421874999 0.5496566328125 0.7394656359375 0.5323121515625 0.7172482687499999 0.5583957640625 0.71770964375 0.5852987734374999 0.729088971875 0.56818840625 0.7413383062500001 0.6079308812499999 0.76382205625 0.6010635453125001 0.762229621875 0.5762207359375 0.7417522640625 0.5792541812499999 0.735005328125 0.562624303125 0.7424917421874999 0.5496566328125
1 0.7444235484374999 0.549073578125 0.791216303125 0.4966655515625 0.7906766109375 0.4642642140625 0.7410388921875 0.5305351171875 0.7444235484374999 0.549073578125
3 0.8160149171875 0.4194370125 0.7662120406249999 0.4194370125 0.7662120406249999 0.46352842812499995 0.8160149171875 0.46352842812499995 0.8160149171875 0.4194370125
0 0.7931885984375 0.371956521875 0.7796190734375 0.371956521875 0.7796190734375 0.4020011140625 0.7931885984375 0.4020011140625 0.7931885984375 0.371956521875
0 0.8165237078124999 0.33467112656250003 0.8054581781250001 0.33467112656250003 0.8054581781250001 0.36539576406249996 0.8165237078124999 0.36539576406249996 0.8165237078124999 0.33467112656250003
0 0.899829515625 0.3868673359375 0.8891209375000001 0.3868673359375 0.8891209375000001 0.416833890625 0.899829515625 0.416833890625 0.899829515625 0.3868673359375
1 0.82350559375 0.3639632109375 0.8075439531249999 0.3639632109375 0.8075439531249999 0.389370121875 0.82350559375 0.389370121875 0.82350559375 0.3639632109375
4 0.7471390515625 0.183645484375 0.716803409375 0.183645484375 0.716803409375 0.24206242968749997 0.7471390515625 0.24206242968749997 0.7471390515625 0.183645484375
4 0.7815450187499999 0.270340021875 0.75199786875 0.270340021875 0.75199786875 0.3219007796875 0.7815450187499999 0.3219007796875 0.7815450187499999 0.270340021875
4 0.7896936593749999 0.32245819375 0.7640729890625 0.32245819375 0.7640729890625 0.374375696875 0.7896936593749999 0.374375696875 0.7896936593749999 0.32245819375
4 0.8586094828125 0.2519286515625 0.8283271171875001 0.2519286515625 0.8283271171875001 0.31560758125 0.8586094828125 0.31560758125 0.8586094828125 0.2519286515625
4 0.885133190625 0.30499442656250003 0.8574773578125001 0.30499442656250003 0.8574773578125001 0.35915273124999997 0.885133190625 0.35915273124999997 0.885133190625 0.30499442656250003
1 0.8925652640624999 0.41576923125 0.8700559406249999 0.41576923125 0.8700559406249999 0.4410200671875 0.8925652640624999 0.4410200671875 0.8925652640624999 0.41576923125
1 0.8099115609374999 0.3961906359375 0.8621038890625 0.46361984375 0.8731092171875 0.4463556296875 0.8187517312500001 0.3832419171875 0.8099115609374999 0.3961906359375
5 0.82732551875 0.6171516171875 0.680356953125 0.6171516171875 0.680356953125 0.643160534375 0.82732551875 0.643160534375 0.82732551875 0.6171516171875
3 0.61136920625 0.7821627640625 0.5858391046875 0.7821627640625 0.5858391046875 0.8416053515625 0.61136920625 0.8416053515625 0.61136920625 0.7821627640625
3 0.55652104375 0.5127759203125 0.527932871875 0.5127759203125 0.527932871875 0.6289409140625 0.55652104375 0.6289409140625 0.55652104375 0.5127759203125
3 0.5628050078125 0.1004292078125 0.530759190625 0.1004292078125 0.530759190625 0.17087513906250001 0.5628050078125 0.17087513906250001 0.5628050078125 0.1004292078125
3 0.72757591875 0.2812040140625 0.692807671875 0.2812040140625 0.692807671875 0.3787068 0.72757591875 0.3787068 0.72757591875 0.2812040140625
0 0.6558279171875 0.2130334453125 0.6498971765625 0.23275919687500002 0.65968566875 0.25087959843749996 0.66732551875 0.2251861765625 0.6558279171875 0.2130334453125
3 0.743561534375 0.4513433671875 0.713700053125 0.4513433671875 0.713700053125 0.5119788187500001 0.743561534375 0.5119788187500001 0.743561534375 0.4513433671875