0 0.2739209421875 0.44072474531249994 0.2897186390625 0.4371211609375 0.28496055937500003 0.4104593375 0.26916286093749997 0.414062921875 0.2739209421875 0.44072474531249994
5 0 0.40197603437499996 0.052364446875000005 0.390031271875 0.0494832609375 0.37388659999999996 0 0.3851741390625 0 0.40197603437499996
3 0.864088725 0.301360884375 0.904253171875 0.29219904375 0.8917035171875 0.2218772625 0.8515390703125 0.231039103125 0.864088725 0.301360884375
2 0.8009072843749999 0.8121339765625001 0.782669225 0.696936015625 0.932984703125 0.526593184375 0.892955940625 0.2475715953125 0.4509160875 0.0461018203125 0.4413551203125 0.049832490624999996 0.23706698125 0.2830128890625 0.255894184375 0.390576671875 0.09066922499999999 0.314567171875 0.0939241953125 0.3360566640625 0.2581719984375 0.40886391718750004 0.2671583171875 0.3987147359375 0.2505953828125 0.28782643124999996 0.4507398796875 0.0642096015625 0.8765309703125 0.25434834375 0.8823614828125 0.26348160625 0.9207447953125 0.5225987609375 0.7736254406249999 0.6857776624999999 0.7700498828125 0.7034617875 0.7912637296875 0.8144327468749999 0.7995409 0.8252635796875 0.8201752593749999 0.8367100296875 0.8218483593749999 0.8220208671875 0.8009072843749999 0.8121339765625001
3 0.42189504843750003 0.088053846875 0.48976359374999995 0.072572471875 0.48401391718750003 0.04035425 0.4161453703125 0.055835625 0.42189504843750003 0.088053846875
1 0.6987818406249999 0.13643568749999999 0.6113047609375 0.09810604843750001 0.5991891859375 0.11086850156250001 0.6874360015625001 0.1506518609375 0.6987818406249999 0.13643568749999999
1 0.78450105 0.1762414109375 0.699668671875 0.13738898593749999 0.6856567203124999 0.1489889515625 0.7725452234375 0.1911592578125 0.78450105 0.1762414109375
1 0.8374793734375 0.2188136609375 0.850365275 0.20460886875 0.784011584375 0.1759274625 0.7728224875 0.18891620781250001 0.8374793734375 0.2188136609375
1 0.2217400484375 0.35324387968750004 0.22550272656249998 0.385271403125 0.24259283125 0.3924034140625 0.2408721703125 0.36240631875 0.2217400484375 0.35324387968750004
1 0.226768153125 0.2792270390625 0.2075312765625 0.265242221875 0.22280183281250002 0.3578655296875 0.2398446984375 0.3600029078125 0.226768153125 0.2792270390625
1 0.118012571875 0.31638392187500003 0.147857221875 0.30957611093750004 0.1443715609375 0.2900442578125 0.1145269078125 0.29685206875 0.118012571875 0.31638392187500003
0 0.268960178125 0.3583696125 0.2819265984375 0.355411865625 0.277893575 0.33281288125 0.2649271546875 0.335770628125 0.268960178125 0.3583696125
0 0.3991719078125 0.1393572703125 0.408229871875 0.1280222765625 0.39908641718750004 0.11167122656249999 0.38803924375 0.12380415468749999 0.3991719078125 0.1393572703125
0 0.810418821875 0.2943080859375 0.82448629375 0.2910991796875 0.82079120625 0.270393815625 0.8067237328125 0.273602721875 0.810418821875 0.2943080859375
1 0.8291289031250001 0.8628172781250001 0.7977013546875 0.8466254234375 0.7999286624999999 0.8690524953125 0.8340681328124999 0.8831241171875 0.8291289031250001 0.8628172781250001
1 0.7750475875 0.8921359843750001 0.8069370484375 0.8848617359375 0.8039844687500001 0.8683170015625 0.77209500625 0.8755912515625001 0.7750475875 0.8921359843750001
0 0.7385205234375001 0.7854454515625 0.7541198953125 0.78188710625 0.7498790328125 0.7581235000000001 0.7342796593750001 0.7616818453125 0.7385205234375001 0.7854454515625
5 0.7488896234375 0.7564996890625 0.7491140296875 0.7562616078125 0.75048716875 0.7588072953125 0.757695721875 0.7782347234375 0.7821121625 0.7749689156249999 0.7777372375 0.750454084375 0.7499023874999999 0.7552074484375 0.7488896234375 0.7564996890625
0 0.7552184390625001 0.6604426812499999 0.769279075 0.6572353359374999 0.764850996875 0.63242268125 0.7507903640625 0.635630028125 0.7552184390625001 0.6604426812499999
1 0.905911025 0.23160884375 0.8892249281250001 0.25021480937499996 0.9129363265625001 0.3805886625 0.926141734375 0.3662240203125 0.905911025 0.23160884375
1 0.9458922359375 0.510938275 0.9592530234375 0.489476025 0.9194238406249999 0.2136545640625 0.9056460749999999 0.23117706718750003 0.9458922359375 0.510938275
0 0.9337535625 0.46230969375 0.9355753015625 0.46105589687500004 0.9329779468750001 0.442250328125 0.9174573859375 0.44509771093749995 0.9205464421875 0.4654102421875 0.9337535625 0.46230969375
1 0.9081638578125 0.5869601765625 0.8900306421874999 0.5745055671875 0.8218755140624999 0.650707521875 0.8381207921874999 0.6595782796874999 0.9081638578125 0.5869601765625
1 0.8919211203125 0.5760098828125 0.9107603046875001 0.584627578125 0.9523136828125001 0.5347754953125 0.9335588156249999 0.5281710953125 0.8919211203125 0.5760098828125
0 0 0.43833603437499996 0.0658445078125 0.42331636093749997 0.059555559375 0.38807634687500003 0 0.4016614609375 0 0.43833603437499996
0 0.893421078125 0.41312883749999996 0.8868587671875 0.376357034375 0.7938294828125 0.39757778125 0.7979308859375001 0.42055993437500006 0.796654046875 0.4224462640625 0.79884143125 0.43470323437499997 0.893421078125 0.41312883749999996
0 0.7527646734375 0.6014796609374999 0.84889536875 0.5795514578125001 0.84151265 0.5381825140625 0.74693231875 0.5597570671875001 0.745655478125 0.5616433953125 0.7527646734375 0.6014796609374999
0 0.6750133484374999 0.2110107765625 0.6684508796874999 0.1742380875 0.5707698234375 0.196519940625 0.5773322921874999 0.23329263125000002 0.6750133484374999 0.2110107765625
0 0.8655685484375001 0.7272298234375 0.8642910234375 0.7291163078125 0.957320990625 0.70789540625 0.9504851578125001 0.6695909265625 0.8853644546874999 0.684445496875 0.88408745625 0.686330934375 0.8670320984375 0.6902214015625 0.8652076875000001 0.689043421875 0.8605566 0.6901043734375001 0.8592796 0.6919898109375 0.8577285531250001 0.6923436171875 0.8607363453125 0.7091977296875001 0.862560915625 0.7103766 0.8655685484375001 0.7272298234375
0 0.41818494531250006 0.218569878125 0.514315640625 0.19664167500000002 0.507753171875 0.1598689828125 0.41317283906249996 0.1814435359375 0.41189600000000004 0.183329865625 0.41818494531250006 0.218569878125
5 0.8443960625000001 0.8436782359375 0.9571324203125 0.81796214375 0.9633066093749999 0.7001516078125001 0.8244354484375 0.7318292640624999 0.8443960625000001 0.8436782359375
1 0.8659411234375 0.6569849015625 0.8690425328125 0.65627744375 0.874150371875 0.6487348015625 0.8757007343750001 0.6483811515625 0.8795320984374999 0.6427229015625 0.8810824609375001 0.6423692515625 0.882359459375 0.6404838125000001 0.8854608687500001 0.6397763546874999 0.88929155 0.6341182609375 0.890842596875 0.6337644546875 0.8921195953125001 0.6318790171875001 0.8952203203125 0.6311717156250001 0.89649731875 0.629286278125 0.898048365625 0.628932471875 0.8977748453125001 0.62739979375 0.89905184375 0.62551435625 0.90060220625 0.62516070625 0.903156046875 0.6213889390625 0.904706409375 0.6210352890624999 0.9085377734375 0.6153770390625 0.9100881359375 0.6150233890625 0.9164734984375 0.6055942625 0.9180238624999999 0.6052406109375 0.9256862218749999 0.593926046875 0.9272372687500001 0.593572240625 0.9285141093749999 0.5916859125 0.930064471875 0.5913322625 0.9338959953125 0.5856749015625 0.9354463562499999 0.5853212515624999 0.9367232 0.5834349234375 0.9382735609375 0.583081271875 0.9395505609375 0.581195834375 0.9411009234375 0.580842184375 0.940827559375 0.579310396875 0.9421050843750001 0.5774239125 0.943655446875 0.5770702625 0.9513178078125 0.5657556968749999 0.9528681718750001 0.565402046875 0.9525946484375 0.5638693703125 0.9538716484374999 0.56198393125 0.9554226953124999 0.5616301234375001 0.9579765359374999 0.5578583593750001 0.9577030125 0.5563256812499999 0.9589800125 0.55444024375 0.9605303734374999 0.5540865921875 0.963084896875 0.5503146703125 0.964635259375 0.5499610203125 0.964361896875 0.5484292328125 0.9656387375 0.5465429046875 0.9642716015625 0.5388821874999999 0.948766609375 0.5424190046875 0.9474896078124999 0.5443044421875001 0.9477631296875 0.54583711875 0.945209290625 0.5496088859375 0.9436582437500001 0.5499626921874999 0.9385504062500001 0.5575053359375 0.9369993593749999 0.5578591421875 0.9357225187499999 0.55974546875 0.93417215625 0.56009911875 0.9328951578125 0.5619845578125 0.9331686796875 0.5635172359375 0.9306148390625 0.5672889999999999 0.9290637937499999 0.5676428078125 0.92778679375 0.569528246875 0.9262364312500001 0.569881896875 0.926509953125 0.5714145734375 0.9252329546875 0.5733000109375 0.9236825921875 0.5736536625 0.9224049093750001 0.5755392578125 0.9193041828125 0.5762465578125 0.9141958203125 0.5837902453125 0.9126454562499999 0.584143896875 0.90753709375 0.591687584375 0.9059867296874999 0.5920412359375 0.9021558921875 0.5976984390625 0.9006048453125001 0.598052246875 0.89932800625 0.5999385734375 0.897777640625 0.6002922234375 0.8926691203124999 0.6078350234375 0.8895683953125 0.6085423249999999 0.88573703125 0.6142005734375 0.88418666875 0.614554225 0.88290966875 0.6164396625 0.88135930625 0.6167933125 0.8762509421875 0.6243369999999999 0.8747005796874999 0.6246906515624999 0.8708690578124999 0.6303480125 0.8693186953125001 0.6307016625 0.8680418546875 0.632587990625 0.864941128125 0.6332952921875 0.85983260625 0.6408380890625 0.8582822437500001 0.641191740625 0.85317388125 0.648735428125 0.850072471875 0.6494428859375 0.84879563125 0.6513292125000001 0.8472452671875 0.6516828640625 0.8434144296874999 0.6573400671875 0.8387626562499999 0.6584011750000001 0.837485659375 0.6602866140625 0.8359352953125001 0.660640265625 0.8321039328125 0.6662985140625 0.8305535687500001 0.666652165625 0.8228912062499999 0.6779667296875 0.8231647296875 0.6794994062499999 0.818056365625 0.6870430953125 0.816506003125 0.6873967453125001 0.8088436421875 0.6987113109374999 0.8091171625 0.7002439875 0.805285640625 0.705901346875 0.8055590046875001 0.7074331359375 0.8226143609375001 0.70354266875 0.8238913609375 0.7016572296875 0.8254424078125 0.7013034218749999 0.8318270859375 0.6918744515624999 0.8315535625000001 0.690341775 0.8353850875 0.6846844140624999 0.8384858124999999 0.6839771140625001 0.8397634953124999 0.6820915203125 0.841313859375 0.68173786875 0.8425906984375 0.679851540625 0.8441410609375 0.679497890625 0.8438676968750001 0.6779661031249999 0.8451445390625001 0.6760797765625 0.8466955859375 0.6757259703125 0.8492494234375 0.671954203125 0.8507997859374999 0.671600553125 0.853353628125 0.6678287859375 0.8549046734375001 0.6674749796875 0.856181671875 0.6655895421875 0.8577320359374999 0.665235890625 0.8590090343749999 0.6633504515624999 0.860559396875 0.6629968015625 0.8631139203125 0.65922488125 0.8646642828125 0.6588712296875 0.8659411234375 0.6569849015625
0 0.14456842812499998 0.2857674203125 0.1404670234375 0.2627852671875 0.08620022499999999 0.2751639703125 0.084922540625 0.27704956406250003 0.0833721796875 0.27740321562500003 0.08720022031249999 0.29885358125 0.14456842812499998 0.2857674203125
1 0.2122274078125 0.4026820703125 0.2104035234375 0.40150304531250003 0.2101301609375 0.39997125625 0.208579796875 0.40032490625 0.20310830000000002 0.396788715625 0.201557253125 0.3971425234375 0.199733528125 0.3959643859375 0.198183165625 0.3963180359375 0.19635928125 0.395139009375 0.19480891718749999 0.395492659375 0.1929845078125 0.394314678125 0.1914341453125 0.3946683296875 0.18049062656249998 0.38759699375 0.1802172640625 0.38606520624999996 0.1783935375 0.3848870671875 0.17812001718749998 0.383354390625 0.1806738546875 0.379582625 0.18012696875 0.376518159375 0.1785766078125 0.376871809375 0.177299765625 0.3787581390625 0.17757313125000002 0.380289925 0.1762962890625 0.38217625312500003 0.15924093125 0.3860667203125 0.15741636406249998 0.38488785000000003 0.1543156375 0.3855951515625 0.1524919125 0.3844170140625 0.1493911875 0.385124315625 0.145742890625 0.3827673078125 0.144192528125 0.3831209578125 0.14236864375 0.38194193125 0.14081828125 0.3822955828125 0.135346259375 0.3787604375 0.133795896875 0.3791140875 0.130147603125 0.3767570796875 0.1298742390625 0.375225290625 0.12440290000000001 0.3716899890625 0.124129378125 0.3701573125 0.1204817671875 0.36780014843750003 0.1189307203125 0.3681539546875 0.11710699531249999 0.3669758171875 0.116833471875 0.365443140625 0.11528311093750002 0.3657967921875 0.106163478125 0.35990448124999996 0.1046131171875 0.36025813281249996 0.100965503125 0.35790096875 0.10069214062500001 0.35636918125 0.0988675703125 0.355190309375 0.097317209375 0.355543959375 0.09366975625 0.3531876859375 0.093122871875 0.3501232203125 0.08947457656249999 0.3477662125 0.0881975765625 0.3496516515625 0.083546490625 0.35071260312499997 0.082268965625 0.3525990859375 0.0825423296875 0.3541308734375 0.0812654875 0.356017203125 0.08317950625000001 0.366742384375 0.0850032359375 0.3679205203125 0.0852767578125 0.3694531984375 0.0871011671875 0.37063117968750003 0.08737453125 0.37216296875 0.1001417734375 0.38041244218750003 0.1004152953125 0.38194511875 0.10406290625 0.3843022828125 0.10561395312499999 0.3839484765625 0.107437678125 0.3851266140625 0.1089880421875 0.3847729640625 0.1126356546875 0.3871301265625 0.11290901718749999 0.388661915625 0.1147329015625 0.3898409421875 0.115006265625 0.391372728125 0.125950465625 0.39844390937499996 0.12750082812500002 0.39809025937500003 0.1329721671875 0.4016255609375 0.134522528125 0.40127191093750003 0.13634709843749998 0.4024507796875 0.1409981859375 0.401389828125 0.14464648125 0.40374683750000007 0.14619684375 0.40339318593750007 0.1480205703125 0.4045713234375 0.1495709328125 0.40421767343750004 0.15139465937500002 0.405395809375 0.15294570624999998 0.405042003125 0.15841719999999998 0.40857819375000004 0.15996756406249998 0.40822454375 0.1617912890625 0.40940268125 0.1633423359375 0.409048875 0.16516622187500002 0.4102279015625 0.16671658281249999 0.40987425 0.1685403109375 0.4110523890625 0.1700906734375 0.4106987375 0.17373896875 0.4130557453125 0.1768396953125 0.41234844375 0.18048798906250002 0.414705453125 0.1835887140625 0.4139981515625 0.185412440625 0.41517628906250004 0.188513165625 0.4144689875 0.19033773437499998 0.41564785937500004 0.1965391859375 0.41423325625 0.198363596875 0.41541123750000003 0.19991395781250001 0.41505758750000005 0.2035615703125 0.4174147515625 0.20383493281249998 0.4189465390625 0.2257219671875 0.4330892125 0.2259953296875 0.4346209984375 0.23329123593749998 0.4393351703125 0.23484159999999998 0.4389815203125 0.2421375046875 0.4436956921875 0.24368786875 0.44334204218749995 0.24733616406249997 0.44569904843749997 0.25198725 0.444638096875 0.25381097656249996 0.44581623593749997 0.2569123859375 0.4451087796875 0.25390459375 0.42825466562500003 0.2523542328125 0.42860831718750003 0.24870593593749998 0.4262513078125 0.2484325734375 0.4247195203125 0.24660868749999998 0.42354049375 0.24350796406250003 0.42424779375000005 0.24168423749999998 0.42306965781250006 0.240133190625 0.4234234640625 0.2364855796875 0.4210663 0.23493521718750002 0.42141995000000004 0.23311148906249998 0.42024181250000003 0.23156044374999998 0.42059561875 0.22791283281250002 0.41823845468750004 0.227639309375 0.416705778125 0.225815584375 0.41552764218749993 0.224265221875 0.4158812921875 0.22061692656249998 0.41352428437500005 0.2203435625 0.41199249531250004 0.218519678125 0.41081346874999997 0.218246315625 0.40928168125 0.21459870312499998 0.4069245171875 0.2143251828125 0.405391840625 0.212500771875 0.40421385781249997 0.2122274078125 0.4026820703125
5 0 0.3506358859375 0.060108567187499996 0.3369246265625 0.0464369015625 0.26031566875 0 0.27090830781249997 0 0.3506358859375
3 0.79569369375 0.8420317171875 0.7944166953125 0.8439171546875001 0.7946900578125 0.8454489421875 0.8319014984375 0.83696070625 0.8193236031250001 0.7664806796875 0.7836625265625 0.7746152656249999 0.7823856859375 0.7765015921875 0.7927760375 0.834723759375 0.794599921875 0.8359027859375001 0.79569369375 0.8420317171875
1 0.2275648984375 0.27161952500000003 0.22729137656249998 0.27008684843749997 0.2298452171875 0.26631508125000003 0.23139626406249997 0.265961275 0.2365039421875 0.25841774375000004 0.23805430468750002 0.25806409375 0.24188582812499998 0.25240673125 0.243436190625 0.25205308125000003 0.2459907140625 0.248281159375 0.24754107812499998 0.24792750937500002 0.24508017031249998 0.2341378609375 0.2388780359375 0.23555261875000003 0.2363241953125 0.239324384375 0.2332227859375 0.2400318421875 0.23194594687499998 0.2419181703125 0.22729485781249997 0.242979121875 0.22218633593749998 0.2505219203125 0.21908492656249998 0.251229378125 0.21270040625000003 0.2606592375 0.2129737703125 0.262191025 0.2104192453125 0.265962946875 0.21288015312500003 0.27975259375 0.22373337499999998 0.27727688437500003 0.2275648984375 0.27161952500000003
0 0.3592567734375 0.3133336015625 0.35615604843750004 0.3140409015625 0.35360220781249996 0.31781266874999997 0.3563364765625 0.3331341046875 0.370290425 0.32995109375 0.36673590625 0.3100334046875 0.36053445625 0.31144800781250004 0.3592567734375 0.3133336015625
0 0.7903118078125 0.848042728125 0.7864837671875 0.8265923624999999 0.7849334046875 0.8269460125 0.78365640625 0.82883145 0.780555678125 0.8295387515625 0.7792781546875001 0.831425234375 0.776177428125 0.8321325359375 0.779458584375 0.8505184375000001 0.7903118078125 0.848042728125
5 0.7746270671875 0.8324861859375 0.7713457515625 0.8140993968749999 0.72328040625 0.8250634984375 0.7265617203125 0.8434502875 0.7746270671875 0.8324861859375
0 0.4112500578125 0.2520429984375 0.4049611125 0.21680298593749997 0.3119311421875 0.2380238890625 0.3182200890625 0.27326390156249997 0.4112500578125 0.2520429984375
1 0.5506294640625 0.06557761250000001 0.5490790999999999 0.0659312625 0.54178319375 0.0612170921875 0.54023283125 0.061570742187500006 0.5384084203125 0.06039275937500001 0.53813505625 0.058860971875 0.536311171875 0.057681946875 0.534760809375 0.058035596875 0.5329370828125 0.0568574578125 0.5313867203125 0.057211109375 0.5295628359375 0.056032082812499995 0.5187089296875 0.0585079484375 0.5217167218750001 0.0753620609375 0.525365015625 0.07771906875 0.526915378125 0.0773654171875 0.5323867171875001 0.0809007203125 0.5339377640625 0.0805469140625 0.5357616484375 0.08172594062500001 0.5373120109375 0.0813722890625 0.5427833468750001 0.084907590625 0.54433439375 0.084553784375 0.54615811875 0.08573192187499999 0.5477084828125001 0.0853782703125 0.5550043890625 0.09009244375 0.5565547515625 0.0897387921875 0.5620269312499999 0.0932748265625 0.5635772953125 0.0929211765625 0.5654010203125 0.0940993140625 0.5669513828125 0.09374566250000001 0.574247290625 0.09845983593749999 0.575797653125 0.0981061859375 0.5776213796875 0.099284321875 0.579171740625 0.098930671875 0.5828200359375 0.1012876796875 0.5843703984374999 0.10093402968750001 0.588018009375 0.10329119375 0.58956905625 0.1029373875 0.600512575 0.11000872343749998 0.6020629375000001 0.10965507187500001 0.6057103890625 0.112011346875 0.618114659375 0.10918182968750001 0.615927275 0.0969248609375 0.614103390625 0.0957458328125 0.61255234375 0.09609963906249999 0.6107286171874999 0.094921503125 0.6104552546875001 0.09338971406249999 0.6013354609375 0.0874965171875 0.5997850984374999 0.0878501671875 0.5851941296875001 0.07842255625 0.5836430828125 0.0787763625 0.579995471875 0.0764191984375 0.579722109375 0.0748874109375 0.5778982234375001 0.0737083828125 0.5747968140624999 0.074415840625 0.5729730890625 0.073237703125 0.5714227265625 0.0735913546875 0.565950546875 0.0700553203125 0.56440018125 0.0704089703125 0.56257645625 0.0692308328125 0.56102609375 0.0695844828125 0.5592023671875 0.0684063453125 0.5576520046875 0.06875999687499999 0.5540037109375 0.0664029875 0.5524533468749999 0.06675663750000001 0.5506294640625 0.06557761250000001
3 0.8122144062500001 0.7266444125 0.8012771703125001 0.6653577796875 0.7656160921875 0.673492365625 0.776553328125 0.7347789984374999 0.8122144062500001 0.7266444125
4 0.8349407359375001 0.582734625 0.7961782515625 0.5915766671875 0.79490125 0.5934621046874999 0.8039246265625 0.64402444375 0.8426871140625 0.6351824015624999 0.841319978125 0.6275216828125 0.84259681875 0.62563535625 0.8349407359375001 0.582734625
3 0.0807247234375 0.2987365515625 0.0789008375 0.29755752343749997 0.07424975 0.298618475 0.072425340625 0.2974404953125 0.0569210296875 0.30097715625 0.0643037484375 0.3423461 0.09221232812499999 0.3359799234375 0.08510297343749999 0.296142765625 0.083552609375 0.2964964171875 0.0822757703125 0.2983827453125 0.0807247234375 0.2987365515625
0 0.8992473125 0.5090676171874999 0.8961465875 0.5097749171875 0.8948695890625 0.51166035625 0.8978773796875 0.52851446875 0.9102809671875001 0.5256851078125 0.9067262890625001 0.5057665296875 0.9005241546875 0.5071812875 0.8992473125 0.5090676171874999
1 0.469189634375 0.0251565609375 0.4676392734375 0.0255102109375 0.46636227343750003 0.02739565 0.46326086406250006 0.02810310625 0.4619840234375 0.0299894328125 0.457332934375 0.031050384375 0.4560552515625 0.03293598125 0.452954525 0.033643281250000004 0.45541543281249997 0.0474329296875 0.4569657953125 0.047079278125 0.45878967968750006 0.048258304687499996 0.4603407265625 0.0479044984375 0.4621644515625 0.0490826359375 0.46371481562500005 0.048728985937500004 0.4691868375 0.05226413125 0.4707372 0.0519104796875 0.47803310625 0.056624651562499996 0.47958346875 0.0562710015625 0.4832310796875 0.05862816562499999 0.48478144375000004 0.058274515625 0.486605328125 0.059453540625 0.48815637343749996 0.059099734375000004 0.48998010000000003 0.0602778734375 0.4915304625 0.059924221875 0.49882636874999997 0.06463839375 0.50037673125 0.06428474375 0.505848753125 0.0678198890625 0.507399115625 0.0674662375 0.5110467265625 0.0698234015625 0.512597090625 0.0694697515625 0.5144215 0.0706477328125 0.5283754468749999 0.067464721875 0.525367815625 0.0506114984375 0.52354393125 0.049432471875 0.5232705656250001 0.047900684375 0.5196229546875 0.0455435203125 0.5180719078125 0.0458973265625 0.514424296875 0.0435401625 0.5128739343750001 0.043893812500000004 0.505578028125 0.0391796421875 0.5040276671874999 0.0395332921875 0.5022039406250001 0.038355153125 0.5006535765625 0.0387088046875 0.49882900625 0.037529934375000004 0.4972786453125 0.037883584375 0.49545491875 0.036705448437499996 0.49390455624999996 0.0370590984375 0.4866086515625 0.0323449265625 0.48633528593750003 0.0308131390625 0.48451140156249994 0.029634110937500003 0.4842380390625 0.0281023234375 0.47694213124999996 0.023388153125 0.4753917703125 0.023741803125 0.47356804375 0.0225636640625 0.47046663437499997 0.023271121875000002 0.469189634375 0.0251565609375
5 0.3641820671875 0.313805171875 0.3611742765625 0.296951059375 0.30380606875 0.31003722031250003 0.3025290703125 0.3119226578125 0.30097870625 0.31227630781250004 0.303713134375 0.3275986328125 0.3641820671875 0.313805171875
5 0.3714902140625 0.21008697187499997 0.3420305875 0.21680695625 0.34075358906250003 0.21869239375 0.3432144953125 0.23248204218750002 0.402133065625 0.2190422296875 0.39912527343750004 0.20218811718750002 0.3727670578125 0.20820064375 0.3714902140625 0.21008697187499997
5 0.8868587671875 0.376357034375 0.8841243375 0.36103470937500004 0.82365540625 0.374828171875 0.826389834375 0.390150496875 0.8868587671875 0.376357034375
5 0.950758521875 0.6711227140625 0.948297775 0.65733395625 0.89403029375 0.669712815625 0.89275329375 0.671598253125 0.8896525687500001 0.6723055546875 0.8918399515625 0.6845625265625 0.950758521875 0.6711227140625
1 0.8300626125000001 0.1756427609375 0.82851225 0.1759964125 0.82121634375 0.171282240625 0.81966598125 0.1716358921875 0.8123700749999999 0.16692172031250002 0.8108197125000001 0.1672753703125 0.8089959859375 0.1660972328125 0.8074456234375 0.1664508828125 0.801973603125 0.1629157375 0.7988728765625 0.1636230390625 0.793400696875 0.16008700468749998 0.7918503343750001 0.1604406546875 0.7900266078125 0.1592625171875 0.7884755609375 0.159616325 0.7811803390625001 0.15490199531249998 0.7796299765625 0.155255646875 0.7741579546875 0.1517205015625 0.7726075921875 0.15207415156249998 0.7707837078125 0.150895125 0.7692326625 0.15124893125 0.7619375984375 0.1465354921875 0.7603865515625 0.1468892984375 0.756738940625 0.1445321359375 0.7551885765625 0.14488578593749998 0.7515409671875 0.14252862187499998 0.7499899203125 0.14288242812500002 0.7426946984375 0.1381681 0.7411436515625 0.13852190625 0.7393199265625 0.13734376875 0.7377695625 0.1376974203125 0.7304736562499999 0.1329832484375 0.72892329375 0.13333689843750002 0.7270995671875 0.1321587609375 0.7268260453125001 0.130626084375 0.7177064125 0.124733775 0.7174328921875001 0.1232010984375 0.7119608703125 0.11966595312499999 0.71041050625 0.120019603125 0.7085867796875001 0.118841465625 0.7039350078125 0.119902571875 0.7021111234374999 0.118723546875 0.7005607609375 0.119077196875 0.698737034375 0.117899059375 0.6984635140625 0.1163663828125 0.694816059375 0.11401010625 0.6945425390625 0.1124774296875 0.6927181296875 0.11129945000000001 0.691167765625 0.11165309999999999 0.6893438796875 0.110474071875 0.6877935171875 0.1108277234375 0.682321496875 0.107292578125 0.6792207703125 0.107999878125 0.6773970453125 0.1068217421875 0.6758459984375 0.10717554843749999 0.6721983875 0.10481838437499999 0.6659962515625 0.10623314218749999 0.662348640625 0.103875978125 0.66207511875 0.1023433015625 0.6456595796875 0.0917368203125 0.6453862171875 0.0902050328125 0.6438358546875 0.0905586828125 0.6420119703125 0.08937965625 0.6404616062499999 0.08973330625 0.636813471875 0.0873771875 0.6352631078125001 0.0877308375 0.6316154968750001 0.08537367500000001 0.6300651359375 0.085727325 0.628240565625 0.084548453125 0.6266902015625 0.08490210468750001 0.6230425921875 0.0825449421875 0.6214922281249999 0.0828985921875 0.6160202078125 0.079363446875 0.614469846875 0.079717096875 0.6108222343749999 0.0773599328125 0.6092711875 0.0777137390625 0.6037998499999999 0.0741784375 0.6022494875 0.0745320890625 0.5986011921875 0.0721750796875 0.5983278296875 0.0706432921875 0.596777465625 0.07099694375 0.5876576765625 0.06510374375 0.5861073140624999 0.0654573953125 0.582459859375 0.06310112031250001 0.5821863375 0.06156844375 0.580635290625 0.06192225 0.5751639546875 0.058386948437499996 0.5736135921875001 0.0587405984375 0.569965296875 0.056383590625 0.5684149328125 0.056737240625 0.5611190265625 0.052023070312499996 0.559568665625 0.0523767203125 0.5577449375 0.051198582812500004 0.5561945765625 0.0515522328125 0.550722396875 0.048016198437500004 0.549172034375 0.0483698484375 0.5473483078125 0.047191712499999997 0.5457979453124999 0.0475453625 0.54214965 0.0451883546875 0.5405992875 0.0455420046875 0.538775559375 0.0443638671875 0.5372251984374999 0.044717518750000004 0.533576903125 0.042360509375 0.5320265390625 0.0427141609375 0.5283789296875 0.0403569953125 0.5268285671874999 0.040710646875 0.523180271875 0.038353637499999996 0.5229069078124999 0.03682185 0.5210830234375 0.035642825 0.519532659375 0.035996475 0.5049410078125 0.026569020312500004 0.50339064375 0.0269226703125 0.501566759375 0.02574364375 0.4814099921875 0.0303415671875 0.4832345625 0.0315204390625 0.48350792499999995 0.033052226562499995 0.49627516875 0.0413017015625 0.4978255296875 0.04094805 0.503297553125 0.0444831953125 0.506398278125 0.0437758953125 0.5118704578125 0.0473119296875 0.51342081875 0.046958278125 0.520716725 0.05167245 0.5222670875000001 0.0513188 0.5240908156249999 0.05249693749999999 0.525641178125 0.0521432875 0.5329370828125 0.0568574578125 0.5344874468749999 0.056503807812499994 0.5399594671875 0.060038953125 0.54150983125 0.059685303125 0.54333355625 0.060863440625 0.54488391875 0.060509790625000004 0.5521798265625 0.0652239609375 0.55528055 0.0645166609375 0.56257645625 0.0692308328125 0.5641268187499999 0.06887718125 0.5714227265625 0.0735913546875 0.5729730890625 0.073237703125 0.5747968140624999 0.074415840625 0.5763478609375 0.074062034375 0.5818191968749999 0.0775973359375 0.583369559375 0.077243684375 0.5851941296875001 0.07842255625 0.586744490625 0.07806890625 0.5885682203125 0.0792470421875 0.588841740625 0.08077971874999999 0.5903921046875 0.08042606875 0.597688009375 0.085140240625 0.5992383734375 0.084786590625 0.6065341203125 0.0894998734375 0.6080844812499999 0.0891462234375 0.617204115625 0.09503853281249999 0.6174776375000001 0.096571209375 0.6211252484374999 0.0989283734375 0.6226762953125 0.09857456718749999 0.6245000218750001 0.0997527046875 0.6260503828124999 0.0993990546875 0.6315218796875001 0.1029352453125 0.6330729265625 0.1025814375 0.634896653125 0.10375957499999999 0.6364470156250001 0.10340592500000001 0.638270740625 0.10458406093749999 0.639821103125 0.1042304109375 0.6452932828125 0.10776644531249999 0.6468436468750001 0.1074127953125 0.6559632796875 0.11330510468749999 0.6575136421875001 0.11295145312499999 0.6593373687499999 0.1141295921875 0.6596108890625 0.11566226875 0.6669067953125001 0.120376440625 0.667180159375 0.1219082296875 0.6708284531250001 0.1242652375 0.671922225 0.13039416718750002 0.6755696765625 0.1327504421875 0.6771200421875 0.132396790625 0.678943925 0.1335758171875 0.6804942890625 0.1332221671875 0.684142584375 0.135579175 0.6856929468749999 0.135225525 0.6875166734375 0.1364036609375 0.689067034375 0.1360500109375 0.6927153296874999 0.13840702031250002 0.6942656921875 0.13805336875000002 0.6960895765624999 0.1392323953125 0.697639940625 0.13887874375 0.6994643515625001 0.14005672656249998 0.7010147140625 0.1397030765625 0.7046623249999999 0.1420602390625 0.7062126859375 0.1417065890625 0.7080364125 0.1428847265625 0.711137821875 0.1421772703125 0.71296170625 0.143356296875 0.7191638421875 0.1419415375 0.72098756875 0.143119675 0.72253793125 0.142766025 0.726186225 0.1451230328125 0.7277365890625 0.1447693828125 0.7295603140625 0.1459475203125 0.7311106765625001 0.14559387031249998 0.7384065828125 0.1503080421875 0.739956946875 0.149954390625 0.747252853125 0.1546685625 0.748803215625 0.1543149109375 0.750626940625 0.15549305 0.7521773046875 0.15513939999999998 0.7558255984375 0.15749640625 0.7573759609375 0.15714275625000002 0.7591998453125 0.1583217828125 0.760750209375 0.1579681328125 0.7735181359375 0.16621745000000002 0.7750684984375 0.16586379843750002 0.778716109375 0.1682209640625 0.7802664734375 0.1678673125 0.78209088125 0.16904529375 0.7823644046875 0.17057797187499998 0.7860118578125 0.172934246875 0.78628538125 0.1744669234375 0.789932990625 0.1768240875 0.7914833546875 0.1764704375 0.796955375 0.1800055828125 0.7985057359375001 0.1796519328125 0.8003294640625 0.18083006875000002 0.803430871875 0.1801226125 0.8089023687499999 0.1836588015625 0.8104534156250001 0.1833049953125 0.8122771421874999 0.184483134375 0.8138275046875 0.1841294828125 0.8229471359374999 0.19002179218749998 0.8244974984375 0.18966814062499998 0.8281451109375 0.1920253046875 0.8284186328124999 0.19355798125 0.83024304375 0.1947359640625 0.8317934062499999 0.1943823140625 0.8336172906250001 0.195561340625 0.8338906546875 0.1970931265625 0.839362675 0.2006282734375 0.839636196875 0.20216094999999998 0.8432838078125 0.204518115625 0.8435571718749999 0.206049903125 0.8453810562499999 0.207228928125 0.8469314203125 0.206875278125 0.8487558296875 0.2080532609375 0.8490291921875001 0.2095850484375 0.8545006890625 0.2131212375 0.8560510515624999 0.2127675875 0.8615230734375 0.2163027328125 0.863073434375 0.2159490828125 0.8648971624999999 0.2171272203125 0.8664475234375001 0.2167735703125 0.8719197046874999 0.2203096046875 0.8734700671875 0.219955953125 0.87529379375 0.22113409062499997 0.87684415625 0.22078044062500002 0.8823163359375 0.22431647500000002 0.8838666984374999 0.2239628234375 0.885690425 0.22514096249999999 0.8872414718750001 0.22478715624999998 0.889065196875 0.22596529375 0.8906155609375 0.2256116421875 0.8924394453125 0.22679066875 0.892712809375 0.2283224578125 0.9128695765625 0.22372453281250002 0.9110451656249999 0.22254654999999998 0.9107716437500001 0.2210138734375 0.9089479171875 0.2198357359375 0.9086745546874999 0.2183039484375 0.9050269406250001 0.21594678437499998 0.9034765796875 0.216300434375 0.890708653125 0.2080511171875 0.889158290625 0.2084047671875 0.8855106781250001 0.20604760312499998 0.883960315625 0.20640125468749998 0.8784881359375 0.2028652203125 0.8769377734375 0.20321887031250002 0.8732896374999999 0.20086275156250002 0.8730161140625 0.199330075 0.8711923890625 0.19815193749999999 0.8696420265624999 0.1985055875 0.8678181421875 0.1973265609375 0.866267778125 0.1976802109375 0.849852240625 0.1870737296875 0.8495788781250001 0.1855419421875 0.8480285140625 0.18589559375 0.8334367015625 0.17646725000000002 0.8318863390625 0.1768209 0.8300626125000001 0.1756427609375
4 0.269701475 0.26360196875 0.267147634375 0.267373734375 0.2734365828125 0.3026137484375 0.29979480000000003 0.2966012203125 0.3010716390625 0.29471489375000004 0.302622003125 0.29436124375 0.2963330546875 0.2591212296875 0.274626609375 0.26407265 0.2728022 0.2628946671875 0.269701475 0.26360196875
5 0.6669005171875 0.1745917375 0.664166246875 0.1592703015625 0.6021469500000001 0.1734174140625 0.6048812203125 0.18873884999999999 0.6669005171875 0.1745917375
5 0.507753171875 0.1598689828125 0.5050189015625001 0.1445475484375 0.4429989234375 0.1586948171875 0.4457331921875 0.1740162515625 0.507753171875 0.1598689828125
3 0.2632135765625 0.371916421875 0.250809990625 0.37474578125 0.24953246562500003 0.3766322640625 0.24798210312500002 0.376985915625 0.2467051046875 0.378871353125 0.24205333125 0.3799324609375 0.24022960468750001 0.37875432343750004 0.2386792421875 0.37910797500000004 0.23685535781249997 0.3779289484375 0.23530499531250001 0.3782825984375 0.2385863109375 0.39666938749999997 0.24041003593750002 0.397847525 0.2406834 0.3993793140625 0.24433100937500002 0.40173647656249994 0.2446045328125 0.4032691546875 0.24642825781250002 0.40444729218750003 0.2467017796875 0.40597996875 0.24852619062499998 0.4071579515625 0.24879955312500002 0.40868973750000004 0.2506234375 0.409868765625 0.252173803125 0.409515115625 0.253997528125 0.41069325156250003 0.269502525 0.40715643437500004 0.2632135765625 0.371916421875
1 0.34860582500000004 0.1451462296875 0.3501561875 0.14479257968749998 0.35143318749999997 0.142907140625 0.3529835484375 0.142553490625 0.3593689125 0.13312436249999998 0.35772825625000004 0.12393096875000001 0.355904528125 0.12275283125 0.341949896875 0.1259359984375 0.3355645328125 0.135365125 0.3340141703125 0.135718775 0.322520446875 0.1526915890625 0.3209700828125 0.153045240625 0.31969308281250003 0.154930678125 0.31996660625 0.15646335625000002 0.3148580828125 0.1640061546875 0.31513160625 0.16553883281249998 0.3100239265625 0.1730823640625 0.3084728796875 0.1734361703125 0.303365040625 0.1809788125 0.30181399375 0.18133261875 0.29926015625 0.1851043859375 0.2977097921875 0.18545803593750002 0.295155953125 0.1892298015625 0.29360490625 0.18958360937500002 0.289774225 0.1952417015625 0.2882238625 0.195595353125 0.2818385 0.20502447968749998 0.2802881390625 0.2053781296875 0.2687944125 0.22235094375000003 0.265693003125 0.22305840156249998 0.264416003125 0.22494383906249998 0.2628656421875 0.2252974890625 0.2615886421875 0.22718292812500002 0.2600382796875 0.22753657968750002 0.25876143749999997 0.22942290625 0.2572103921875 0.2297767125 0.2559333921875 0.2316621515625 0.2512823046875 0.23272310312500002 0.2494578953125 0.23154512187499998 0.24790753125 0.231898771875 0.24954818906249998 0.2410921671875 0.27280568125000004 0.235786940625 0.283022409375 0.22069956406250002 0.2845727703125 0.2203459140625 0.288403609375 0.214688709375 0.289953971875 0.21433505937500003 0.29506233593750003 0.206791371875 0.29661269843750004 0.20643772187499998 0.29789038125 0.20455212656250002 0.29944074375 0.20419847500000002 0.3032714234375 0.1985403828125 0.3063728328125 0.197832925 0.30764983125 0.1959474875 0.3092001953125 0.19559383749999998 0.31303172031250004 0.18993647656249998 0.31458208125 0.1895828265625 0.315858921875 0.1876964984375 0.3174092859375 0.1873428484375 0.32124080625 0.1816854859375 0.32279117031250004 0.1813318359375 0.3432240984375 0.1511581296875 0.34477446093749997 0.1508044796875 0.3460513015625 0.1489181515625 0.34760166406250004 0.14856450000000002 0.3473283015625 0.1470327125 0.34860582500000004 0.1451462296875
0 0.8870514390625001 0.287017865625 0.8824031484375 0.26097124531250004 0.8668981546875001 0.2645080625 0.8671715171875001 0.2660398515625 0.86589451875 0.2679252890625 0.8694491953125001 0.28784386875 0.8712730796875 0.28902289375 0.8715464453124999 0.29055468281249996 0.8870514390625001 0.287017865625
5 0.21480029374999998 0.23626159218749998 0.20987848125 0.208682296875 0.07498598437500001 0.2394523875 0.079907796875 0.2670316828125 0.21480029374999998 0.23626159218749998
0 0.1903342515625 0.44275558437500007 0.1875999828125 0.42743414843750005 0.170544625 0.431324615625 0.17327889375 0.446646053125 0.1903342515625 0.44275558437500007
3 0.276900965625 0.31298528124999997 0.266237090625 0.2532304359375 0.239878871875 0.25924296406249997 0.24015223749999998 0.26077475156249996 0.23376703437500002 0.2702047671875 0.2322166703125 0.2705584171875 0.2309389875 0.27244401093750004 0.239688840625 0.3214736734375 0.276900965625 0.31298528124999997
4 0.16280173125 0.3517691140625 0.1646254578125 0.35294725 0.1648988203125 0.3544790390625 0.170371 0.3580150734375 0.18897672031249999 0.35377095468749997 0.1824142515625 0.3169982640625 0.157606396875 0.322657140625 0.16280173125 0.3517691140625
4 0.27260673125 0.37934140781250003 0.27132973125 0.3812268453125 0.27297038749999997 0.390420240625 0.308631465625 0.38228565468750003 0.3023425203125 0.347045640625 0.27753466250000003 0.3527045171875 0.27625766406249996 0.35458995625 0.2747073015625 0.35494360625 0.26959893749999997 0.3624872953125 0.27260673125 0.37934140781250003
1 0.8215050265625001 0.8329547249999999 0.8261567984375 0.8318936171875 0.8279805234375001 0.8330717546875 0.829257521875 0.831186315625 0.8308078859375 0.8308326656249999 0.8083863656249999 0.705194046875 0.805285640625 0.705901346875 0.804008640625 0.7077867859375 0.8045555265625 0.7108512499999999 0.8032786875 0.7127375796875 0.8035520500000001 0.714269365625 0.8022750515625001 0.7161548046874999 0.8028219375000001 0.7192192703125 0.8015444125 0.7211057546874999 0.8031849125000001 0.730298259375 0.8019080687500001 0.7321845875 0.8046423390624999 0.7475060234375001 0.806466225 0.7486850484375001 0.8075598375 0.754813090625 0.806282996875 0.75669941875 0.8128453078125 0.7934712203125 0.81466919375 0.7946502453125001 0.8182238703125 0.8145688249999999 0.8169468703125 0.8164542625 0.8194077765625 0.8302439093749999 0.8212315046875001 0.8314220484374999 0.8215050265625001 0.8329547249999999
5 0.9101005375 0.5065919078125 0.906819221875 0.488205115625 0.8416992000000001 0.5030595296875 0.8449805140625 0.5214463203124999 0.9101005375 0.5065919078125
5 0.8407825359375 0.5431324171874999 0.8380482671875 0.5278109828125 0.7791290125 0.54125095 0.7818632828125 0.556572384375 0.8407825359375 0.5431324171874999
0 0.44558444062499997 0 0.4441117390625 0.0021750328125 0.4476664171875 0.0220936109375 0.461620365625 0.0189106 0.45824557187500004 0 0.44558444062499997 0
0 0.7668902937500001 0.6987144984375 0.763335615625 0.6787959203125 0.7509313453125 0.6816254359375 0.7544860234375 0.7015440140625 0.7668902937500001 0.6987144984375
1 0.3604660078125 0.112144678125 0.3617430046875 0.11025923906249999 0.36329336875 0.1099055890625 0.3645702078125 0.1080192625 0.36767161718749997 0.10731180468749998 0.36894861562500003 0.10542636718750001 0.3704989796875 0.1050727171875 0.3743303421875 0.0994144671875 0.3758807078125 0.09906081562499999 0.3797115453125 0.0934036125 0.3812625921875 0.09304980625 0.3825395921875 0.091164365625 0.38408995468749996 0.09081071562500001 0.38792131875 0.08515246562499999 0.38947168125 0.084798815625 0.39074868125 0.082913378125 0.39229904375 0.0825597265625 0.39740740625000004 0.0750160390625 0.39895776875 0.07466238750000001 0.40023476875 0.07277694999999999 0.40178513125000004 0.0724233 0.4056164953125 0.06676505 0.407166859375 0.0664114 0.4161060609375 0.05321050625 0.4176571078125 0.0528567 0.41893410624999994 0.0509712625 0.42048446874999995 0.0506176109375 0.4217614671875 0.0487321734375 0.42331183125000005 0.0483785234375 0.42458935468750003 0.046492039062500004 0.4234955828125 0.040363109375 0.421671175 0.0391851265625 0.4211242890625 0.0361206625 0.41747667499999996 0.0337634984375 0.4159263125 0.0341171484375 0.41410258750000006 0.032939012499999996 0.40945081562499996 0.0340001203125 0.408173815625 0.0358855578125 0.4066234546875 0.0362392078125 0.40534592968750005 0.038125690625 0.40379556718750004 0.0384793421875 0.4012415671875 0.04225021875 0.39969120625 0.04260386875 0.393306003125 0.0520338859375 0.3917556390625 0.05238753593749999 0.38153875312499996 0.0674740234375 0.379988390625 0.0678276734375 0.3710491890625 0.081028565625 0.36949814375 0.081382371875 0.3682213 0.0832687 0.3666709375 0.0836223515625 0.3615624171875 0.0911651484375 0.36001205468749997 0.0915188 0.3574582140625 0.095290565625 0.3559078515625 0.095644215625 0.3507994890625 0.103187903125 0.349249125 0.1035415546875 0.3466946015625 0.10731347656250001 0.3451442390625 0.10766712656249999 0.3400358765625 0.1152108140625 0.3353847875 0.116271765625 0.3341077890625 0.11815720625 0.33255674218750003 0.1185110125 0.3300029015625 0.1222827765625 0.3284525390625 0.122636428125 0.327175540625 0.1245218671875 0.3256244953125 0.12487567343749999 0.32434765312499997 0.12676199999999999 0.32279729218750003 0.1271156515625 0.3138580890625 0.14031654375 0.3123077265625 0.1406701953125 0.31103004218749997 0.1425557890625 0.30947968124999997 0.1429094390625 0.3056490015625 0.14856753281249999 0.3059223640625 0.150099321875 0.3046448390625 0.1519858046875 0.30519156718749996 0.15504938125 0.30263772499999997 0.1588211453125 0.3029112484375 0.1603538234375 0.30035740781250003 0.16412558906250002 0.300630771875 0.165657378125 0.3024544984375 0.1668355140625 0.308656634375 0.16542075625 0.3099336328125 0.16353531875 0.31148399531250004 0.1631816671875 0.314037834375 0.15940990156249998 0.31558888125 0.1590560953125 0.3168658796875 0.1571706578125 0.3184162421875 0.15681700625 0.31969308281250003 0.154930678125 0.32124344531250004 0.15457702812500002 0.32635196875 0.1470342296875 0.32790233125 0.146680578125 0.3330106953125 0.139136890625 0.33456105625 0.1387832390625 0.3371155796875 0.13501131875 0.3417666703125 0.1339503671875 0.343043509375 0.1320640375 0.344593871875 0.1317103875 0.3458715546875 0.12982479375 0.34742191718750004 0.12947114375 0.3486989171875 0.12758570625 0.35024927968749997 0.1272320546875 0.356634484375 0.1178020390625 0.358184846875 0.11744838906249999 0.360739528125 0.1136773546875 0.3604660078125 0.112144678125