3 0.5787232796875 0.1623144609375 0.5491046015625 0.16059234687499999 0.5503396140625 0.19084940156250002 0.5799582921875001 0.1925715171875 0.5787232796875 0.1623144609375
3 0.2924209015625 0.1136138453125 0.2517444 0.1112488 0.253364134375 0.1509313046875 0.29404063593749996 0.15329635 0.2924209015625 0.1136138453125
3 0.2718274625 0.19280989531249998 0.23805347187499998 0.19084618125 0.2401973203125 0.2433691515625 0.2739713109375 0.245332865625 0.2718274625 0.19280989531249998
3 0.3841079265625 0.26962281250000003 0.3616402515625 0.268316478125 0.3630532875 0.302935 0.3855209625 0.304241334375 0.3841079265625 0.26962281250000003
3 0.6149676296875 0.7805182078125 0.5770659390625 0.7783144953125001 0.578332015625 0.8093326125000001 0.6162337078125 0.811536325 0.6149676296875 0.7805182078125
3 0.526284746875 0.7723395156249999 0.48973594687500005 0.7702144640624999 0.49181408125 0.8211274968750001 0.5283628796875 0.8232525484375 0.526284746875 0.7723395156249999
3 0.5335292484374999 0.67390671875 0.510930425 0.672592759375 0.5128161984374999 0.7187930687499999 0.535415021875 0.7201070281249999 0.5335292484374999 0.67390671875
3 0.5761011375 0.5302984109375 0.5288258359375 0.527549690625 0.5322126609375 0.610524859375 0.5794879640625 0.6132735796875 0.5761011375 0.5302984109375
3 0.6612274265625 0.7104751593749999 0.636122990625 0.7090155171875 0.6375579328125001 0.7441706828125 0.6626623671874999 0.745630325 0.6612274265625 0.7104751593749999
3 0.796453309375 0.9333235140625 0.7684429171875 0.9316949109375001 0.7697910359375 0.964723009375 0.7978014265625 0.9663516124999999 0.796453309375 0.9333235140625
3 0.78301295625 0.92433139375 0.7623537390624999 0.9231302078124999 0.7628101468749999 0.93431195 0.7834693640625 0.9355131359375 0.78301295625 0.92433139375
3 0.774646390625 0.9099934031249999 0.7582391203125 0.9090394390625001 0.7589344859375 0.926075496875 0.77534175625 0.9270294625 0.774646390625 0.9099934031249999
5 0.599084221875 0.7259621046875 0.59437104375 0.742302121875 0.5921357109375001 0.743463859375 0.59466315625 0.7428116484375 0.65461335625 0.7784819421875 0.660392053125 0.761776553125 0.599084221875 0.7259621046875
5 0.27979750000000003 0.021962034375 0.259286790625 0.0105651265625 0.21884312499999997 0.0089171734375 0.2746421484375 0.044693992187499997 0.27979750000000003 0.021962034375
5 0.59332309375 0.525973278125 0.5987085546875 0.5078666875 0.572976159375 0.4952737296875 0.5698336281249999 0.5104815 0.59332309375 0.525973278125
5 0.6793027484375 0.5543019453125 0.6877754921875 0.534041609375 0.5606629765625 0.4587297375 0.5557791187500001 0.48114555000000003 0.6793027484375 0.5543019453125
5 0.534998678125 0.348994078125 0.53763881875 0.335244459375 0.47937045312500004 0.3024987171875 0.4744214515625 0.3165365484375 0.534998678125 0.348994078125
5 0.5280027046875 0.8776088578125 0.527550125 0.8777061640625 0.5482379 0.8927323156250001 0.552232759375 0.8753440343750001 0.5315458609375 0.86634525 0.5280027046875 0.8776088578125
5 0.6526790015625 0.932627675 0.59406094375 0.899226940625 0.5895605625 0.916140984375 0.6476148625 0.9497999874999999 0.6526790015625 0.932627675
5 0.4703976296875 0.82892423125 0.4744520234375 0.81137490625 0.4213651609375 0.7814388906249999 0.41749971874999997 0.7954521203125 0.4703976296875 0.82892423125
5 0.48508248125 0.7843901828125001 0.3657817109375 0.71694303125 0.36178066875 0.7349052609375 0.4797390328125 0.8028681375 0.48508248125 0.7843901828125001
5 0.49520220156250006 0.5196871296875 0.50198144375 0.50207040625 0.4469085296875 0.46681802031249997 0.4414806203125 0.48550424062499997 0.49520220156250006 0.5196871296875
5 0.3670997875 0.30224846250000004 0.3049747 0.269946234375 0.301532934375 0.2883838796875 0.36378567031250003 0.31912342968749996 0.3670997875 0.30224846250000004
5 0.426144715625 0.3737749828125 0.275030575 0.2857254890625 0.267221146875 0.312148078125 0.4251558359375 0.40169505625 0.426144715625 0.3737749828125
0 0.564320896875 0.3642039578125 0.47335759218750006 0.314007115625 0.4666984078125 0.35168877656249997 0.5571686812500001 0.40367429843749997 0.564320896875 0.3642039578125
5 0.8291973328125 0.313121153125 0.8429789218750001 0.23658845 0.7372369515625 0.1693271078125 0.718725925 0.24899660781250002 0.7189943046875 0.2504937328125 0.8291973328125 0.313121153125
5 0.4736112265625 0.1636786890625 0.4114169375 0.1270660984375 0.407866396875 0.1443741125 0.4702407046875 0.1794416703125 0.4736112265625 0.1636786890625
5 0.311971815625 0.061124809375 0.312090709375 0.06101783281249999 0.3690358625 0.09328170625 0.37224698125 0.078472153125 0.3164270921875 0.045113409375 0.311971815625 0.061124809375
5 0.22061499062499998 0.24918360156250002 0.22483109375 0.2325255828125 0.166413715625 0.20043114375 0.162693284375 0.21814881718749998 0.22061499062499998 0.24918360156250002
5 0.2087411359375 0.2054356828125 0.086814271875 0.1355152484375 0.0843890046875 0.150547653125 0.203333503125 0.2196249828125 0.2087411359375 0.2054356828125
1 0.8474251765625 0.9345729984375 0.8318401203124999 0.9222653609375 0.8017837625 0.9213597953124999 0.80562956875 0.92920223125 0.8266169874999999 0.9310211421875 0.826637440625 0.9395863375 0.8391557984375 0.9504356421875 0.8474251765625 0.9345729984375
1 0.8041959625 0.9308408281249999 0.82043253125 0.9576423640625 0.8247507328125 0.9554638203125 0.8365032171875001 0.9600339453125001 0.8352826625 0.9715484296874999 0.85671483125 0.98333554375 0.8610955515625 0.9676906750000001 0.818336646875 0.940777959375 0.8133096359374999 0.9301967984375 0.8041959625 0.9308408281249999
1 0.812164190625 0.9046815328125 0.8248037125 0.9122234421875 0.8278329125000001 0.8946777796875001 0.8112482578125 0.8833720625 0.7892018265625 0.9056125187499999 0.7972882109375 0.9213359203125 0.812164190625 0.9046815328125
1 0.70680209375 0.11374973125000001 0.68181788125 0.0994277078125 0.6776017953125 0.1170815203125 0.70311091875 0.1313912328125 0.70680209375 0.11374973125000001
1 0.5603091453125 0.9286801468749999 0.5617265421875001 0.9297486156250001 0.58776031875 0.943499925 0.59248420625 0.9302228578125 0.5647762484375 0.9120980453125 0.5603091453125 0.9286801468749999
1 0.44442738281249994 0.8117356328125 0.4182899671875 0.7960694546875 0.41403063749999997 0.8114322796875 0.4418832265625 0.8285959921874999 0.44442738281249994 0.8117356328125
1 0.5712239328125001 0.7587997453125 0.5506567328124999 0.7458841296875 0.546172765625 0.7604503046875 0.5689222078125 0.77405835 0.5712239328125001 0.7587997453125
1 0.5346700734375001 0.803569096875 0.5893166937500001 0.561383459375 0.5779058921875 0.56526871875 0.522657471875 0.8057684734375 0.5346700734375001 0.803569096875
1 0.651013903125 0.612186628125 0.6481958296875 0.6115896125 0.6488337484375 0.613097515625 0.5792151 0.5723075953125 0.583891215625 0.5871980546875 0.6349253218750001 0.6158855671875 0.634288378125 0.62776299375 0.6526112296875 0.6360860359375 0.651013903125 0.612186628125
1 0.74497791875 0.86305281875 0.7568924 0.8609295046875 0.577619059375 0.5668455015625 0.564352628125 0.568373334375 0.74497791875 0.86305281875
1 0.78530279375 0.9046820484375001 0.79721694375 0.8999188421875 0.5912644375 0.5618305828125 0.5783266421875 0.5657243984375 0.78530279375 0.9046820484375001
1 0.5111468625 0.8639443859375 0.5829725578125 0.8470716546875 0.5869245875 0.8242307953125 0.5143559015625 0.8373419265625 0.5111468625 0.8639443859375
1 0.4830347703125 0.866623021875 0.51054585 0.8630538203125001 0.5152258984375 0.8410096781249999 0.48762706875 0.8486542874999999 0.4830347703125 0.866623021875
0 0.741436096875 0.93955401875 0.736395265625 0.9344377156249999 0.7331662703124999 0.9342499734375 0.7314859796875 0.9325442125000001 0.7266417984375 0.932262559375 0.724961546875 0.9305577734374999 0.7136600640624999 0.9299006734375 0.7121113203125 0.9314177156250001 0.7088823234375 0.9312299718749999 0.7073336203125 0.9327479890625 0.7081229359375001 0.95208576875 0.711483478125 0.9554963140625 0.7179414671875 0.9558718 0.72466255 0.9626928859375001 0.7262770484375001 0.9627867578125 0.7313185703125 0.9679031015625 0.7458490453125 0.9687479437500001 0.7473977515625 0.967229928125 0.7465426828124999 0.946281234375 0.7415018484375 0.94116493125 0.741436096875 0.93955401875
1 0.249821284375 0.10232865312499999 0.249755490625 0.10071676562500001 0.251304196875 0.09919875 0.254533190625 0.0993864921875 0.2537439140625 0.0800496859375 0.2520636234375 0.0783439265625 0.251997871875 0.07673301406250001 0.2469570375 0.07161671093750001 0.2468912453125 0.070004821875 0.24353070625 0.06659427812499999 0.23545821875 0.06612492187499999 0.23749728281250002 0.116080775 0.24718426718750003 0.116644003125 0.2469211359375 0.110197425 0.24846987812500002 0.10868038437500001 0.24827253906250002 0.10384569531250001 0.249821284375 0.10232865312499999
5 0.488402290625 0.6595816234375 0.4899509953125 0.65806360625 0.48988524218749996 0.65645269375 0.4882049515625 0.654746934375 0.488139159375 0.653135046875 0.48645890625000004 0.6514302625 0.48632736093749995 0.6482074609375 0.4846470703125 0.6465017015625001 0.484383978125 0.6400561015624999 0.4827029984375 0.6383503015625 0.48263724531249996 0.6367393890625 0.4759161625 0.6299183 0.4758503703125 0.6283064109375001 0.47417007968749997 0.626600653125 0.47255558124999997 0.6265067796875 0.467514790625 0.621391453125 0.46428579531249997 0.6212037109375 0.4626055046875 0.61949795 0.459376509375 0.6193102078125 0.44929419687500005 0.6090785359375 0.44817599531249996 0.581683265625 0.44649574375 0.5799784812500001 0.4463641984375 0.57675568125 0.44468390781249995 0.5750499203125 0.4445523609375 0.5718271203125 0.44287207031250003 0.5701213593750001 0.4427405234375 0.566898559375 0.4410602734375 0.565193775 0.44099448125 0.5635818859375 0.43595364999999997 0.5584655828125 0.435887896875 0.5568546703125 0.42916681562500003 0.550033584375 0.4275516265625 0.549939671875 0.42587133593750004 0.5482339125 0.4242568390625 0.548140040625 0.4225765484375 0.54643428125 0.42096205 0.5463404093750001 0.415921259375 0.54122508125 0.4143067625 0.5411312109375 0.4126264703125 0.53942545 0.4110119734375 0.5393315796875 0.40765143281249994 0.5359210359375 0.406036934375 0.5358271640625001 0.404356684375 0.5341223796875 0.4011269984375 0.533934596875 0.3994467078125 0.5322288359375 0.3962177140625 0.53204109375 0.394537425 0.5303353343749999 0.39292292500000003 0.5302414625 0.391242675 0.5285366796875001 0.389628178125 0.5284428078125 0.38794788750000003 0.5267370484375 0.381489896875 0.5263615609375 0.37994119375 0.5278795781250001 0.378326696875 0.5277857078125 0.37522855625 0.530820725 0.3752943484375 0.5324326140625 0.3721969 0.5354676703125001 0.3723284453125 0.5386904718750001 0.370779703125 0.5402075125 0.3709770421875 0.5450422015624999 0.3694283375 0.5465602203125 0.3696256375 0.5513939328124999 0.3680769328125 0.55291195 0.36827427031250004 0.5577466375 0.36672552812500003 0.5592636796875 0.3669228671875 0.5640983687500001 0.3653741203125 0.565615409375 0.365571459375 0.5704501 0.36402275624999997 0.571968115625 0.364285846875 0.5784137171875 0.3627371046875 0.579930759375 0.3630002359375 0.5863773359375 0.3614514921875 0.5878943765625 0.36151728437499997 0.5895062656250001 0.35996854218749996 0.59102330625 0.36062631093749997 0.6071382859375001 0.362306603125 0.608844046875 0.3623723546875 0.6104549578125 0.36405264531250003 0.61216071875 0.3656671421875 0.6122545890625 0.3673473921875 0.6139593750000001 0.36896189218750003 0.6140532453125 0.374002721875 0.61916955 0.37561721875 0.6192634203125 0.377297471875 0.6209682046875 0.37891196875 0.621062075 0.380592259375 0.6227678359375 0.3822074453125 0.6228617468750001 0.387248278125 0.6279780500000001 0.388862775 0.6280719218749999 0.3905430265625 0.62977670625 0.392157521875 0.629870578125 0.3955180640625 0.633281121875 0.3971325609375 0.6333749921875 0.39881285312500003 0.635080753125 0.4004273484375 0.6351746234375 0.40210763906249997 0.636880384375 0.40533663437499995 0.6370681265625 0.4070168859375 0.638772909375 0.41347556562500004 0.6391484375 0.41502431093750003 0.6376313953125 0.42955478593749996 0.6384762390625001 0.43123503750000003 0.6401810234374999 0.432850225 0.640274934375 0.434530515625 0.64198069375 0.4442175 0.6425439234375 0.44589775 0.64424870625 0.45074124375 0.6445303203125 0.45242153281249997 0.64623608125 0.45403603124999997 0.6463299515625 0.4557162828125 0.6480347375 0.4573307796875 0.6481286078124999 0.47245392500000005 0.6634765828125 0.47406842187500003 0.663570453125 0.47574871406249997 0.6652762140624999 0.48220670156249995 0.6656517 0.4837554078125 0.6641336828125 0.48537059375 0.66422759375 0.48846804375 0.6611925359375 0.488402290625 0.6595816234375
0 0.4228515640625 0.8293943875 0.4244003078125 0.827877346875 0.4240714234375 0.8198198578125 0.422391171875 0.8181150734375 0.42232537812500004 0.8165031859375 0.4206450890625 0.8147974250000001 0.42051354218750003 0.8115746250000001 0.41883329218750004 0.8098698390625 0.41870174687499995 0.8066470406249999 0.4170214546875 0.8049412796875 0.41695566093750003 0.8033293921875 0.4121114796875 0.8030477375 0.4074653265625 0.8076008124999999 0.40871507500000004 0.838218884375 0.4200172484375 0.838876025 0.4215659515625 0.83735800625 0.42136865312499994 0.83252429375 0.42291735625 0.8310062765625 0.4228515640625 0.8293943875
2 0.27668570937500003 0.10952176875 0.2614442484375 0.108466215625 0.238330221875 0.228162128125 0.2473404046875 0.245564825 0.3366819734375 0.22815988437499998 0.5478102421875 0.5679556453125 0.4933388234375 0.8066394296875 0.499049503125 0.8176224484375 0.5787011718749999 0.8039692078125 0.5759705203125 0.7901954421874999 0.5032004234375 0.8055589984375 0.5552000359375 0.581864028125 0.7532258203125 0.9135896609374999 0.7688981874999999 0.908787015625 0.3495007265625 0.2270518421875 0.7128838125 0.16361649218750002 0.7106436328125 0.1419010140625 0.33804824375 0.20877708906249998 0.27668570937500003 0.10952176875
0 0.43124043125 0.52081868125 0.445229015625 0.5297794078125 0.449308271875 0.5056522921875 0.4376096328125 0.499246540625 0.43191540625 0.5179708125 0.43056616718749996 0.51860586875 0.43124043125 0.52081868125
0 0.50965701875 0.749113909375 0.49678521093750005 0.7409423296875 0.49175398281250005 0.756306025 0.5058477140625001 0.7659532718750001 0.50965701875 0.749113909375
0 0.595314953125 0.9463308250000001 0.58131116875 0.9398825453124999 0.5774725875 0.9615551015625 0.5894939609375001 0.9684614546875 0.595314953125 0.9463308250000001
0 0.5913860843750001 0.8192026718750001 0.587444728125 0.842355640625 0.5874851203125 0.8424986765625 0.6397327859375 0.8722744125 0.645237175 0.8492366562500001 0.5913860843750001 0.8192026718750001
0 0.49123623437499997 0.4691198859375 0.4813605765625 0.45418311562499997 0.4708034328125 0.46816840312499997 0.4798824171875 0.48244852812500005 0.49123623437499997 0.4691198859375
0 0.17090117968750002 0.24076319218750003 0.15943002343749998 0.23240633906250002 0.154194065625 0.253011590625 0.16750450625 0.25902338125 0.17090117968750002 0.24076319218750003
0 0.3060681453125 0.1891511109375 0.2944083734375 0.183292725 0.2896498796875 0.20675542187499998 0.301434665625 0.2124711734375 0.3060681453125 0.1891511109375
0 0.3953715265625 0.1690729296875 0.38254286406250004 0.1620933578125 0.378189103125 0.183797284375 0.3903049796875 0.19175359375 0.3953715265625 0.1690729296875
0 0.22636235 0.029651184375 0.2135662890625 0.0227786359375 0.2088296609375 0.0436222 0.22171501875000002 0.051299106250000004 0.22636235 0.029651184375
0 0.730460696875 0.886455259375 0.7190119453125 0.8775507078125001 0.7136801187499999 0.8976461625000001 0.7264255281249999 0.90494795625 0.730460696875 0.886455259375
0 0.8353686140625 1 0.8016248671874999 0.98029306875 0.7956255546875 1 0.8353686140625 1
0 0.87295096875 0.8408300296875 0.7857047296874999 0.7929090296875 0.7778945453125 0.8290305671875 0.8646875421875 0.880069309375 0.87295096875 0.8408300296875
0 0.4023428 0.11032354375 0.311223953125 0.060617985937499994 0.3038758203125 0.0987131953125 0.39630405625 0.1504514265625 0.4023428 0.11032354375
0 0.7183415984375 0.0868344109375 0.660829284375 0.0542056296875 0.6571372875 0.0792838890625 0.7130986765625 0.112094071875 0.7183415984375 0.0868344109375
1 0.2587369734375 0.285059446875 0.26469945625 0.26000125937499996 0.238029175 0.26220401875 0.23275974375000003 0.2839968234375 0.2587369734375 0.285059446875
1 0.24534202500000002 0.1097727078125 0.2353122375 0.0994613515625 0.2142752640625 0.192557125 0.226221075 0.2078021265625 0.24534202500000002 0.1097727078125
1 0.1951429640625 0.24914419531249998 0.19323276875 0.2356819265625 0.16295990625 0.21788203125 0.1603786375 0.23158932499999998 0.2190956625 0.27326877031249996 0.24844380625 0.241083184375 0.243365740625 0.2295042359375 0.21532627031249998 0.2607525984375 0.1951429640625 0.24914419531249998
1 0.3979551046875 0.2381557015625 0.3992769140625 0.23912614062499998 0.724085996875 0.184346215625 0.7270558609375 0.1670677109375 0.40382914375 0.21956842812500002 0.3979551046875 0.2381557015625
1 0.6314786171875 0.1714753140625 0.6341173953125 0.187722021875 0.6599208765625 0.181862403125 0.6590387546875001 0.1669822828125 0.6314786171875 0.1714753140625
1 0.7158876734375 0.20687593906249999 0.720065859375 0.1853749796875 0.2646674 0.2570733453125 0.2598467578125 0.28361909218750003 0.7158876734375 0.20687593906249999
1 0.43502857031250003 0.35633221718749997 0.44908478125 0.3576877765625 0.2905975046875 0.1060739453125 0.2798002296875 0.10957047187499999 0.43502857031250003 0.35633221718749997
1 0.38577994531250004 0.25182595 0.3866483671875 0.253447515625 0.55946105 0.53492700625 0.5713863531250001 0.5306900875 0.3995218203125 0.2484665609375 0.38577994531250004 0.25182595
1 0.2158255046875 0.02242134375 0.2670805390625 0.06261175937499999 0.26450196406250004 0.1141077125 0.27468327656249997 0.11201990312500001 0.2790504140625 0.055080514062499995 0.24733734375 0.0377789765625 0.24532776250000002 0.022775870312499998 0.21578575781249998 0.0087925953125 0.2138081296875 0.008712014062499999 0.2158255046875 0.02242134375
1 0.5309536796875001 0.5814014000000001 0.5362832953125001 0.56290511875 0.51347036875 0.544333890625 0.5089009796874999 0.564888346875 0.5309536796875001 0.5814014000000001
1 0.47765166875 0.5260003156249999 0.48579912968750005 0.5114865359375 0.441973203125 0.48448063125 0.438795034375 0.4997262390625 0.47765166875 0.5260003156249999
1 0.572968275 0.53079569375 0.560466178125 0.5352885859375001 0.5780637515625 0.5635520515625 0.5896303390625001 0.5599912328125 0.572968275 0.53079569375
3 0.74824900625 0.13471945937500002 0.711893478125 0.132605646875 0.7133630671875 0.1686096890625 0.7497185953125001 0.1707235015625 0.74824900625 0.13471945937500002