3 0.23216013593749998 0.438545221875 0.3163932328125 0.4326309828125 0.2912688671875 0.23660750468749997 0.207035771875 0.24252174375000002 0.23216013593749998 0.438545221875
2 0.2961775125 0.667857403125 0.3243130015625 0.7011411187500001 0.9848811796874999 0.6869917156249999 0.9766357125 0.6226595374999999 0.3277751203125 0.6529274843749999 0.31226675 0.634386653125 0.2872322625 0.41082817812499994 0.259417703125 0.4339789609375 0.2961775125 0.667857403125
1 0.9726990437499999 0.87300098125 0.9599493750000001 0.806855334375 0.84589649375 0.8127919015625 0.8533348671875001 0.8782304890624999 0.9726990437499999 0.87300098125
1 0.411785734375 0.788627196875 0.44275331093750003 0.8220101359375 0.4544374515625 0.7704436640625001 0.5819222859375001 0.8198892750000001 0.5990467374999999 0.7345478421875 0.4558697359375 0.7034841546874999 0.45210075312500003 0.6823906484375 0.421373740625 0.6763834265625001 0.411785734375 0.788627196875
1 0.25105336562499997 0.6645198953125 0.286100990625 0.6188707078125 0.2585300578125 0.44480220625 0.23035506093749997 0.493617021875 0.25105336562499997 0.6645198953125
1 0.2029439953125 0.49322615000000003 0.178211415625 0.515963984375 0.1547288859375 0.592057934375 0.1877926953125 0.8234872937500001 0.20571122343749998 0.806057565625 0.236226990625 0.7719950812499999 0.2029439953125 0.49322615000000003
1 0.14195726250000001 0.5152090703125001 0.1004359078125 0.52673831875 0.10835198593749999 0.5883850359375 0.15395424375 0.5886715078125 0.1768911765625 0.5209857109375 0.1932525828125 0.5065250984375 0.1803863625 0.3828376640625 0.15684960625 0.4147988015625 0.16204782812500002 0.46288388124999996 0.14195726250000001 0.5152090703125001
1 0.08578898125 0.9516514484374999 0.1354191390625 0.90545449375 0.082346271875 0.491222165625 0.0337352515625 0.54552164375 0.08578898125 0.9516514484374999
1 0.8174186578124999 0.4763883328125 0.959715125 0.46639730312500005 0.945508075 0.355552096875 0.80321160625 0.3655431265625 0.8174186578124999 0.4763883328125
1 0.431210515625 0.500427134375 0.8181114953125 0.47326174375 0.8041760734375 0.36453582500000004 0.417275096875 0.39170121562500004 0.431210515625 0.500427134375
1 0.28447824375 0.5011393921875 0.431990590625 0.49078214062500003 0.4190868140625 0.3901052375 0.2715744671875 0.4004624875 0.28447824375 0.5011393921875
0 0.6994624453125 0.13799248125000002 0.7013433765625 0.1395495046875 0.708011125 0.13908134375 0.7098934609375 0.14064042968749998 0.718228709375 0.14005518749999998 0.7196802484375 0.1382620234375 0.72134775 0.1381449421875 0.7232300859375 0.139704028125 0.72823033125 0.139352946875 0.7319938734375 0.14247119375 0.746996871875 0.1414177921875 0.7465672015625 0.1380654640625 0.7494728109375 0.13448111406250002 0.7393777953125 0.0557185109375 0.651026184375 0.061921921874999994 0.6611212015625 0.1406845265625 0.6627875734375 0.140567525 0.6646696359375001 0.1421244703125 0.6763387578125 0.1413051484375 0.6777905703125 0.1395141234375 0.6994624453125 0.13799248125000002
4 0.7569425703125 0.73082268125 0.7567280109375 0.7291486578125 0.758180678125 0.7273554140625 0.7568919468749999 0.717300565625 0.7583446140625 0.7155073234375 0.7549080874999999 0.6886951125 0.68656085 0.6934939625000001 0.700736621875 0.8040951296875001 0.70240299375 0.803978128125 0.711812140625 0.8117715703125 0.7634888796875 0.808143203125 0.7630592109375 0.8047908734375 0.768869025 0.7976201171875 0.7632847046875 0.75405054375 0.7614023703125 0.7524914593750001 0.75882490625 0.732381765625 0.7569425703125 0.73082268125
0 0.1409538640625 0.21609483593749998 0.14240540156249998 0.21430167031249997 0.14907315000000002 0.21383350937499998 0.1509554859375 0.21539259375 0.21596884843750003 0.21082782656250001 0.20501504218750002 0.12536484375 0.11499593125 0.1316853359375 0.1259497375 0.2171483171875 0.1409538640625 0.21609483593749998
0 0.2893442734375 0.9276662890624999 0.2792495328125 0.8489058249999999 0.1908979234375 0.8551092359375 0.20077782968750002 0.9321935359375001 0.2057792046875 0.9318423749999999 0.20766041249999997 0.9334015390625 0.21099428750000002 0.933167459375 0.212446953125 0.9313742140624999 0.259123446875 0.928096928125 0.261004653125 0.9296560921875001 0.2710062734375 0.9289538500000001 0.272888609375 0.9305129359375 0.284557734375 0.9296936140625001 0.2860104015625 0.9279003687499999 0.2893442734375 0.9276662890624999
4 0.3789283546875 0.36678071874999996 0.362604790625 0.2394221875 0.29425755468750003 0.24422103750000002 0.31058111875 0.37157956875 0.3789283546875 0.36678071874999996
0 0.6926573 0.8722950656249999 0.6825625578125 0.7935346 0.5958784484375 0.7996209328125 0.6059731921875 0.8783813984375 0.6926573 0.8722950656249999
4 0.40872163125 0.6386041640625 0.40807740312499996 0.6335778109375 0.409530071875 0.63178456875 0.3942804015625 0.5128047171875 0.32593203593750003 0.5176036453124999 0.3420407671875 0.6432860125000001 0.3703803875 0.641296209375 0.37183305624999996 0.639502965625 0.3801671765625 0.6389178046875 0.38204951249999997 0.6404768875 0.40872163125 0.6386041640625
1 0.6163535828125 0.8675072296874999 0.6107079796875 0.8628320374999999 0.6188697640624999 0.926511303125 0.6205361359375 0.9263943015624999 0.622418471875 0.9279533875 0.6307537203125 0.927368146875 0.632634653125 0.92892516875 0.6409699015625 0.928339928125 0.64242284375 0.926548825 0.6857643328125 0.9235056984375 0.6872170015625 0.921712453125 0.697218621875 0.9210102125 0.6991009578125 0.922569296875 0.7391085734375 0.9197602515625001 0.7405612406250001 0.9179670062499999 0.743895115625 0.9177329265624999 0.74534778125 0.91593968125 0.745132946875 0.9142635171875 0.7465844859375 0.912470353125 0.74594025625 0.9074439999999999 0.747392925 0.9056507546875 0.7463190281250001 0.8972720734375 0.747770565625 0.8954789078125 0.7471263359375 0.8904525546875 0.7485790046874999 0.8886593109375 0.7483641703125 0.886983146875 0.746481834375 0.8854240624999999 0.7458376046875 0.880397709375 0.7439563984374999 0.8788385453125 0.7433121703125 0.8738121921875001 0.741429834375 0.8722531078125 0.7410001671875001 0.8689007796875 0.739118959375 0.8673416156249999 0.7389043984375 0.865667590625 0.7370220640625 0.8641085078125 0.7336881890625 0.8643425875 0.731805853125 0.862783503125 0.7301394812499999 0.8629005031249999 0.722612671875 0.8566661468750001 0.7209451687499999 0.8567832265625 0.7190628328125 0.8552241421875 0.7173964609375 0.8553411437499999 0.7079873140624999 0.8475477015624999 0.7063209421875001 0.8476647015625 0.70443860625 0.84610561875 0.7042237734375 0.8444294546875 0.7023414375 0.8428703687500001 0.7006750640625 0.8429873703125 0.6912659171875 0.835193928125 0.6910510828125 0.833517765625 0.6643789625000001 0.8353904890624999 0.6662612984375 0.8369495718750001 0.6666909671875 0.8403019015625001 0.6652383015625001 0.842095146875 0.6619044265625 0.8423292265625 0.6604517609375 0.844122471875 0.6521176390625001 0.8447076328125 0.6463078234374999 0.8518783890625 0.646522659375 0.8535545546875 0.645070846875 0.8553455796874999 0.645500515625 0.8586979078124999 0.6440478484375001 0.860491153125 0.6423814765625 0.860608153125 0.6386168046875 0.8574899828125 0.63361655625 0.8578410640625 0.632163890625 0.8596343093750001 0.6288300171875 0.8598683890625001 0.626948809375 0.858309225 0.6252813078125 0.8584263062499999 0.6233989734375001 0.8568672218750001 0.6217326 0.8569842234375 0.6202799328124999 0.858777465625 0.6204947671875 0.8604536312500001 0.6190432296874999 0.8622467953124999 0.6192580640625 0.8639229609375001 0.6163535828125 0.8675072296874999
1 0.534557540625 0.8986126062500001 0.5362239109375 0.8984956046875 0.5512789375 0.9109663781249999 0.5529464374999999 0.9108492984375 0.566117996875 0.9217610671875001 0.5677855 0.9216439875000001 0.5696675609375 0.92320093125 0.571333934375 0.9230839312500001 0.57321626875 0.924643015625 0.574882640625 0.9245260156249999 0.5805285203125 0.9292033484375001 0.5838623921874999 0.9289692671875001 0.585744728125 0.9305283515625 0.587411103125 0.9304113515625 0.5892931640625 0.9319682953124999 0.594293409375 0.9316172140625 0.59574635 0.9298261109375 0.5974138515625 0.92970903125 0.5988653921875 0.9279158656250001 0.597576659375 0.9178610203125 0.5938131171875 0.9147427703125001 0.59359828125 0.9130666062499999 0.591716221875 0.9115096625 0.5915013874999999 0.9098334984375 0.5839745749999999 0.9035991421875 0.5837597421875 0.9019229765624999 0.57623265625 0.8956864796874999 0.5745651546875 0.8958035593749999 0.5708018874999999 0.892687453125 0.570587053125 0.8910112874999999 0.5687058453125 0.8894521234375 0.5684910109375 0.887775959375 0.559081865625 0.87998251875 0.5588673046875 0.87830849375 0.5532214265625 0.8736311625000001 0.5530065937499999 0.871954996875 0.5511253859374999 0.8703958328124999 0.549457884375 0.8705129125 0.5456946171875 0.86739680625 0.5454797828125 0.865720640625 0.541716240625 0.8626023937499999 0.5415016796875001 0.86092836875 0.5358558015625 0.8562510359375001 0.5356409671875 0.8545748718749999 0.5318776984375 0.8514587640625001 0.5316628640625 0.8497825999999999 0.5222537171875 0.8419891578125 0.5220388828125 0.8403129953124999 0.5201576765625 0.83875383125 0.5184901765625 0.8388709109375 0.5166089703125001 0.837311746875 0.5163944093749999 0.835637721875 0.5145120734375 0.8340786375 0.512844571875 0.83419571875 0.5090810296875 0.83107746875 0.5088661953125 0.8294013046875 0.5069852625 0.82784428125 0.5067704281250001 0.8261681171875 0.49547894687499994 0.8168155921875 0.4952641125 0.8151394281250001 0.4933829046875 0.8135802640625001 0.491715403125 0.81369734375 0.48983419687499996 0.8121381796874999 0.4881666953125 0.8122552593749999 0.4787575484375 0.8044618187499999 0.4785429875 0.8027877953125 0.47477944687500007 0.7996695468749999 0.473113075 0.7997865484375 0.46934840156249996 0.796668378125 0.46768202968750006 0.7967853781249999 0.46579969375 0.79522629375 0.464133321875 0.79534329375 0.45848771875 0.7906681015625 0.4368169734375 0.792189665625 0.44025349843750006 0.819001875 0.447780309375 0.8252362312500001 0.44944780937499995 0.8251191515625 0.4607381640625 0.8344717562499999 0.46240566562499996 0.8343546765625 0.466169209375 0.8374729249999999 0.46783557968749995 0.8373559234375 0.469717915625 0.8389150078125001 0.4699324765625 0.8405890328125001 0.4718136828125 0.842148196875 0.47348118437500003 0.8420311171874999 0.47912706250000003 0.8467084484375 0.4807934359375 0.8465914484375 0.484556703125 0.8497075562499999 0.4847715375 0.8513837203125 0.4885350796875 0.85450196875 0.49020258281249995 0.8543848890625 0.49396585000000004 0.857500996875 0.494180684375 0.8591771625 0.4998265625 0.8638544937500001 0.500041121875 0.86552851875 0.5150950187500001 0.8779993718749999 0.5155246874999999 0.8813517 0.5305794359375 0.8938203328125001 0.5307942703124999 0.8954964984375 0.534557540625 0.8986126062500001
3 0.6308870328125 0.7153522406249999 0.7027465234375 0.7103067875 0.69021315 0.6125198234375 0.6183536593750001 0.6175652765625 0.6308870328125 0.7153522406249999