5 0.9700458812500001 0.278088959375 0.8502868203125 0.3040057546875 0.87001749375 0.42730579375 0.98977655625 0.4013889984375 0.9700458812500001 0.278088959375
5 0 0.6030556375 0.0019377625 0.6151650171874999 0.1307566703125 0.5872876015624999 0.1320833640625 0.5853863265625 0.1318335296875 0.5838250734375 0.1331600453125 0.5819226859375 0.1326605546875 0.57880129375 0.1339872484375 0.57690001875 0.1337374140625 0.5753387640625001 0.137716603125 0.5696328328125 0.1392929515625 0.5692916984374999 0.121310584375 0.456917090625 0 0.48316964687499997 0 0.6030556375
0 0.5002208640625 0.4298215296875 0.504216965625 0.4547937875 0.5168266906250001 0.4520649453125 0.5128305890625 0.4270926859375 0.5002208640625 0.4298215296875
5 0.5654297203125 0.572347421875 0.4755836859375 0.5917908046875 0.4742569921875 0.5936920781249999 0.4812502140625 0.6373938078125 0.5726725984375001 0.617609290625 0.5654297203125 0.572347421875
0 0.898673128125 0.4840823625 0.80725074375 0.503866878125 0.8059242281250001 0.5057692671875 0.8144159203125 0.558835178125 0.9074146546874999 0.5387095265624999 0.898673128125 0.4840823625
0 0.7683110609375 0.4541606640625 0.7733061421875 0.4853757109375 0.825321928125 0.4741190890625 0.82032684375 0.44290404375000003 0.7683110609375 0.4541606640625
5 0.4014670234375 0.0878598171875 0.4144543109375 0.1690193796875 0.53897789375 0.14207150468750002 0.5259906062499999 0.0609119421875 0.4014670234375 0.0878598171875
5 0.33902703125 0.614882603125 0.3462700875 0.6601455859375001 0.43138760937500004 0.6417254906250001 0.424144553125 0.5964625078125 0.33902703125 0.614882603125
5 0.2750224015625 0.5512225640625 0.2765210515625 0.5605878578125 0.2783470578125 0.5618068625 0.2788465484375 0.56492825625 0.42228525625 0.5338870015625 0.41329407187499995 0.4776996984375 0.4114680671875 0.47648069218750005 0.26802935781250004 0.5075219468750001 0.2667026640625 0.509423221875 0.273196396875 0.550003559375 0.2750224015625 0.5512225640625
0 0.5332165109375 0.5341034921875 0.6183340328125 0.515683396875 0.6196605484375 0.5137810093749999 0.6194108921875 0.5122208703125 0.6207374078125001 0.5103184828125 0.6154924921875 0.47754218281250005 0.5287986203124999 0.4963034125 0.5292982875 0.49942591875 0.5279715953124999 0.50132719375 0.5332165109375 0.5341034921875
5 0.5683265484375 0.8656164921875 0.5115817109374999 0.8778965187500001 0.510255196875 0.8797989062499999 0.5135019734374999 0.90008851875 0.571823159375 0.887467359375 0.5683265484375 0.8656164921875
5 0.447266525 0.3944519765625 0.4510127921875 0.41786298125 0.507758165625 0.4055828375 0.504011896875 0.382171834375 0.447266525 0.3944519765625
2 0.8008177546875 0.3592442890625 0.6615682546875 0.25228420156250003 0.653537440625 0.2720176203125 0.6784517953125 0.4417187546875 0.3175283265625 0.1643041953125 0.3166638109375 0.19388041875 0.42603743281249995 0.423379603125 0.4954169859375 0.8559562906249999 0.2961809984375 0.6977278953125 0.2627082625 0.5235685171875 0.251530746875 0.5159268140625 0.199841271875 0.6037321890625 0.145964896875 0.5563597125 0.1380670625 0.5835925265624999 0.20298323125 0.6314286390625 0.25828969687500003 0.544007646875 0.287431528125 0.715986540625 0.5041152515625 0.887291659375 0.5110905125 0.8660457671874999 0.43741357968749994 0.4056827875 0.33861625 0.20474718281249998 0.687137671875 0.47092647187500003 0.6929234328125 0.4585273015625 0.6658106312500001 0.27618581249999996 0.8037989140624999 0.381467090625 0.8008177546875 0.3592442890625
1 0.7795239421875 0.3726410640625 0.7540862859375 0.378145971875 0.7580476390625 0.4029010796875 0.783485296875 0.397396171875 0.7795239421875 0.3726410640625
0 0.7229830140625 0.198475778125 0.710777453125 0.2011171578125 0.7161412296874999 0.234636221875 0.7283467890625 0.23199484374999998 0.7229830140625 0.198475778125
0 0.6474955890625 0.2304004859375 0.6362037 0.232844140625 0.6419523828125 0.2687685578125 0.6532442734374999 0.266324903125 0.6474955890625 0.2304004859375
4 0.6689767468750001 0.1335910234375 0.6424426859375 0.1393332015625 0.6503297515625001 0.1886207015625 0.6768638124999999 0.1828785234375 0.6689767468750001 0.1335910234375
4 0.738587140625 0.42579465625 0.713391340625 0.4312472234375 0.7211536671875 0.47975520781250003 0.74634946875 0.47430264062500005 0.738587140625 0.42579465625
0 0.692054603125 0.485522484375 0.6792202234375 0.48829994374999997 0.6842276015625 0.5195918265625 0.69706198125 0.5168143656249999 0.692054603125 0.485522484375
3 0.829140046875 0.352963040625 0.79937051875 0.35940539843749997 0.8087099015625 0.4177686578125 0.8384794296875 0.4113263 0.829140046875 0.352963040625
3 0.7754021734375 0.3209257109375 0.753156990625 0.325739740625 0.761127809375 0.3755506296875 0.7833729921875 0.3707365984375 0.7754021734375 0.3209257109375
3 0.6840390984375 0.25357153125 0.6520337656249999 0.2604977359375 0.6622427578125001 0.3242953140625 0.6942480921875 0.3173691109375 0.6840390984375 0.25357153125
3 0.684696759375 0.4005707546875 0.654970228125 0.4070038078125 0.66617356875 0.47701521874999997 0.6959001 0.47058216562500005 0.684696759375 0.4005707546875
5 0.8890356109375 0.46243478437499996 0.7708980453125001 0.4880006734375 0.774540425 0.5107624562499999 0.892677990625 0.4851965671875 0.8890356109375 0.46243478437499996
1 0.808191440625 0.3171158 0.6453863421875 0.18677208750000002 0.6479529265624999 0.2110570921875 0.812578028125 0.33514593593750003 0.808191440625 0.3171158
1 0.717391721875 0.2880836171875 0.8066288734375 0.3579913265625 0.8023108296875 0.331796021875 0.7142788046875 0.2625250421875 0.717391721875 0.2880836171875
1 0.6977206109375 0.3141923453125 0.6934203171875 0.2873295609375 0.6868185718750001 0.28402402968749996 0.6924377515625 0.328184415625 0.7019957671875 0.33766287031250003 0.706338746875 0.3560077640625 0.7267519375 0.3539682359375 0.7229322515625001 0.3303138859375 0.706749775 0.33157956875 0.6977206109375 0.3141923453125
1 0.7019394125 0.3371473796875 0.691930121875 0.3290604546875 0.7129092109374999 0.479715515625 0.7241605078125 0.4893264125 0.7019394125 0.3371473796875
5 0.68625125625 0.464806803125 0.63081296875 0.476804078125 0.6344268359375 0.49938768749999995 0.689865121875 0.487390409375 0.68625125625 0.464806803125
5 0.605438815625 0.4401552234375 0.486167225 0.4659665265625 0.49005017031250003 0.4902316546875 0.6093217609375 0.46442035156249994 0.605438815625 0.4401552234375
0 0.552066784375 0.387000396875 0.5392592781250001 0.3897720421875 0.5444858406249999 0.422433640625 0.557293346875 0.41966199687500005 0.552066784375 0.387000396875
1 0.5046918546875 0.40511615 0.4886488796875 0.408587975 0.492127315625 0.43032525312500003 0.5081702890625001 0.426853428125 0.5046918546875 0.40511615
1 0.6126012609375 0.36386155 0.615311275 0.3864644796875 0.6826395078124999 0.4374931453125 0.6798671359374999 0.4177357046875 0.6126012609375 0.36386155
1 0.4968699390625 0.2952124203125 0.6147107218750001 0.386860590625 0.61231041875 0.36228727968749996 0.4954302046875 0.276763471875 0.4968699390625 0.2952124203125
1 0.40014567031250003 0.21960419843749998 0.4973036265625 0.29646313125 0.49402863437500005 0.2741207265625 0.39781431718750004 0.19677876249999998 0.40014567031250003 0.21960419843749998
0 0.354207946875 0.206353778125 0.3508840890625 0.229689865625 0.3636752796875 0.2410252625 0.3659446859375 0.21831025468749998 0.354207946875 0.206353778125
0 0.3182188359375 0.1952859546875 0.3066367203125 0.197792415625 0.31179556875 0.23003084999999998 0.3233776828125 0.22752439062500002 0.3182188359375 0.1952859546875
0 0.358384628125 0.26682859531249997 0.34952578437500004 0.28218674374999997 0.360211334375 0.3042573359375 0.36789264843749997 0.29020016875 0.358384628125 0.26682859531249997
1 0.301121975 0.0959821578125 0.3062683109375 0.1268879546875 0.6789033124999999 0.40623264218750005 0.6756100968750001 0.38924939062499997 0.301121975 0.0959821578125
1 0.2903705640625 0.21513146875000003 0.40902425937500003 0.457734021875 0.4151773125 0.446299215625 0.2974118671875 0.19871493906249998 0.2903705640625 0.21513146875000003
4 0.38826079375 0.40744825 0.3611839078125 0.41330790000000006 0.3679786171875 0.45576909062500004 0.395055503125 0.4499094421875 0.38826079375 0.40744825
4 0.3085801125 0.2596111921875 0.28429798125 0.2648660359375 0.291580953125 0.31037846406249997 0.3158630859375 0.3051236203125 0.3085801125 0.2596111921875
1 0.42508128593750005 0.42382616874999995 0.415765746875 0.43759524375 0.45225054374999996 0.654015903125 0.458465303125 0.6394396484375 0.42508128593750005 0.42382616874999995
1 0.41488919218750003 0.44468288125 0.4075629515625 0.45563188906249996 0.47010861875 0.847201815625 0.48173425625000005 0.8551002546875001 0.41488919218750003 0.44468288125
0 0.4995277296875 0.7357323765625 0.48533359374999996 0.7388040984375001 0.4893983015625 0.7642050890625 0.5035924374999999 0.7611333671875 0.4995277296875 0.7357323765625
1 0.42638225625 0.853285275 0.49130541250000004 0.9082712921875 0.5011255234374999 0.8942916359374999 0.4331525015625 0.839532421875 0.42638225625 0.853285275
1 0.2653030171875 0.756908015625 0.483688840625 0.9261315328125 0.4901374234375 0.9095172109374999 0.2757768375 0.7339164578124999 0.2653030171875 0.756908015625
0 0.5724666734375 0.8864570687500001 0.560750196875 0.8889926062500001 0.5654350359375 0.9182688906250001 0.5771515125 0.915733353125 0.5724666734375 0.8864570687500001
1 0.277490021875 0.7326872671875 0.27795921875 0.7320255812500001 0.2771742015625 0.7299479046874999 0.24435174218750003 0.548113865625 0.235632425 0.5632632375 0.264440059375 0.7564288203125 0.2775679671875 0.7327655515625 0.277490021875 0.7326872671875
0 0.3133734921875 0.667899503125 0.3018343734375 0.6703966578125 0.306676028125 0.7006529031250001 0.3182151453125 0.6981557484375001 0.3133734921875 0.667899503125
0 0.2927433640625 0.6203442859375 0.27928553906250003 0.6232566640625 0.28323263593750003 0.6479226859375 0.29669046250000003 0.645010309375 0.2927433640625 0.6203442859375
5 0.31060764375 0.45692231406249995 0.259211003125 0.4680449484375 0.262842690625 0.490739915625 0.3142393296875 0.4796172828125 0.31060764375 0.45692231406249995
0 0.31643388125 0.47703392187500004 0.3038091078125 0.479766021875 0.3089127140625 0.5116592421874999 0.3215374859375 0.50892714375 0.31643388125 0.47703392187500004
1 0.22594572500000001 0.4557136578125 0.2354102203125 0.4708521421875 0.22993073437499997 0.48543979843749996 0.23575587812499998 0.5021043984375 0.2539994375 0.47119941093750006 0.2492337171875 0.444426978125 0.240489246875 0.46400260312499997 0.2217795265625 0.42697840625000005 0.200195634375 0.43874659375 0.20577305625000003 0.46321419218750004 0.22594572500000001 0.4557136578125
1 0.1949713328125 0.5812568 0.2344528296875 0.5042229218750001 0.228075125 0.48644394375 0.18924773125 0.5490092375 0.1949713328125 0.5812568
3 0.2197687921875 0.576650859375 0.1695276765625 0.587523428125 0.176575428125 0.6315659171875 0.22681654375 0.6206933484375 0.2197687921875 0.576650859375
0 0.216078559375 0.6410368140625 0.2023896296875 0.64399920625 0.20719208125000002 0.674010459375 0.220881009375 0.67104806875 0.216078559375 0.6410368140625
0 0.1958632328125 0.6832425359375 0.18470033125000002 0.685658275 0.18961148125 0.7163488171875 0.2007743828125 0.713933078125 0.1958632328125 0.6832425359375
0 0.1032422078125 0.650126078125 0.0924394 0.6524638890625 0.0972293765625 0.6823971921875 0.10803218437499999 0.6800593796875 0.1032422078125 0.650126078125
1 0.18992694375000002 0.659750128125 0.17382485 0.6632347484375 0.17788599375 0.6886134671875 0.1939880890625 0.6851288484375 0.18992694375000002 0.659750128125
4 0.3050122171875 0.7870846031250001 0.27440963906250004 0.7937072406250001 0.2837472390625 0.8520593640625 0.31434981875 0.8454367265625 0.3050122171875 0.7870846031250001
4 0.25674637968749997 0.7150182234375 0.2269392296875 0.7214687234375 0.2351809109375 0.772972265625 0.2649880609375 0.7665217671875 0.25674637968749997 0.7150182234375
4 0.23617720000000003 0.6652376796875 0.21033108125000002 0.67083098125 0.2186297875 0.722690875 0.24447590468749997 0.7170975734375 0.23617720000000003 0.6652376796875
4 0.1807514046875 0.7379680359375 0.1502025703125 0.7445790421875 0.16038126875 0.8081873093749999 0.190930103125 0.801576303125 0.1807514046875 0.7379680359375
4 0.1443842234375 0.7008350546875 0.1164850328125 0.7068726562500001 0.12514191875 0.7609708656249999 0.1530411078125 0.7549332625 0.1443842234375 0.7008350546875
1 0.1186089484375 0.6218046203125 0.0959015546875 0.626718678125 0.0999377515625 0.65194149375 0.1226451453125 0.6470274359375 0.1186089484375 0.6218046203125
1 0.114675946875 0.6171415437500001 0.1796001015625 0.6683183265625 0.186448284375 0.6534540609375 0.12301853437500002 0.597493890625 0.114675946875 0.6171415437500001
5 0.27766623125 0.37847487968750004 0.1294044203125 0.410559890625 0.1335617921875 0.4365399484375 0.2818236015625 0.4044549375 0.27766623125 0.37847487968750004
3 0.3412955578125 0.15961588124999998 0.31554080624999997 0.1651894109375 0.3250423515625 0.2245660359375 0.350797103125 0.2189925078125 0.3412955578125 0.15961588124999998
3 0.43370448437500003 0.3594027046875 0.4048647515625 0.36564384843750003 0.4234330375 0.48167993906250006 0.45227277031249996 0.4754387953125 0.43370448437500003 0.3594027046875
3 0.5040723921875 0.817577203125 0.4717445890625 0.8245731921875 0.483004953125 0.8949409515625 0.5153327562500001 0.8879449625 0.5040723921875 0.817577203125
3 0.3073773125 0.645353303125 0.2723031234375 0.65294363125 0.28788836406249996 0.7503382234375 0.3229625546875 0.742747896875 0.3073773125 0.645353303125
0 0.3612231921875 0.765807728125 0.3576230546875 0.7931405109375 0.371164371875 0.8027696921875 0.37399425625 0.781771075 0.3612231921875 0.765807728125
3 0.264998346875 0.5167902296875 0.2348741015625 0.5233093515625 0.2445663203125 0.5838775187499999 0.274690565625 0.5773583984374999 0.264998346875 0.5167902296875