0 0.5359378171875 0.525 0.6046878171875 0.525 0.60625 0.5265622015625 0.615624365625 0.5265622015625 0.61875 0.5234377984374999 0.61875 0.44531339687499993 0.5359378171875 0.44531339687499993 0.5359378171875 0.525
0 0.8703121828124999 0.7671866031250001 0.790624365625 0.7671866031250001 0.790624365625 0.8468755984375 0.8421878171875001 0.8468755984375 0.84375 0.8453133968750001 0.8640621828124999 0.8453133968750001 0.865625634375 0.843751196875 0.8671878171875 0.843751196875 0.8703121828124999 0.8406244015625 0.8703121828124999 0.7671866031250001
4 0.0859378171875 0.618751196875 0.0859378171875 0.729686603125 0.15 0.729686603125 0.15 0.618751196875 0.0859378171875 0.618751196875
1 0.74088959375 0.5234617218750001 0.0622982234375 0.5045669859374999 0.06267258906249999 0.6019425843749999 0.7408134515625 0.6244234453125 0.74088959375 0.5234617218750001
1 0.199818528125 0.7526291859375001 0.0645469546875 0.750834928125 0.066488578125 0.846148325 0.19702538125 0.8425358859375001 0.199818528125 0.7526291859375001
1 0.20052664999999997 0.7491028703125 0.19552918749999998 0.8420430624999999 0.6122344265625 0.8546741171875001 0.6148286796875 0.7651507171875 0.20052664999999997 0.7491028703125
1 0.654927665625 0.7631363640625 0.62716370625 0.701409090625 0.6251941624999999 0.6791411484375 0.5641434015625 0.680729665625 0.564346446875 0.741686603125 0.6230215734375 0.7437942578125 0.6262842640625 0.769153109375 0.61266624375 0.770112440625 0.6129898484375 0.8044689 0.687126903125 0.8022775125000001 0.6838147203125 0.75823445 0.654927665625 0.7631363640625
1 0.6180824874999999 0.6769497609374999 0.6524314718750001 0.6769497609374999 0.686013959375 0.75878708125 0.6845621828125 0.79962679375 0.73950126875 0.800346890625 0.7427601515625 0.8037464109375 0.7427601515625 0.756655503125 0.7165177671875 0.7559928234375 0.6677131984375 0.65490430625 0.6709441625 0.6249330140625 0.61742005 0.6230023921875001 0.6180824874999999 0.6769497609374999
1 0.3772411171875 0.939291865625 0.270427665625 0.7709545453125 0.24227030468750002 0.8025239234375 0.3383984765625 0.9976076562499999 0.379043146875 0.9976076562499999 0.3772411171875 0.939291865625
1 0.47761928906250006 0.9351889953124999 0.4817829953125 0.9949545453124999 0.5634911171875 0.9976076562499999 0.5600291875 0.9259282296875 0.47761928906250006 0.9351889953124999
3 0.7550317265625 1 0.7550317265625 0.8978349281250001 0.662151015625 0.8978349281250001 0.662151015625 1 0.7550317265625 1