3 0.7424335390625 0.757942359375 0.7951828843750001 0.7653557953125001 0.8114120437500001 0.649879328125 0.7586627 0.642465890625 0.7424335390625 0.757942359375
1 0.8656174953125 1 0.8784584328125 0.9488289140624999 0.74610485 0.7457679296874999 0.7232794578124999 0.8121513046875 0.8531661234374999 1 0.8656174953125 1
1 0.381758746875 0.013331309375 0.3681903375 0.040469553125 0.393628925 0.0983668046875 0.42160225 0.0515294203125 0.39727164375 0.01387303125 0.381758746875 0.013331309375
1 0.3421652609375 0.051053948437499996 0.34763430781250004 0.0121396578125 0.29884895624999996 0.010436035937500001 0.29409005 0.0442974171875 0.3421652609375 0.051053948437499996
5 0.26334435156249997 0.189459715625 0.288555009375 0.0100765625 0.049797978124999996 0.001738984375 0.028062767187499997 0.1563930453125 0.26334435156249997 0.189459715625
5 0.3407325671875 0.2822249109375 0.6555585046875 0.32647081093749997 0.6624356015624999 0.27753771875 0.3476096640625 0.23329181875 0.3407325671875 0.2822249109375
5 0.6124578609375 0.14202949843749998 0.7229781656250001 0.1575621140625 0.7297364640625 0.1094743109375 0.619216159375 0.09394169531249999 0.6124578609375 0.14202949843749998
4 0.49535474375 0.42554403125 0.550570059375 0.4333040375 0.566891615625 0.317170121875 0.5116763015625 0.30941011406249996 0.49535474375 0.42554403125
0 0.8296693312500001 0.47769603125 0.810807125 0.514318315625 0.827549278125 0.5537224468749999 0.847258684375 0.5102993703125 0.8296693312500001 0.47769603125
0 0.838960775 0.6072179890625 0.8162617203125 0.6281898875 0.8220810328124999 0.677719715625 0.8475415749999999 0.6512504484375 0.838960775 0.6072179890625
1 0.5666039640625 0.1511703984375 0.5509837875 0.18031562343750002 0.4986509734375 0.1713373140625 0.492921184375 0.22063038750000002 0.55186933125 0.22704257656250001 0.576161859375 0.163216709375 0.5971818890625 0.192262821875 0.603897665625 0.14447759531249998 0.5639068765624999 0.08872093125 0.554506440625 0.1412860953125 0.5666039640625 0.1511703984375
1 0.9273234625000001 0.1391301515625 0.6860719078125 0.6737950484375 0.7022294718750001 0.7038171156249999 0.9385173890624999 0.17175891875 0.9273234625000001 0.1391301515625
1 0.9781296453125 0.5859922375 0.9133213890625 0.6467416781249999 0.9087528265625 0.690927846875 0.9706513937500001 0.6392027609375 0.9781296453125 0.5859922375
2 0.995866884375 0.1532777140625 0.998261015625 0.084718746875 0.9798182296875 0.0821267828125 0.964343240625 0.224574578125 0.7422005671874999 0.7334195421875 0.7559612796875 0.7659134 0.9808349375000001 0.5667430828125 0.9816245546875001 0.561124659375 0.9829404484375001 0.5234423953125 0.7673562515625 0.720522071875 0.9838933187500001 0.242031053125 0.995866884375 0.1532777140625
0 0.7248915296875 0.701147715625 0.7486769343749999 0.7044905359375 0.75734260625 0.6428310796875001 0.7335572015625 0.639488259375 0.7248915296875 0.701147715625
1 0.5068749968749999 0.038166446874999996 0.5066440015625 0.039810073437499996 0.5094684734375 0.043559206249999996 0.509237478125 0.045202832812499996 0.5106485937499999 0.0470772421875 0.5101866 0.0503644953125 0.5144221875 0.055988040625 0.514191190625 0.057631665624999995 0.5184267796875 0.063255209375 0.5181957828125 0.0648988359375 0.51960801875 0.06677340468750001 0.5212501296875 0.0670041875 0.5226623671875 0.0688787546875 0.5259477125 0.06934048125 0.5273599484375 0.071215046875 0.5290020609375 0.07144583125000001 0.530414296875 0.073320396875 0.53205753125 0.0735513390625 0.5334686453125 0.07542575 0.5332376484375 0.077069375 0.5459444140625 0.0939400078125 0.5457134171875 0.0955836359375 0.5499490046875 0.10120717812499999 0.5497180078125 0.1028508046875 0.5553647109375001 0.110348759375 0.561936521875 0.11127236874999999 0.5656324671874999 0.0849743515625 0.55998464375 0.0774762390625 0.5566992984375 0.0770145140625 0.552463709375 0.07139096874999999 0.5531566984375 0.066460090625 0.5517444625000001 0.064585525 0.5536186921875 0.0631728390625 0.5540806859375 0.0598855890625 0.559702253125 0.055647375 0.5613454859375 0.055878317187500005 0.5632185953125 0.054465475 0.5634495921875 0.052821850000000004 0.5653238203125001 0.05140916250000001 0.5655548171875 0.0497655390625 0.5711763859375 0.0455273265625 0.5740473421875001 0.025099403125000003 0.5599658515625 0.023120378125 0.5591626093750001 0.0237258140625 0.5589316125 0.0253694421875 0.547688478125 0.033845864062499995 0.53947455625 0.0326914734375 0.536651203125 0.0289424953125 0.5350079703125 0.0287115546875 0.5273438265625 0.018535651562499998 0.52620389375 0.0183754453125 0.501402003125 0.01750934375 0.5012020374999999 0.01893216875 0.5026142734375 0.0208067359375 0.5023832765625 0.0224503625 0.5037955140625 0.0243249296875 0.5031025234375 0.0292558078125 0.5045136375 0.03113021875 0.5042826421875 0.03277384375 0.5056948796875 0.0346484109375 0.5054638828125 0.0362920375 0.5068749968749999 0.038166446874999996
0 0.46413784687500004 0.1276972890625 0.4634448578125 0.132628165625 0.46485709374999995 0.134502734375 0.464626096875 0.136146359375 0.46744944843749997 0.1398953359375 0.47073479375 0.1403570625 0.47214703125 0.1422316296875 0.49514668593750005 0.14546402187500002 0.4970197953125 0.14405117812499998 0.498663028125 0.14428211875000002 0.5005361374999999 0.142869278125 0.50217936875 0.14310021875 0.5040535984375001 0.14168753437499998 0.5086735296875 0.1088150140625 0.4676027953125 0.10304289687499998 0.46575482343749997 0.11619190625 0.467167059375 0.11806647343750001 0.4660120765625 0.126284603125 0.46413784687500004 0.1276972890625
0 0.70945446875 0.086750221875 0.7062205171875 0.109760984375 0.7076327546875001 0.11163555 0.7339177546875 0.1153296671875 0.7424646265625 0.05451550468750001 0.71453639375 0.05059044687499999 0.7108404484374999 0.0768884625 0.7122526859375 0.0787630328125 0.7113286999999999 0.085337534375 0.70945446875 0.086750221875
4 0.7403398359375 0.47491559062500005 0.6894130671875 0.4677583 0.676015265625 0.563088609375 0.680250853125 0.568712153125 0.7262490453125 0.575176778125 0.7403398359375 0.47491559062500005
4 0.8364148421875001 0.20851094531249997 0.8343358750000001 0.22330357968749998 0.832462765625 0.2247164234375 0.8301527999999999 0.2411526828125 0.8315639140625001 0.24302709218750002 0.83133291875 0.24467071875 0.8341562703125 0.24841969531250002 0.886726271875 0.255807928125 0.9005860671875 0.157190365625 0.8414453734375 0.1488786828125 0.8359014578125 0.1883257078125 0.83731369375 0.1902002765625 0.835003728125 0.20663653750000002 0.8364148421875001 0.20851094531249997
1 0.9798822968750001 0.23748542968750003 0.962339796875 0.26529497343749997 0.90360794375 0.580440009375 0.9407859999999999 0.547234684375 0.9798822968750001 0.23748542968750003
3 0.997761778125 0.099015071875 0.954495640625 0.092934415625 0.9203081484375 0.3361910640625 0.976689196875 0.34411490312500004 0.9933399968750001 0.2256383 0.997761778125 0.099015071875