3 0.85 0.1671878671875 0.85 0.13281213281249998 0.8125 0.13281213281249998 0.8125 0.1968747546875 0.8484375 0.1968747546875 0.8484375 0.1921878671875 0.85 0.1906252453125 0.85 0.1781252453125 0.8484375 0.176562621875 0.8484375 0.1687504890625 0.85 0.1671878671875
0 0.5953125 0.2328121328125 0.5953125 0.264062621875 0.634375 0.264062621875 0.634375 0.2328121328125 0.5953125 0.2328121328125
4 0.3171875 0.7718747546875 0.3171875 0.7296878671875 0.2921875 0.7296878671875 0.2921875 0.775 0.3140625 0.775 0.3171875 0.7718747546875
3 0.5671875 0.3406252453125 0.5671875 0.273437378125 0.565625 0.2718747546875 0.565625 0.2687504890625 0.5296875 0.2687504890625 0.5296875 0.3406252453125 0.5671875 0.3406252453125
3 0.228125 0.6312504890625 0.228125 0.5671878671874999 0.2265625 0.5656252453125 0.2265625 0.560937378125 0.190625 0.560937378125 0.190625 0.6312504890625 0.228125 0.6312504890625
4 0.6125 0.35 0.6125 0.3078121328125 0.5859375 0.3078121328125 0.5859375 0.351562621875 0.6109375 0.351562621875 0.6125 0.35
0 0.921875 0.176562621875 0.9546875 0.176562621875 0.95625 0.175 0.9578125 0.175 0.9609375 0.1718747546875 0.9609375 0.1453121328125 0.921875 0.1453121328125 0.921875 0.176562621875
1 0.5078125 0.501562621875 0.50625 0.5031252453125 0.50625 0.5078121328125 0.5 0.514062621875 0.4984375 0.514062621875 0.4953125 0.5171878671875 0.490625 0.5171878671875 0.4890625 0.5187504890625 0.4890625 0.5546878671875 0.49375 0.5546878671875 0.4984375 0.55 0.5 0.55 0.5015625 0.548437378125 0.503125 0.548437378125 0.509375 0.5421878671875 0.5109375 0.5421878671875 0.5125 0.5406252453125 0.5125 0.539062621875 0.5140625 0.5375 0.515625 0.5375 0.5171875 0.5359373781250001 0.5171875 0.5343747546875 0.521875 0.5296878671874999 0.5234375 0.5296878671874999 0.5296875 0.523437378125 0.53125 0.523437378125 0.5375 0.5171878671875 0.5390625 0.5171878671875 0.5484375 0.5078121328125 0.5484375 0.4812504890625 0.5359375 0.4812504890625 0.53125 0.48593737812500004 0.528125 0.48593737812500004 0.5265625 0.4875 0.521875 0.4875 0.5203125 0.48906262187499994 0.51875 0.48906262187499994 0.5078125 0.5 0.5078125 0.501562621875
1 0.4375 0.5734373781250001 0.4359375 0.575 0.434375 0.575 0.4328125 0.576562621875 0.43125 0.576562621875 0.428125 0.5796878671875 0.4265625 0.5796878671875 0.4234375 0.5828121328125 0.421875 0.5828121328125 0.41875 0.585937378125 0.4171875 0.585937378125 0.415625 0.5875 0.4140625 0.5875 0.409375 0.5921878671874999 0.4078125 0.5921878671874999 0.40625 0.5937504890625 0.4046875 0.5937504890625 0.403125 0.5953121328125001 0.4015625 0.5953121328125001 0.4 0.5968747546875 0.3984375 0.5968747546875 0.396875 0.5984373781250001 0.3953125 0.5984373781250001 0.39375 0.6 0.3890625 0.6 0.3828125 0.6062504890625 0.38125 0.6062504890625 0.3796875 0.6078121328125 0.378125 0.6078121328125 0.3734375 0.6125 0.371875 0.6125 0.3625 0.6218747546875 0.3625 0.623437378125 0.359375 0.626562621875 0.359375 0.6281252453125 0.35625 0.6312504890625 0.35625 0.6328121328125 0.340625 0.648437378125 0.3390625 0.648437378125 0.3375 0.65 0.3375 0.6515626218749999 0.3265625 0.6625 0.325 0.6625 0.31875 0.6687504890625 0.3171875 0.6687504890625 0.309375 0.6765626218749999 0.3078125 0.6765626218749999 0.30625 0.6781252453125 0.30625 0.6796878671875 0.2984375 0.6875 0.296875 0.6875 0.29375 0.6906252453125 0.29375 0.6921878671874999 0.2921875 0.6937504890625 0.2921875 0.6953121328125 0.2875 0.7 0.2859375 0.7 0.2796875 0.7062504890625 0.2796875 0.7078121328125 0.271875 0.7156252453125 0.271875 0.7171878671874999 0.26875 0.7203121328125001 0.26875 0.7218747546875 0.2640625 0.726562621875 0.2625 0.726562621875 0.2609375 0.7281252453125 0.2609375 0.748437378125 0.2671875 0.748437378125 0.2734375 0.7421878671875 0.275 0.7421878671875 0.2765625 0.7406252453125 0.278125 0.7406252453125 0.2828125 0.735937378125 0.284375 0.735937378125 0.2859375 0.7343747546875 0.2859375 0.7328121328125 0.2890625 0.7296878671875 0.290625 0.7296878671875 0.296875 0.7234373781250001 0.2984375 0.7234373781250001 0.3015625 0.7203121328125001 0.303125 0.7203121328125001 0.3203125 0.7031252453125 0.321875 0.7031252453125 0.321875 0.701562621875 0.325 0.6984373781250001 0.3265625 0.6984373781250001 0.3328125 0.6921878671874999 0.334375 0.6921878671874999 0.3359375 0.6906252453125 0.3359375 0.689062621875 0.3390625 0.685937378125 0.340625 0.685937378125 0.346875 0.6796878671875 0.3484375 0.6796878671875 0.359375 0.6687504890625 0.3609375 0.6687504890625 0.36875 0.6609373781250001 0.3703125 0.6609373781250001 0.3828125 0.648437378125 0.384375 0.648437378125 0.3859375 0.6468747546875 0.3859375 0.6453121328125 0.3890625 0.6421878671875 0.390625 0.6421878671875 0.3953125 0.6375 0.396875 0.6375 0.3984375 0.6359373781250001 0.4 0.6359373781250001 0.4046875 0.6312504890625 0.40625 0.6312504890625 0.409375 0.6281252453125 0.4109375 0.6281252453125 0.4109375 0.626562621875 0.4140625 0.623437378125 0.415625 0.623437378125 0.4203125 0.6187504890625 0.421875 0.6187504890625 0.4265625 0.6140626218749999 0.428125 0.6140626218749999 0.4328125 0.6093747546875 0.434375 0.6093747546875 0.453125 0.5906252453125 0.4546875 0.5906252453125 0.4546875 0.5890626218749999 0.4578125 0.585937378125 0.459375 0.585937378125 0.4671875 0.5781252453125 0.46875 0.5781252453125 0.475 0.5718747546875 0.4765625 0.5718747546875 0.4890625 0.5593747546875 0.4890625 0.5328121328125001 0.4828125 0.5328121328125001 0.48125 0.5343747546875 0.48125 0.5359373781250001 0.4546875 0.5625 0.453125 0.5625 0.446875 0.5687504890625 0.44375 0.5687504890625 0.4390625 0.5734373781250001 0.4375 0.5734373781250001
4 0.171875 0.876562621875 0.196875 0.876562621875 0.1984375 0.875 0.1984375 0.873437378125 0.2 0.8718747546875001 0.2 0.8296878671875 0.171875 0.8296878671875 0.171875 0.876562621875
4 0.2734375 0.6062504890625 0.275 0.6046878671875 0.275 0.601562621875 0.2453125 0.601562621875 0.2453125 0.6453121328125 0.271875 0.6453121328125 0.2734375 0.6437504890625 0.2734375 0.6406252453125 0.275 0.639062621875 0.275 0.6328121328125 0.2734375 0.6312504890625 0.2734375 0.6062504890625
0 0.3609375 0.326562621875 0.3609375 0.3578121328125 0.396875 0.3578121328125 0.396875 0.326562621875 0.3609375 0.326562621875
4 0.43125 0.40781213281250006 0.43125 0.4546878671875 0.4578125 0.4546878671875 0.4578125 0.40781213281250006 0.43125 0.40781213281250006
1 0.2390625 0.7343747546875 0.2359375 0.7375 0.234375 0.7375 0.228125 0.7437504890625 0.2265625 0.7437504890625 0.225 0.7453121328125001 0.225 0.748437378125 0.2203125 0.7531252453125 0.2203125 0.7546878671874999 0.21875 0.7562504890625 0.21875 0.7578121328125 0.2140625 0.7625 0.2125 0.7625 0.209375 0.7656252453125 0.2046875 0.7656252453125 0.203125 0.764062621875 0.2015625 0.7656252453125 0.2015625 0.8078121328125001 0.209375 0.8 0.209375 0.798437378125 0.215625 0.7921878671875 0.2203125 0.7921878671875 0.2328125 0.7796878671874999 0.234375 0.7796878671874999 0.2359375 0.7781252453125 0.2359375 0.7765626218749999 0.2390625 0.773437378125 0.240625 0.773437378125 0.246875 0.7671878671875 0.2484375 0.7671878671875 0.25 0.7656252453125 0.2515625 0.7656252453125 0.259375 0.7578121328125 0.259375 0.7562504890625 0.2609375 0.7546878671874999 0.2609375 0.7531252453125 0.2625 0.751562621875 0.2625 0.748437378125 0.2640625 0.7468747546875 0.2640625 0.7203121328125001 0.2625 0.7187504890625 0.2578125 0.7187504890625 0.2515625 0.725 0.2515625 0.726562621875 0.246875 0.7312504890625 0.2453125 0.7312504890625 0.24375 0.7328121328125 0.2421875 0.7328121328125 0.240625 0.7343747546875 0.2390625 0.7343747546875
0 0.0671875 0.735937378125 0.1046875 0.735937378125 0.10625 0.7343747546875 0.10625 0.7078121328125 0.1046875 0.7062504890625 0.1046875 0.7046878671875 0.0671875 0.7046878671875 0.0671875 0.735937378125
4 0.6546875 0.4468747546875 0.65625 0.44531213281250004 0.65625 0.43281213281250003 0.628125 0.43281213281250003 0.628125 0.47968786718749995 0.653125 0.47968786718749995 0.6546875 0.4781252453125 0.6546875 0.47343737812500003 0.65625 0.4718747546875 0.65625 0.47031213281250006 0.6546875 0.4687504890625 0.6546875 0.4468747546875
0 0.2578125 0.523437378125 0.2578125 0.5546878671875 0.296875 0.5546878671875 0.296875 0.523437378125 0.2578125 0.523437378125
0 0.0125 0.6203121328125001 0.0125 0.65 0.05 0.65 0.05 0.6203121328125001 0.0125 0.6203121328125001
0 0.4265625 0.4812504890625 0.425 0.4828121328125 0.425 0.5218747546875 0.4296875 0.5218747546875 0.4296875 0.5203121328125 0.43125 0.5187504890625 0.4328125 0.5187504890625 0.440625 0.5109373781250001 0.4421875 0.5109373781250001 0.4421875 0.5093747546875 0.4453125 0.5062504890625 0.446875 0.5062504890625 0.459375 0.4937504890625 0.459375 0.4687504890625 0.453125 0.4625 0.446875 0.4687504890625 0.44375 0.4687504890625 0.4390625 0.47343737812500003 0.4375 0.47343737812500003 0.4359375 0.475 0.434375 0.475 0.428125 0.4812504890625 0.4265625 0.4812504890625
1 0.1765625 0.7875 0.1578125 0.8062504890625 0.1578125 0.8078121328125001 0.15625 0.8093747546875001 0.15625 0.810937378125 0.1515625 0.8156252453124999 0.1515625 0.8171878671874999 0.15 0.8187504890625 0.15 0.8203121328125 0.14375 0.8265626218750001 0.14375 0.8281252453124999 0.1390625 0.8328121328125 0.1390625 0.8609373781249999 0.1421875 0.8578121328125 0.1421875 0.8562504890625 0.1515625 0.8468747546875001 0.153125 0.8468747546875001 0.153125 0.8453121328125001 0.1546875 0.8437504890625 0.15625 0.8437504890625 0.1640625 0.8359373781249999 0.165625 0.8359373781249999 0.1671875 0.8343747546875001 0.1671875 0.8328121328125 0.1703125 0.8296878671875 0.171875 0.8296878671875 0.1765625 0.825 0.178125 0.825 0.1796875 0.823437378125 0.18125 0.823437378125 0.1859375 0.8187504890625 0.1875 0.8187504890625 0.1890625 0.8171878671874999 0.190625 0.8171878671874999 0.1921875 0.8156252453124999 0.1921875 0.814062621875 0.19375 0.8125 0.1953125 0.8125 0.1984375 0.8093747546875001 0.2 0.8093747546875001 0.203125 0.8062504890625 0.203125 0.7796878671874999 0.2015625 0.7781252453125 0.196875 0.7781252453125 0.1953125 0.7796878671874999 0.1953125 0.7812504890625 0.19375 0.7828121328125001 0.19375 0.7843747546875 0.1921875 0.7859373781250001 0.190625 0.7859373781250001 0.1890625 0.7875 0.1765625 0.7875
1 0.571875 0.44375048906250003 0.5703125 0.44375048906250003 0.5625 0.45156262187499996 0.5625 0.4531252453125 0.553125 0.4625 0.5515625 0.4625 0.54375 0.47031213281250006 0.54375 0.4718747546875 0.5421875 0.47343737812500003 0.5421875 0.5062504890625 0.5484375 0.5062504890625 0.55 0.5046878671874999 0.5515625 0.5046878671874999 0.5578125 0.49843737812500005 0.559375 0.49843737812500005 0.5765625 0.4812504890625 0.578125 0.4812504890625 0.584375 0.475 0.5859375 0.475 0.5890625 0.4718747546875 0.590625 0.4718747546875 0.6 0.4625 0.6 0.460937378125 0.6015625 0.4593747546875 0.6015625 0.425 0.59375 0.425 0.59375 0.42656262187499994 0.5921875 0.4281252453125 0.5921875 0.43281213281250003 0.584375 0.4406252453125 0.5765625 0.4406252453125 0.575 0.44218786718749997 0.5734375 0.44218786718749997 0.571875 0.44375048906250003
1 0.796875 0.260937378125 0.7953125 0.2625 0.79375 0.2625 0.790625 0.2656252453125 0.7890625 0.2656252453125 0.7796875 0.275 0.778125 0.275 0.771875 0.2812504890625 0.7703125 0.2812504890625 0.7640625 0.2875 0.7625 0.2875 0.759375 0.2906252453125 0.7578125 0.2906252453125 0.75625 0.2921878671875 0.7546875 0.2921878671875 0.753125 0.2937504890625 0.7515625 0.2937504890625 0.7453125 0.3 0.74375 0.3 0.7421875 0.301562621875 0.740625 0.301562621875 0.7328125 0.3093747546875 0.73125 0.3093747546875 0.7296875 0.310937378125 0.71875 0.310937378125 0.7171875 0.3125 0.7140625 0.3125 0.69375 0.3328121328125 0.69375 0.3343747546875 0.6875 0.3406252453125 0.6875 0.3421878671875 0.6859375 0.3437504890625 0.6859375 0.3453121328125 0.68125 0.35 0.68125 0.351562621875 0.675 0.3578121328125 0.675 0.3593747546875 0.671875 0.3625 0.6703125 0.3625 0.6578125 0.375 0.65625 0.375 0.65625 0.376562621875 0.6515625 0.38125048906250003 0.65 0.38125048906250003 0.64375 0.3875 0.6421875 0.3875 0.6328125 0.3968747546875 0.6328125 0.398437378125 0.6265625 0.40468786718749994 0.6265625 0.4062504890625 0.6203125 0.4125 0.6171875 0.4125 0.615625 0.414062621875 0.6125 0.414062621875 0.6109375 0.4125 0.60625 0.4125 0.60625 0.44843737812500006 0.6140625 0.44843737812500006 0.6171875 0.44531213281250004 0.6171875 0.44375048906250003 0.6203125 0.4406252453125 0.621875 0.4406252453125 0.621875 0.43906262187499995 0.6265625 0.4343747546875 0.628125 0.4343747546875 0.628125 0.43281213281250003 0.6296875 0.4312504890625 0.63125 0.4312504890625 0.6328125 0.42968786718749996 0.634375 0.42968786718749996 0.653125 0.41093737812500003 0.6546875 0.41093737812500003 0.6609375 0.40468786718749994 0.6625 0.40468786718749994 0.66875 0.398437378125 0.6703125 0.398437378125 0.6765625 0.3921878671875 0.678125 0.3921878671875 0.684375 0.385937378125 0.6859375 0.385937378125 0.6859375 0.3843747546875 0.6890625 0.38125048906250003 0.690625 0.38125048906250003 0.7046875 0.3671878671875 0.70625 0.3671878671875 0.7125 0.360937378125 0.7140625 0.360937378125 0.7203125 0.3546878671875 0.721875 0.3546878671875 0.7234375 0.3531252453125 0.7234375 0.351562621875 0.725 0.35 0.7265625 0.35 0.7328125 0.3437504890625 0.734375 0.3437504890625 0.7359375 0.3421878671875 0.7375 0.3421878671875 0.7453125 0.3343747546875 0.746875 0.3343747546875 0.746875 0.3328121328125 0.75 0.3296878671875 0.7515625 0.3296878671875 0.7640625 0.3171878671875 0.765625 0.3171878671875 0.7671875 0.3156252453125 0.7671875 0.314062621875 0.7703125 0.310937378125 0.771875 0.310937378125 0.7734375 0.3093747546875 0.7734375 0.3078121328125 0.775 0.3062504890625 0.7765625 0.3062504890625 0.778125 0.3046878671875 0.7796875 0.3046878671875 0.7875 0.2968747546875 0.7890625 0.2968747546875 0.7953125 0.2906252453125 0.796875 0.2906252453125 0.796875 0.289062621875 0.8 0.285937378125 0.8015625 0.285937378125 0.8171875 0.2703121328125 0.8171875 0.2671878671875 0.81875 0.2656252453125 0.81875 0.24375048906250002 0.8171875 0.24375048906250002 0.815625 0.2453121328125 0.8140625 0.2453121328125 0.8125 0.2468747546875 0.8109375 0.2468747546875 0.8078125 0.25 0.8078125 0.251562621875 0.7984375 0.260937378125 0.796875 0.260937378125
1 0.8203125 0.3328121328125 0.81875 0.3328121328125 0.815625 0.335937378125 0.8140625 0.335937378125 0.8125 0.3375 0.8109375 0.3375 0.809375 0.339062621875 0.8078125 0.339062621875 0.80625 0.3406252453125 0.8046875 0.3406252453125 0.8015625 0.3437504890625 0.8 0.3437504890625 0.7953125 0.348437378125 0.79375 0.348437378125 0.78125 0.360937378125 0.7796875 0.360937378125 0.778125 0.3625 0.7765625 0.3625 0.75625 0.3828121328125 0.75625 0.3843747546875 0.753125 0.3875 0.7515625 0.3875 0.74375 0.3953121328125 0.74375 0.3968747546875 0.728125 0.4125 0.7265625 0.4125 0.7234375 0.4156252453125 0.721875 0.4156252453125 0.71875 0.4187504890625 0.7171875 0.4187504890625 0.715625 0.4203121328125 0.7140625 0.4203121328125 0.7125 0.4218747546875 0.7109375 0.4218747546875 0.709375 0.42343737812500004 0.7078125 0.42343737812500004 0.70625 0.425 0.7046875 0.425 0.6953125 0.4343747546875 0.6953125 0.43593737812500005 0.69375 0.4375 0.69375 0.43906262187499995 0.6921875 0.4406252453125 0.6921875 0.44218786718749997 0.6859375 0.44843737812500006 0.6859375 0.45 0.6734375 0.4625 0.6734375 0.46406262187499997 0.6671875 0.47031213281250006 0.665625 0.47031213281250006 0.6625 0.47343737812500003 0.6609375 0.47343737812500003 0.6546875 0.47968786718749995 0.653125 0.47968786718749995 0.6515625 0.4812504890625 0.65 0.4812504890625 0.6484375 0.4828121328125 0.646875 0.4828121328125 0.64375 0.48593737812500004 0.640625 0.48593737812500004 0.6390625 0.4875 0.6375 0.4875 0.628125 0.4968747546875 0.625 0.4968747546875 0.6234375 0.49843737812500005 0.6203125 0.49843737812500005 0.61875 0.5 0.6171875 0.5 0.6125 0.5046878671874999 0.6109375 0.5046878671874999 0.6078125 0.5078121328125 0.60625 0.5078121328125 0.6015625 0.5125 0.6 0.5125 0.59375 0.5187504890625 0.59375 0.5203121328125 0.590625 0.523437378125 0.590625 0.525 0.5890625 0.5265626218749999 0.5890625 0.5281252453125 0.5796875 0.5375 0.578125 0.5375 0.571875 0.5437504890625 0.5703125 0.5437504890625 0.565625 0.548437378125 0.5640625 0.548437378125 0.559375 0.5531252453125 0.5578125 0.5531252453125 0.55 0.560937378125 0.5484375 0.560937378125 0.546875 0.5625 0.5453125 0.5625 0.54375 0.564062621875 0.54375 0.5656252453125 0.5390625 0.5703121328125 0.5375 0.5703121328125 0.528125 0.5796878671875 0.5265625 0.5796878671875 0.525 0.5812504890625 0.5234375 0.5812504890625 0.521875 0.5828121328125 0.5203125 0.5828121328125 0.5171875 0.585937378125 0.515625 0.585937378125 0.5078125 0.5937504890625 0.50625 0.5937504890625 0.5046875 0.5953121328125001 0.503125 0.5953121328125001 0.4984375 0.6 0.496875 0.6 0.490625 0.6062504890625 0.4890625 0.6062504890625 0.4703125 0.625 0.4703125 0.626562621875 0.46875 0.6281252453125 0.46875 0.6296878671874999 0.4671875 0.6312504890625 0.4671875 0.6328121328125 0.4640625 0.6359373781250001 0.4625 0.6359373781250001 0.4609375 0.6375 0.459375 0.6375 0.4578125 0.639062621875 0.45625 0.639062621875 0.4546875 0.6406252453125 0.453125 0.6406252453125 0.4515625 0.6421878671875 0.45 0.6421878671875 0.4484375 0.6437504890625 0.4453125 0.6437504890625 0.44375 0.6453121328125 0.4421875 0.6453121328125 0.4390625 0.648437378125 0.4390625 0.65 0.4375 0.6515626218749999 0.4375 0.6531252453125 0.4296875 0.6609373781250001 0.428125 0.6609373781250001 0.4234375 0.6656252453125 0.4234375 0.6671878671875 0.421875 0.6687504890625 0.421875 0.6703121328125 0.4171875 0.675 0.4171875 0.6765626218749999 0.4078125 0.685937378125 0.40625 0.685937378125 0.4046875 0.6875 0.403125 0.6875 0.3890625 0.701562621875 0.3875 0.701562621875 0.3859375 0.7031252453125 0.384375 0.7031252453125 0.3828125 0.7046878671875 0.38125 0.7046878671875 0.378125 0.7078121328125 0.3765625 0.7078121328125 0.371875 0.7125 0.3703125 0.7125 0.365625 0.7171878671874999 0.3640625 0.7171878671874999 0.3578125 0.7234373781250001 0.3578125 0.725 0.3515625 0.7312504890625 0.3484375 0.7312504890625 0.346875 0.7328121328125 0.3453125 0.7328121328125 0.3375 0.7406252453125 0.3359375 0.7406252453125 0.334375 0.7421878671875 0.3328125 0.7421878671875 0.328125 0.7468747546875 0.328125 0.7578121328125 0.3234375 0.7625 0.3234375 0.764062621875 0.321875 0.7656252453125 0.3203125 0.7656252453125 0.31875 0.764062621875 0.31875 0.7578121328125 0.3171875 0.7562504890625 0.3171875 0.7453121328125001 0.315625 0.7437504890625 0.3109375 0.7437504890625 0.309375 0.7421878671875 0.309375 0.7437504890625 0.3078125 0.7453121328125001 0.3078125 0.751562621875 0.30625 0.7531252453125 0.30625 0.7625 0.3078125 0.764062621875 0.3078125 0.7671878671875 0.315625 0.7671878671875 0.3171875 0.7687504890625 0.3171875 0.7718747546875 0.315625 0.773437378125 0.3125 0.773437378125 0.3109375 0.775 0.309375 0.775 0.303125 0.7812504890625 0.3015625 0.7812504890625 0.3 0.7828121328125001 0.2984375 0.7828121328125001 0.296875 0.7843747546875 0.2953125 0.7843747546875 0.29375 0.7859373781250001 0.2890625 0.7859373781250001 0.2859375 0.789062621875 0.284375 0.789062621875 0.2828125 0.7906252453125 0.28125 0.7906252453125 0.2703125 0.801562621875 0.26875 0.801562621875 0.26875 0.8031252453125 0.2671875 0.8046878671875 0.265625 0.8046878671875 0.2625 0.8078121328125001 0.2609375 0.8078121328125001 0.259375 0.8093747546875001 0.2578125 0.8093747546875001 0.2546875 0.8125 0.2546875 0.814062621875 0.240625 0.8281252453124999 0.240625 0.8296878671875 0.2328125 0.8375 0.23125 0.8375 0.225 0.8437504890625 0.2234375 0.8437504890625 0.221875 0.8453121328125001 0.2171875 0.8453121328125001 0.215625 0.8468747546875001 0.2140625 0.8468747546875001 0.2140625 0.848437378125 0.2125 0.85 0.2125 0.8531252453124999 0.2109375 0.8546878671875 0.2109375 0.8562504890625 0.2078125 0.8593747546875001 0.2078125 0.8609373781249999 0.20625 0.8625 0.20625 0.864062621875 0.203125 0.8671878671875 0.203125 0.8687504890625 0.196875 0.875 0.1953125 0.875 0.1875 0.8828121328125 0.1875 0.8843747546875 0.184375 0.8875 0.1828125 0.8875 0.18125 0.8890626218750001 0.18125 0.8906252453124999 0.178125 0.8937504890625 0.1765625 0.8937504890625 0.175 0.8953121328125 0.175 0.8968747546875001 0.171875 0.9 0.1703125 0.9 0.1703125 0.901562621875 0.1609375 0.910937378125 0.159375 0.910937378125 0.1578125 0.9125 0.1546875 0.9125 0.153125 0.9140626218750001 0.1515625 0.9140626218750001 0.15 0.9156252453124999 0.1484375 0.9156252453124999 0.14375 0.9203121328125 0.14375 0.9218747546875001 0.140625 0.925 0.1390625 0.925 0.1265625 0.9375 0.125 0.9375 0.1234375 0.939062621875 0.121875 0.939062621875 0.121875 0.973437378125 0.128125 0.9671878671874999 0.128125 0.9656252453124999 0.1359375 0.9578121328125 0.1375 0.9578121328125 0.1390625 0.9562504890625 0.140625 0.9562504890625 0.15 0.9468747546875 0.1515625 0.9468747546875 0.153125 0.9453121328125 0.1546875 0.9453121328125 0.1578125 0.9421878671874999 0.159375 0.9421878671874999 0.159375 0.9406252453124999 0.1640625 0.935937378125 0.165625 0.935937378125 0.1703125 0.9312504890625 0.171875 0.9312504890625 0.178125 0.925 0.1796875 0.925 0.1828125 0.9218747546875001 0.184375 0.9218747546875001 0.184375 0.9203121328125 0.1921875 0.9125 0.19375 0.9125 0.1953125 0.910937378125 0.196875 0.910937378125 0.2046875 0.9031252453124999 0.2046875 0.901562621875 0.2078125 0.8984373781249999 0.209375 0.8984373781249999 0.209375 0.8968747546875001 0.215625 0.8906252453124999 0.2171875 0.8906252453124999 0.2171875 0.8890626218750001 0.2203125 0.885937378125 0.221875 0.885937378125 0.234375 0.873437378125 0.2359375 0.873437378125 0.240625 0.8687504890625 0.2421875 0.8687504890625 0.24375 0.8671878671875 0.2453125 0.8671878671875 0.2515625 0.8609373781249999 0.253125 0.8609373781249999 0.2703125 0.8437504890625 0.271875 0.8437504890625 0.275 0.8406252453124999 0.275 0.839062621875 0.2765625 0.8375 0.278125 0.8375 0.28125 0.8343747546875001 0.2828125 0.8343747546875001 0.2921875 0.825 0.29375 0.825 0.3015625 0.8171878671874999 0.303125 0.8171878671874999 0.3171875 0.8031252453125 0.3171875 0.801562621875 0.3203125 0.798437378125 0.321875 0.798437378125 0.3234375 0.7968747546875 0.3234375 0.7953121328125 0.3265625 0.7921878671875 0.328125 0.7921878671875 0.3296875 0.7906252453125 0.3296875 0.789062621875 0.33125 0.7875 0.3328125 0.7875 0.340625 0.7796878671874999 0.3421875 0.7796878671874999 0.3484375 0.773437378125 0.35 0.773437378125 0.35625 0.7671878671875 0.3578125 0.7671878671875 0.365625 0.7593747546875 0.3671875 0.7593747546875 0.3671875 0.7578121328125 0.36875 0.7562504890625 0.3703125 0.7562504890625 0.378125 0.748437378125 0.3796875 0.748437378125 0.3921875 0.735937378125 0.39375 0.735937378125 0.3953125 0.7343747546875 0.396875 0.7343747546875 0.396875 0.7328121328125 0.4 0.7296878671875 0.4015625 0.7296878671875 0.4078125 0.7234373781250001 0.409375 0.7234373781250001 0.4109375 0.7218747546875 0.4109375 0.7203121328125001 0.4140625 0.7171878671874999 0.415625 0.7171878671874999 0.4171875 0.7156252453125 0.4171875 0.7140626218749999 0.41875 0.7125 0.4203125 0.7125 0.440625 0.6921878671874999 0.4421875 0.6921878671874999 0.44375 0.6906252453125 0.44375 0.689062621875 0.4453125 0.6875 0.446875 0.6875 0.4484375 0.685937378125 0.45 0.685937378125 0.4578125 0.6781252453125 0.459375 0.6781252453125 0.459375 0.6765626218749999 0.4640625 0.6718747546875 0.465625 0.6718747546875 0.4671875 0.6703121328125 0.4671875 0.6687504890625 0.46875 0.6671878671875 0.4703125 0.6671878671875 0.4828125 0.6546878671874999 0.484375 0.6546878671874999 0.490625 0.648437378125 0.4921875 0.648437378125 0.49375 0.6468747546875 0.4953125 0.6468747546875 0.5 0.6421878671875 0.5015625 0.6421878671875 0.503125 0.6406252453125 0.5046875 0.6406252453125 0.5046875 0.639062621875 0.5078125 0.6359373781250001 0.509375 0.6359373781250001 0.515625 0.6296878671874999 0.5171875 0.6296878671874999 0.51875 0.6281252453125 0.5203125 0.6281252453125 0.525 0.623437378125 0.5265625 0.623437378125 0.5453125 0.6046878671875 0.546875 0.6046878671875 0.5546875 0.5968747546875 0.55625 0.5968747546875 0.5671875 0.585937378125 0.56875 0.585937378125 0.575 0.5796878671875 0.5765625 0.5796878671875 0.5828125 0.5734373781250001 0.584375 0.5734373781250001 0.5859375 0.5718747546875 0.5859375 0.5703121328125 0.5875 0.5687504890625 0.5890625 0.5687504890625 0.5953125 0.5625 0.596875 0.5625 0.6 0.5593747546875 0.6 0.5578121328125001 0.6015625 0.5562504890625 0.603125 0.5562504890625 0.6046875 0.5546878671875 0.6046875 0.5531252453125 0.628125 0.5296878671874999 0.6296875 0.5296878671874999 0.63125 0.5281252453125 0.6328125 0.5281252453125 0.6390625 0.5218747546875 0.640625 0.5218747546875 0.6609375 0.501562621875 0.6609375 0.5 0.66875 0.49218786718749996 0.66875 0.4906252453125 0.6921875 0.46718786718749994 0.69375 0.46718786718749994 0.7015625 0.4593747546875 0.703125 0.4593747546875 0.7078125 0.4546878671875 0.709375 0.4546878671875 0.7109375 0.4531252453125 0.7109375 0.45156262187499996 0.7140625 0.44843737812500006 0.715625 0.44843737812500006 0.7203125 0.44375048906250003 0.721875 0.44375048906250003 0.725 0.4406252453125 0.7265625 0.4406252453125 0.7515625 0.4156252453125 0.753125 0.4156252453125 0.7578125 0.41093737812500003 0.759375 0.41093737812500003 0.7609375 0.4093747546875 0.7609375 0.40781213281250006 0.7640625 0.40468786718749994 0.765625 0.40468786718749994 0.7765625 0.3937504890625 0.778125 0.3937504890625 0.7796875 0.3921878671875 0.78125 0.3921878671875 0.7828125 0.3906252453125 0.784375 0.3906252453125 0.784375 0.389062621875 0.7859375 0.3875 0.7875 0.3875 0.790625 0.3843747546875 0.7921875 0.3843747546875 0.796875 0.3796878671875 0.7984375 0.3796878671875 0.80625 0.3718747546875 0.8078125 0.3718747546875 0.8125 0.3671878671875 0.8125 0.3656252453125 0.815625 0.3625 0.8171875 0.3625 0.825 0.3546878671875 0.8265625 0.3546878671875 0.8328125 0.348437378125 0.834375 0.348437378125 0.8359375 0.3468747546875 0.8375 0.3468747546875 0.8421875 0.3421878671875 0.8421875 0.3406252453125 0.84375 0.339062621875 0.84375 0.3375 0.8453125 0.335937378125 0.8453125 0.3343747546875 0.846875 0.3328121328125 0.846875 0.3296878671875 0.8453125 0.3281252453125 0.8453125 0.323437378125 0.84375 0.3218747546875 0.84375 0.3203121328125 0.840625 0.3171878671875 0.8375 0.3171878671875 0.83125 0.323437378125 0.83125 0.325 0.8265625 0.3296878671875 0.825 0.3296878671875 0.8234375 0.3312504890625 0.821875 0.3312504890625 0.8203125 0.3328121328125
0 0.759375 0.1875 0.7578125 0.1875 0.75625 0.189062621875 0.75625 0.2296878671875 0.7609375 0.2296878671875 0.7625 0.2281252453125 0.7640625 0.2281252453125 0.7703125 0.2218747546875 0.771875 0.2218747546875 0.771875 0.2203121328125 0.7734375 0.2187504890625 0.775 0.2187504890625 0.7765625 0.2171878671875 0.778125 0.2171878671875 0.7796875 0.2156252453125 0.7796875 0.214062621875 0.7828125 0.210937378125 0.784375 0.210937378125 0.7859375 0.2093747546875 0.7859375 0.2078121328125 0.7875 0.20625048906250001 0.7875 0.2046878671875 0.790625 0.20156262187500001 0.790625 0.2 0.7921875 0.198437378125 0.7921875 0.1656252453125 0.78125 0.1656252453125 0.78125 0.1671878671875 0.7734375 0.175 0.771875 0.175 0.765625 0.18125048906250002 0.7640625 0.18125048906250002 0.7625 0.1828121328125 0.7625 0.1843747546875 0.759375 0.1875
1 0.1 0.6468747546875 0.1015625 0.648437378125 0.10625 0.648437378125 0.1078125 0.6468747546875 0.109375 0.6468747546875 0.1171875 0.639062621875 0.1171875 0.514062621875 0.115625 0.5125 0.115625 0.5031252453125 0.1140625 0.501562621875 0.1140625 0.49843737812500005 0.1125 0.4968747546875 0.1125 0.48593737812500004 0.096875 0.48593737812500004 0.0890625 0.4937504890625 0.0890625 0.6406252453125 0.090625 0.6421878671875 0.0921875 0.6421878671875 0.09375 0.6437504890625 0.0953125 0.6437504890625 0.0984375 0.6468747546875 0.1 0.6468747546875
3 0.1484375 0.8125 0.1484375 0.810937378125 0.15 0.8093747546875001 0.15 0.8062504890625 0.1515625 0.8046878671875 0.1515625 0.7593747546875 0.1140625 0.7593747546875 0.1140625 0.8218747546875 0.13125 0.8218747546875 0.134375 0.8187504890625 0.1421875 0.8187504890625 0.14375 0.8171878671874999 0.1453125 0.8171878671874999 0.1453125 0.8156252453124999 0.1484375 0.8125
4 0.75625 0.0625 0.75625 0.10937475468749999 0.784375 0.10937475468749999 0.784375 0.0625 0.75625 0.0625
1 0.4671875 0.248437378125 0.4671875 0.2875 0.509375 0.2875 0.509375 0.248437378125 0.4671875 0.248437378125
3 0.3546875 0.5625 0.3546875 0.6046878671875 0.3734375 0.6046878671875 0.375 0.6031252453125 0.3765625 0.6031252453125 0.38125 0.5984373781250001 0.3828125 0.5984373781250001 0.3828125 0.5625 0.3546875 0.5625
3 0.5640625 0.5562504890625 0.565625 0.5562504890625 0.56875 0.5531252453125 0.5703125 0.5531252453125 0.5765625 0.5468747546875 0.578125 0.5468747546875 0.584375 0.5406252453125 0.5859375 0.5406252453125 0.590625 0.5359373781250001 0.5921875 0.5359373781250001 0.596875 0.5312504890625 0.5984375 0.5312504890625 0.6 0.5296878671874999 0.6015625 0.5296878671874999 0.60625 0.525 0.6078125 0.525 0.6078125 0.260937378125 0.43125 0.260937378125 0.43125 0.5203121328125 0.4328125 0.5203121328125 0.434375 0.5218747546875 0.434375 0.5265626218749999 0.43125 0.5296878671874999 0.43125 0.5593747546875 0.5609375 0.5593747546875 0.5640625 0.5562504890625
3 0.2546875 0.8296878671875 0.25625 0.8281252453124999 0.25625 0.5296878671874999 0.14375 0.5296878671874999 0.14375 0.8421878671874999 0.2375 0.8421878671874999 0.24375 0.8359373781249999 0.2453125 0.8359373781249999 0.246875 0.8343747546875001 0.2484375 0.8343747546875001 0.253125 0.8296878671875 0.2546875 0.8296878671875
5 0.3640625 0.3562504890625 0.3640625 0.3781252453125 0.421875 0.3781252453125 0.421875 0.3562504890625 0.3640625 0.3562504890625
3 0.69375 0.3078121328125 0.7140625 0.3078121328125 0.71875 0.3031252453125 0.71875 0.301562621875 0.7203125 0.3 0.7203125 0.2656252453125 0.69375 0.2656252453125 0.69375 0.3078121328125
5 0.0125 0.6515626218749999 0.0125 0.675 0.06875 0.675 0.06875 0.6515626218749999 0.0125 0.6515626218749999
2 0.2120746171875 0.7043189828124999 0.21123469374999998 0.627018590625 0.199461096875 0.620472603125 0.197695153125 0.7124608609374999 0.14783227031249999 0.7479148734375001 0.150686225 0.784606653125 0.8203227046875 0.2000048921875 0.819086734375 0.1657661453125 0.5534929843749999 0.4091986296875 0.553054209375 0.33384637968750003 0.537429209375 0.3322504890625 0.538335459375 0.4181027390625 0.2120746171875 0.7043189828124999
1 0.5173443875 0.3050313109375 0.48912244843749997 0.2839951078125 0.483852040625 0.37051565625 0.49785012812499996 0.3810733859375 0.5113864796875001 0.3988639921875 0.5173443875 0.3050313109375
1 0.42794260156249997 0.3286252453125 0.4597551015625 0.3511643828125 0.4691065046875 0.21856360156250002 0.43709311250000005 0.1759001953125 0.42794260156249997 0.3286252453125
1 0.1127002546875 0.8679060671875 0.14050318906249998 0.92312133125 0.1792697703125 0.8980117421875 0.144054846875 0.8420234828125001 0.1127002546875 0.8679060671875
1 0.1651950109375 0.694024478125 0.168353315625 0.68655088125 0.16596009218750002 0.696876834375 0.168319515625 0.7023414875 0.1752219390625 0.5956624265625 0.14252933750000002 0.5763444234375 0.14354655624999998 0.675226028125 0.1651950109375 0.694024478125
1 0.12507780625 0.525490215625 0.1184317609375 0.5559960859374999 0.11958545937500001 0.5801604703125001 0.1685031890625 0.5909148734375 0.177773596875 0.5419168296875 0.12507780625 0.525490215625
1 0.848751275 0.22455088124999997 0.7890931125 0.22001956875 0.7797244890624999 0.24189530312500002 0.822555484375 0.2631545984375 0.849366709375 0.24443346406250002 0.848751275 0.22455088124999997