4 0.5317345609374999 0.1664564515625 0.53522348125 0.123911215625 0.4907642390625 0.11795384375 0.48727531874999996 0.1604990828125 0.5317345609374999 0.1664564515625
0 0.44767083906250005 0.3272431859375 0.449624634375 0.30341785312499997 0.4325254390625 0.301126625 0.4305716421875 0.3249519578125 0.44767083906250005 0.3272431859375
4 0.793183515625 0.26686898281250004 0.7435946812500001 0.2602242671875 0.739407975 0.31127855000000004 0.7941264015625 0.3186106125 0.7980339937500001 0.270959946875 0.7964639640625 0.269029059375 0.7947543796875001 0.26879998125000004 0.793183515625 0.26686898281250004
4 0.38725941875 0.07311541875000001 0.3804202421875 0.07219899375 0.3772104328125 0.1113406125 0.4199584203125 0.11706868125 0.42288911406249996 0.0813306828125 0.42131908593749995 0.0793997953125 0.38883028125 0.07504641875 0.38725941875 0.07311541875000001
4 0.82975520625 0.2425207875 0.8263351999999999 0.24206252031250003 0.8217298218750001 0.29822223281250004 0.87986825625 0.3060125625 0.8846131890625 0.2481510421875 0.8830423250000001 0.2462200421875 0.8334543249999999 0.23957543750000002 0.82975520625 0.2425207875
5 0.43402916718749995 0.514671303125 0.43231958437499995 0.5144422265624999 0.43046960468749995 0.515914846875 0.4287600203125 0.5156857671874999 0.4269108765625 0.5171585000000001 0.42520045624999997 0.5169293109375 0.4233513140625 0.5184020421875 0.4182208890625 0.517714584375 0.416371746875 0.5191873140625 0.4148017171875 0.517256428125 0.40625128593750004 0.5161107031250001 0.4031103921875 0.512248815625 0.40496037031250004 0.5107761953125001 0.4053790390625 0.5056707671875 0.3882790109375 0.5033794281249999 0.388139453125 0.5050812375 0.392851209375 0.5108741234374999 0.3927116515625 0.512575934375 0.390861675 0.5140485531250001 0.38744166875 0.5135902859375 0.3855925265625 0.515063015625 0.3779168984375 0.6086625359375 0.540362590625 0.63042964375 0.5490151156249999 0.5249174578125 0.43786784375 0.51002414375 0.4377282875 0.511725953125 0.43402916718749995 0.514671303125
5 1 0.11736912343749999 0.9306747484375 0.10807980312500001 0.9236969046875 0.19317027656250002 1 0.20339460156250003 1 0.11736912343749999
4 0.3428027359375 0.151463359375 0.28808430937499996 0.1441312984375 0.2841767171875 0.1917819640625 0.34231515 0.1995722921875 0.345804071875 0.15702705625 0.3442332078125 0.15509605625 0.3443727640625 0.153394246875 0.3428027359375 0.151463359375
5 0.221896 0.76152779375 0.2283156171875 0.68324455625 0.0624499203125 0.6610191828125 0.056030303125 0.73930241875 0.221896 0.76152779375
4 0.646931596875 0.3006075765625 0.64508161875 0.30208019531249997 0.6143023999999999 0.297955896875 0.6106739203125 0.34220294375 0.6551331640625 0.3481603125 0.65876164375 0.303913265625 0.6553416359375 0.3034549984375 0.6537716078125 0.3015241125 0.646931596875 0.3006075765625
5 0.799267234375 0.9094342421875 0.8061055218750001 0.826045578125 0.592361409375 0.797404678125 0.585523121875 0.8807933406249999 0.799267234375 0.9094342421875
1 0.4722141296875 1 0.47204084843749994 0.999786890625 0.47033126249999996 0.9995578125 0.46719037031250005 0.995695925 0.4654799515625 0.9954667359375 0.463909921875 0.9935358484375 0.4604899140625 0.9930775796875 0.4557789953125 0.9872848062499999 0.45406857343749996 0.987055615625 0.4524985453125 0.985124728125 0.450788125 0.9848955390624999 0.449218096875 0.9829646515625001 0.4475076765625 0.9827354609375 0.44436762031250004 0.9788736874999999 0.4426571984375 0.9786444968750001 0.4410871703125 0.9767136093750001 0.4376671640625 0.9762553421875 0.4360963 0.9743243421875001 0.4343867140625 0.9740952640625 0.431245821875 0.9702333781249999 0.4295362375 0.9700043 0.42639534531249995 0.9661424125 0.42468492343750003 0.9659132234375001 0.42311489687500003 0.963982334375 0.4232544515625 0.9622805265625001 0.41983444687500004 0.9618222578125 0.4182644171875 0.9598913703124999 0.41484441250000004 0.9594331031250001 0.4101326546875 0.9536402171875 0.408423071875 0.9534111375000001 0.40685304218749996 0.9514802515625 0.40514262187499994 0.9512510625000001 0.40357259218749997 0.9493201734375001 0.4018621734375 0.949090984375 0.39086946718750004 0.9355744359375 0.38915988125 0.9353453578125001 0.3844481265625 0.9295524734375 0.382738540625 0.929323396875 0.3811685109375 0.9273925078125 0.37774850625 0.9269342390625 0.3761776421875 0.925003240625 0.37446805625 0.9247741609375 0.3713271625 0.9209122765625001 0.36961674375000003 0.9206830874999999 0.368046715625 0.9187521999999999 0.3646267109375 0.9182939296875 0.3614858171875 0.91443204375 0.35977623125 0.9142029656249999 0.3566353390625 0.9103410796875 0.3532153328125 0.9098828109375001 0.35164530312500003 0.9079519234375001 0.3499348859375 0.907722734375 0.3483648546875 0.9057918453125 0.34850441249999997 0.9040900374999999 0.3467939921875 0.903860846875 0.3436531 0.8999989609375 0.3419435140625 0.8997698828124999 0.33723259375 0.8939771078125001 0.3338125875 0.8935188406250001 0.332241725 0.891587840625 0.3305321375 0.8913587625 0.3258212171875 0.8855659890625001 0.324110796875 0.8853367984375 0.32254076875000004 0.8834059109375 0.3208303484375 0.8831767203125 0.31768945625 0.8793148359374999 0.31597987031249997 0.8790857578125 0.314409840625 0.8771548687499999 0.31098983593749996 0.8766966015625 0.309418971875 0.8747656015624999 0.3077093859375 0.8745365250000001 0.30456849375 0.8706746359374999 0.302858909375 0.870445559375 0.30128804531250003 0.8685145609375 0.299578459375 0.8682854828125001 0.298007596875 0.8663544828124999 0.2962980109375 0.8661254046875 0.294727146875 0.8641944046875001 0.2930175609375 0.863965328125 0.28987666875 0.8601034406249999 0.2864566625 0.859645171875 0.280174878125 0.8519213999999999 0.2767548734375 0.8514631328125001 0.2720439515625 0.8456703578125 0.2703343671875 0.84544128125 0.268763503125 0.84351028125 0.2670539171875 0.843281203125 0.25920210312499997 0.833626540625 0.25749168437500003 0.8333973515625 0.2543507921875 0.8295354640625 0.2509316203125 0.8290773078125 0.24936075624999998 0.827146309375 0.2459407515625 0.8266880421874999 0.24437072187500003 0.8247571546874999 0.240950715625 0.8242988875 0.239379853125 0.8223678874999999 0.23596068125 0.8219097312500001 0.23438981874999998 0.81997873125 0.2326802328125 0.8197496546874999 0.23083025468749999 0.8212222734375001 0.2305511421875 0.8246258937500001 0.2287019984375 0.8260986234375001 0.230272028125 0.8280295109375 0.2297138015625 0.8348367484375 0.23128466250000002 0.8367677484374999 0.23299425 0.8369968265625 0.237705171875 0.8427896 0.2394155890625 0.843018790625 0.24098562031249998 0.8449496765625 0.2426960390625 0.8451788671875 0.24426606875 0.8471097546875 0.24597648749999998 0.84733894375 0.24911738125 0.8512008312500001 0.25082696718749997 0.851429909375 0.2523969953125 0.8533607968749999 0.2558170015625 0.8538190671875 0.25738786406249997 0.8557500625 0.25909745 0.8559791421874999 0.2622383421875 0.8598410281250001 0.263947928125 0.86007010625 0.2702297125 0.8677938812500001 0.27364971875 0.8682521484375 0.275219746875 0.8701830359375 0.278639753125 0.870641303125 0.2802106171875 0.872572303125 0.28192020156250003 0.8728013812500001 0.2850610953125 0.8766632671875 0.28677151562500003 0.87689245625 0.28834154375 0.8788233453125001 0.29176155000000004 0.8792816125 0.2964724703125 0.8850743874999999 0.2981828921875 0.885303578125 0.3028938109375 0.8910963515624999 0.30275425624999996 0.8927981609375 0.3043242828125 0.8947290484374999 0.30603470312500003 0.8949582375 0.3076047328125 0.8968891250000001 0.309315153125 0.8971183140625 0.3124560453125 0.9009802015625 0.31416563124999997 0.9012092796875001 0.3157356609375 0.9031401671875001 0.3174460796875 0.9033693578124999 0.3237278640625 0.91109313125 0.32714787031250003 0.9115513984374999 0.3287178984375 0.9134822859374999 0.3304274859375 0.9137113640625 0.3335683765625 0.91757325 0.335278796875 0.9178024406249999 0.33841968906250003 0.9216643281250001 0.3401292734375 0.92189340625 0.344840196875 0.927686178125 0.346550615625 0.9279153687499999 0.3512615359375 0.93370814375 0.35297112343750003 0.9339372218750001 0.356112015625 0.9377991078125 0.357822434375 0.9380282984375 0.36096332656249996 0.9418901859375 0.3626729140625 0.9421192625 0.364243775 0.9440502625 0.36766294843749997 0.9445084187499999 0.3692338109375 0.94643941875 0.3726538171875 0.9468976859374999 0.374223846875 0.9488285718749999 0.3759342671875 0.9490577625000001 0.3790751578125 0.9529196499999999 0.38249432968749997 0.9533778046875 0.3840651921875 0.9553088046875 0.385774778125 0.9555378828125001 0.388915671875 0.95939976875 0.390626090625 0.9596289578125001 0.3921961203125 0.961559846875 0.39390570468749997 0.9617889234374999 0.3986174609375 0.9675818109375 0.40032704687500004 0.9678108875 0.401897909375 0.9697418875 0.403607496875 0.9699709656250001 0.4051783578125 0.971901965625 0.40688794531249994 0.9721310437499999 0.41002883749999997 0.9759929312500001 0.41344884375 0.9764511984375 0.415018871875 0.978382084375 0.4201484625 0.9790694296875 0.4217193265625 0.9810004296875 0.42342891250000003 0.9812295078125001 0.42656980312500004 0.9850913953125 0.42828022499999996 0.985320584375 0.42985025312499997 0.9872514734375001 0.43327025937499997 0.9877097406249999 0.4379811796875 0.9935025140624999 0.4396916 0.9937317046875 0.441261628125 0.9956625921875 0.44297205 0.9958917812499999 0.4463130203125 1 0.4722141296875 1
0 0.225241025 0.46776887812499995 0.24062979843750001 0.4698309171875 0.24216492343749998 0.4511110125 0.24059489531249997 0.4491801265625 0.22691570625000002 0.447347165625 0.225241025 0.46776887812499995
0 0.5788105359375 0.203733625 0.5753913640625 0.2032754703125 0.5738205015625 0.20134447031249997 0.5635613187499999 0.199969778125 0.5617470796874999 0.222093303125 0.5771358531249999 0.22415533906250001 0.5776940796875001 0.21734810000000002 0.5795440593750001 0.21587548124999997 0.5803814 0.205664625 0.5788105359375 0.203733625
1 0.5895258531249999 0.304958990625 0.593224971875 0.3020136390625 0.5949353921875 0.30224283125 0.596784534375 0.3007700984375 0.6019141265625 0.30145744531249996 0.6056132453124999 0.29851209375 0.6073236671875 0.2987412828125 0.6110227859374999 0.2957959328125 0.6144419578125 0.29625408750000004 0.616291934375 0.2947814671875 0.6180015203125 0.295010546875 0.6217006406250001 0.2920651953125 0.6251206453125 0.2925234625 0.626970625 0.2910508421875 0.6338098 0.29196726562499997 0.635659778125 0.290494646875 0.6373693625 0.2907237265625 0.6429176265625001 0.2863056421875 0.6497576359375 0.287222178125 0.6516076156249999 0.2857495578125 0.6533172 0.2859786359375 0.6570163203125 0.28303328437499997 0.6587259046875 0.2832623640625 0.6605758828125 0.28178974375 0.6674158953125 0.2827062796875 0.6692650359375001 0.281233546875 0.6709746234375 0.28146262499999997 0.6783728625000001 0.2755719234375 0.6800832828125001 0.2758011125 0.68563154375 0.27138303124999996 0.6890515500000001 0.2718413 0.6909006921875 0.27036856875000004 0.6943207 0.2708268359375 0.6998689609375 0.266408753125 0.7032889671875 0.266867021875 0.7069880875 0.26392167031249997 0.7086985078125 0.264150859375 0.71054765 0.2626781265625 0.712257234375 0.26290720625 0.7141072125 0.2614345859375 0.7175272171875 0.261892853125 0.719376359375 0.2604201234375 0.7227963671875 0.26087839062499996 0.728344628125 0.2564603078125 0.7368950609375 0.2576060328125 0.738744203125 0.25613330156249997 0.7404537875 0.2563623796875 0.7441529078125 0.2534170296875 0.7458633296875 0.25364621875000004 0.7477124703125 0.2521734875 0.7494228921875 0.252402678125 0.751272034375 0.2509299453125 0.752982453125 0.25115913437500004 0.7566807375 0.248213671875 0.7601007453124999 0.24867194062500003 0.761950721875 0.24719932031249997 0.7636603078124999 0.2474283984375 0.76463720625 0.2355157328125 0.7475380109375 0.23322450468749997 0.7419889140625 0.23764247656249998 0.7402793296875 0.23741339843749998 0.7384301859375 0.2388861296875 0.7367197671875 0.23865693906250002 0.7311715046875 0.24307502187500002 0.7157818953125 0.24101287343750002 0.7139319171875 0.2424854921875 0.71222233125 0.242256415625 0.70667406875 0.246674496875 0.70496365 0.24644530781250001 0.70311450625 0.24791803906249998 0.7014040859375 0.24768885 0.6995549421875 0.24916157968750002 0.697845359375 0.24893250312499998 0.6941462390625001 0.251877853125 0.69243581875 0.2516486625 0.690586675 0.2531213953125 0.68716666875 0.2526631265625 0.6797684312500001 0.258553828125 0.6712188328125 0.257408215625 0.669369690625 0.258880946875 0.6676592703125 0.2586517578125 0.6639601500000001 0.26159710937499997 0.6622505640624999 0.26136803125 0.6604005890625 0.2628406484375 0.6535614109375001 0.26192422656250003 0.6517114328125 0.2633968453125 0.6500018484375001 0.2631677671875 0.6498622921874999 0.264869578125 0.6461631718749999 0.267814928125 0.6444527515625 0.2675857390625 0.637055346875 0.27347655312499997 0.6336353406249999 0.27301828437500003 0.6317853625 0.274490903125 0.6300757781249999 0.2742618265625 0.624527515625 0.278679909375 0.6176875046875 0.2777633734375 0.615837525 0.27923599375 0.614127940625 0.279006915625 0.613988384375 0.2807087234375 0.610289265625 0.2836540765625 0.6085796796875 0.2834249984375 0.6067297 0.2848976171875 0.6050201171875 0.2846685390625 0.6031701375 0.2861411578125 0.601460553125 0.28591208125 0.5996114109375 0.2873848125 0.597900990625 0.287155621875 0.5960518484375 0.288628353125 0.5857918296875 0.28725355 0.578393590625 0.2931442515625 0.5766840046875 0.2929151734375 0.5729848859375 0.29586052500000004 0.57214754375 0.3060713828125 0.5806971421875 0.307216996875 0.5825471171875 0.305744375 0.5859662906249999 0.3062025328125 0.5878162671875 0.3047299125 0.5895258531249999 0.304958990625
4 0.53020205 0.3537866421875 0.5113932703125 0.35126633749999997 0.5088812468749999 0.38189890625 0.5482100625 0.38716881875000003 0.550442971875 0.3599398671875 0.548872109375 0.3580088671875 0.5317729140624999 0.355717640625 0.53020205 0.3537866421875
0 0.29178342968750004 0.141185946875 0.2934581125 0.1207642328125 0.278068503125 0.118702084375 0.2763938203125 0.1391237984375 0.29178342968750004 0.141185946875
0 0.6234782515624999 0.16498568125 0.638867859375 0.1670478296875 0.6402634296875 0.1500297359375 0.6386934015625 0.1480988484375 0.625013378125 0.1462657765625 0.6234782515624999 0.16498568125
5 0.4833345484375 0.271804153125 0.481763684375 0.2698731546875 0.425335671875 0.26231201406250004 0.423660990625 0.28273372812500003 0.5177082328125 0.2953357015625 0.5191038 0.2783176078125 0.51568379375 0.27785933906250004 0.514113765625 0.2759284515625 0.4833345484375 0.271804153125
4 0.3912837953125 0.6775535234375 0.392853825 0.679484409375 0.42705304999999993 0.6840669765625 0.429565075 0.6534344062499999 0.42642418125 0.6495725203125 0.3939353765625 0.64521914375 0.3912837953125 0.6775535234375
1 0.4163700203125 0.43488211562499995 0.418219996875 0.43340949531249995 0.423349590625 0.434096840625 0.4270487078125 0.431151490625 0.4287582953125 0.43138056875 0.4306082703125 0.42990795000000004 0.4357378625 0.43059529531249996 0.43758700624999997 0.4291225640625 0.4392974265625 0.429351753125 0.4448456875 0.42493367031249996 0.4533952859375 0.426079284375 0.45524526249999997 0.4246066640625 0.4569548484375 0.42483574375 0.46065396875 0.4218903921875 0.4623643875 0.42211958125000004 0.46421353125 0.42064684999999996 0.4676335375 0.42110511875 0.469482678125 0.4196323859375 0.4711931 0.4198615765625 0.4713326578125 0.41815976718750003 0.47318179843749997 0.41668703437500004 0.47660180468749996 0.41714530156249996 0.4784517828125 0.41567268437499993 0.48187095312499995 0.416130840625 0.48372093125 0.414658221875 0.48543051562499995 0.4148872984375 0.4891296359375 0.411941946875 0.49084005781249995 0.4121711375 0.4926891984375 0.41069840468749996 0.49610920468749997 0.41115667343749995 0.49795834687499996 0.4096839421875 0.4996687671875 0.40991313125 0.5033678874999999 0.40696777968750003 0.5050774734375 0.40719685937500005 0.50692745 0.40572423906250005 0.510346621875 0.40618239375 0.5121965984375 0.404709775 0.513906184375 0.404938853125 0.5176053031250001 0.40199350312500004 0.519315725 0.4022226921875 0.5211648656250001 0.40074996093750004 0.5245848734375 0.40120822812499995 0.5319831125000001 0.3953175265625 0.533692696875 0.39554660468749997 0.5355426750000001 0.39407398437499996 0.540672265625 0.39476133125 0.542521409375 0.39328859843749997 0.544231828125 0.3935177890625 0.546080971875 0.39204505625 0.5477913921875001 0.392274246875 0.5514896765625 0.389328784375 0.5532000953125 0.3895579734375 0.5550492390625 0.38808524218749996 0.5584692453125 0.388543509375 0.560319221875 0.387070890625 0.562028809375 0.38729996875 0.56272659375 0.3787909203125 0.5575970015625 0.378103575 0.5557470234374999 0.3795761953125 0.5556074671875 0.3812780046875 0.551908346875 0.3842233546875 0.5450691703125 0.38330693125000004 0.5432191937499999 0.3847795515625 0.531249590625 0.3831756703125 0.529400446875 0.3846484015625 0.5242700218749999 0.38396094375 0.5205717359375 0.3869064078125 0.5171517296875 0.386448140625 0.5153017546875 0.3879207578125 0.5067521546875 0.38677514375 0.5049030140624999 0.38824787656250004 0.5031925921875 0.3880186875 0.4976443296875 0.3924367703125 0.48909473437499995 0.39129115625 0.48724475468749995 0.39276377500000004 0.4855351703125 0.392534696875 0.48368519218749995 0.394007315625 0.48197560624999997 0.3937782390625 0.480126465625 0.3952509703125 0.47841604374999996 0.3950217796875 0.4765669015625 0.3964945125 0.46972689062499995 0.3955779765625 0.46232865 0.401468678125 0.45890864374999996 0.4010104109375 0.45705950156249997 0.40248314374999994 0.45534908124999995 0.4022539515625 0.451650796875 0.40519941406250004 0.44994037656249997 0.404970225 0.4480912328125 0.40644295625 0.44638081406249996 0.4062137671875 0.4408325515625 0.41063185 0.43912213125 0.41040266093750005 0.4372729890625 0.411875390625 0.43214339687500003 0.4111880453125 0.4265943 0.41560601718749995 0.42317512968750004 0.41514785937500004 0.4213251515625 0.41662047968750004 0.417905146875 0.4161622125 0.4105069078125 0.42205291562499997 0.408797321875 0.42182383593750006 0.40694817812500006 0.42329656718750003 0.405237759375 0.42306737656250004 0.39783951875 0.4289580796875 0.3961299328125 0.42872900312500006 0.39427995625 0.43020162031250003 0.39400084375 0.43360524062500005 0.39557170468749997 0.43553623906250005 0.3972812921875 0.43576531875 0.3988521546875 0.4376963171875 0.403981746875 0.43838366406249996 0.40768086718749996 0.4354383125 0.4111008703125 0.4358965796875 0.412950015625 0.43442384843750004 0.4163700203125 0.43488211562499995
5 0.3067630515625 0.654184496875 0.307321278125 0.647377259375 0.30575125000000003 0.645446371875 0.2151231796875 0.633302553125 0.21261115468749997 0.6639351234374999 0.3049488125 0.6763080203125 0.30536748125 0.671202590625 0.3072166234375 0.6697298593750001 0.3083330796875 0.6561153843749999 0.3067630515625 0.654184496875
5 0.0921027515625 0.004289754687499999 0.0901467546875 0.02814191875 0.406487703125 0.0705304078125 0.4095579546875 0.0330906 0.249239296875 0.011608506250000001 0.0921027515625 0.004289754687499999
5 0.6773933484375 0.118874303125 0.6295141 0.112458665625 0.6276998593750001 0.1345821890625 0.7080679125 0.1453512046875 0.7098821515625 0.1232276796875 0.6808133546875 0.1193325703125 0.6789633765625 0.12080519062499999 0.6773933484375 0.118874303125
5 0.3111198765625 0.36916370781249996 0.312934115625 0.34704018593749997 0.174428465625 0.3284809546875 0.1726142265625 0.3506044765625 0.3111198765625 0.36916370781249996
5 0.0579108421875 0.505565103125 0.056096603125 0.5276886281250001 0.276679890625 0.5572459515625 0.278215015625 0.538526046875 0.2766449890625 0.5365951609375 0.2767845453125 0.53489335 0.0579108421875 0.505565103125
1 0.5590954984375001 0.25442768125000004 0.55595460625 0.25056579375 0.5542441859375 0.2503366046875 0.5526741562499999 0.248405715625 0.5528137140625 0.2467039078125 0.5496728203125001 0.24284202187499998 0.5479632375000001 0.24261294218749999 0.546392371875 0.24068194375 0.5446827875 0.24045286406250002 0.5399710328125 0.23465997968750002 0.5382614453125 0.2344309015625 0.5304096328125001 0.224776240625 0.5269896265625 0.22431797343749998 0.5191378140625 0.2146633125 0.5174273921875 0.21443412187500002 0.5127164718749999 0.208641346875 0.5110060515625 0.2084121578125 0.50629513125 0.20261938281249997 0.5064346875 0.2009175734375 0.504864659375 0.1989866859375 0.5050042171875 0.197284878125 0.4940115109375 0.1837683296875 0.488881084375 0.183080871875 0.48731105625 0.18114998437500002 0.4787614578125 0.1800043703125 0.47719059531249997 0.17807337031249998 0.47035141718749995 0.177156946875 0.4687805546875 0.1752259484375 0.4602309578125 0.1740803359375 0.453949171875 0.1663565609375 0.4522395875 0.16612748125000001 0.44909869375 0.162265596875 0.44923825156249997 0.1605637875 0.44752783125000006 0.160334596875 0.44595780312500005 0.15840370937499998 0.44253779687500006 0.1579454421875 0.4409677671875 0.1560145546875 0.439257346875 0.15578536406250001 0.4345464265625 0.149992590625 0.4311264203125 0.1495343234375 0.42955639218749997 0.147603434375 0.42784597187499995 0.1473742453125 0.4262759421875 0.1454433578125 0.42456552187499996 0.1452141671875 0.42299549374999995 0.14328328125 0.42128507343750005 0.1430540921875 0.41971504375 0.14112320312499999 0.4180046234375 0.1408940140625 0.4132937046875 0.1351012375 0.4047441046875 0.1339556234375 0.4028949640625 0.13542835625 0.4011845421875 0.1351991671875 0.3993354015625 0.1366718984375 0.39762498125 0.1364427078125 0.3957758375 0.137915440625 0.3946593828125 0.151529915625 0.3962294125 0.153460803125 0.39964941718749997 0.15391907031250002 0.402790309375 0.15778095781249998 0.40449989531249997 0.15801003593750002 0.4060707578125 0.159941034375 0.4077803453125 0.1601701125 0.41092123750000004 0.164032 0.41263165625 0.164261190625 0.41420168593750006 0.166192078125 0.417621690625 0.1666503453125 0.41919172031249996 0.16858123281249998 0.420902140625 0.1688104234375 0.42247217031249995 0.170741309375 0.4241825890625 0.1709704984375 0.42575261875 0.17290138593749999 0.430882209375 0.1735887328125 0.435593965625 0.17938161875 0.4373035515625 0.179610696875 0.43887441406249994 0.1815416953125 0.44058400156250005 0.1817707734375 0.4421548640625 0.1837017734375 0.44386444999999997 0.1839308515625 0.445434478125 0.1858617390625 0.4471448984375 0.186090928125 0.44871492812499997 0.188021815625 0.450425346875 0.18825100625 0.4519953765625 0.19018189375 0.453705796875 0.19041108281250002 0.4552758265625 0.1923419703125 0.4604054171875 0.1930293171875 0.46197628125 0.194960315625 0.46539628593750004 0.19541858437499998 0.471677234375 0.20314224374999998 0.47338765625 0.203371434375 0.47652855 0.207233321875 0.479948553125 0.20769158906250001 0.48151858281250004 0.20962247656250002 0.48493858906250004 0.21008074687499997 0.48650861718750005 0.2120116328125 0.4882190390625 0.2122408234375 0.49135993125 0.21610270781250002 0.49306951562499995 0.21633178593750002 0.49464037968749996 0.2182627859375 0.496349965625 0.21849186406249999 0.50263175 0.2262156375 0.5024921921875001 0.2279174484375 0.5161713812500001 0.22975040624999998 0.519312271875 0.2336122953125 0.52102269375 0.233841484375 0.5225927218749999 0.2357723703125 0.526012728125 0.23623063906250003 0.5291536203125 0.24009252656250002 0.53086320625 0.240321603125 0.53243406875 0.242252603125 0.5358532421875 0.24271075937500003 0.5374241046875 0.24464175937500002 0.539133690625 0.2448708375 0.5438454453125 0.25066372187499997 0.5455550312499999 0.2508928 0.54712589375 0.2528237984375 0.5488354796875 0.253052878125 0.550405509375 0.2549837640625 0.5521159296875 0.2552129546875 0.553685959375 0.25714384218749997 0.553546403125 0.2588456515625 0.5551172640625001 0.26077665156249996 0.5549777078125 0.2624784609375 0.5565477359375001 0.264409346875 0.5564081812499999 0.26611115625 0.5581186 0.2663403453125 0.5596886296875 0.268271234375 0.5767878234375 0.2705624609375 0.577764721875 0.25864979374999997 0.5623751125 0.2565876453125 0.560805084375 0.254656759375 0.5590954984375001 0.25442768125000004
3 0.40558317187500004 0.20804996718750002 0.4100489921875 0.1535920640625 0.3638801640625 0.1474056171875 0.3594143453125 0.20186352031250002 0.40558317187500004 0.20804996718750002
0 0.11139947812499999 0.0430332703125 0.112934603125 0.0243133671875 0.09070498125000001 0.02133468125 0.08916985625 0.040054584375 0.11139947812499999 0.0430332703125
0 0.560046175 0.72769519375 0.5618604140625 0.705571671875 0.5413403796875 0.7028220640625 0.539526140625 0.7249455874999999 0.560046175 0.72769519375
5 0.30822491875 0.42555261250000004 0.2757352796875 0.4211991234375 0.2738861375 0.42267185312500005 0.25336693593750004 0.41992235781250004 0.2517960734375 0.41799135937500004 0.231276871875 0.4152418640625 0.22848573437500003 0.44927805468750004 0.312272959375 0.4605052234375 0.31464542500000003 0.4315744625 0.3115045328125 0.42771257656249995 0.3097949484375 0.42748349843750005 0.30822491875 0.42555261250000004
0 0.6069416249999999 0.4088027 0.622331234375 0.41086485 0.624005915625 0.3904431390625 0.6224350515625 0.38851213906250004 0.6087558640624999 0.38667917812499997 0.6069416249999999 0.4088027
0 0.5541429828125 0.44129960312499994 0.554701209375 0.434492365625 0.5531311796875 0.4325614796875 0.5532707375 0.43085966875 0.551699875 0.42892866874999996 0.55183943125 0.42722686093749995 0.5502694015625 0.4252959734375 0.550408959375 0.42359416406249994 0.5418593625 0.42244855000000003 0.540009384375 0.4239211703125 0.5382998 0.4236920921875 0.536449821875 0.425164709375 0.5347402359375 0.42493563281249996 0.5333446671875001 0.44195372656250004 0.5367646734375 0.44241199375000007 0.538334703125 0.44434288281249995 0.5485947203125 0.4457176859375 0.5504438640625 0.4442449546875 0.5521542828125 0.4444741453125 0.5522938390625 0.442772334375 0.5541429828125 0.44129960312499994
1 0.36894518125000003 0.44401195312499997 0.378016378125 0.3333943390625 0.37431809375 0.3363398 0.3623476546875 0.3347358078125 0.35229956093750003 0.457266090625 0.3540099796875 0.45749527968750003 0.3555800078125 0.45942616562499994 0.35530089375 0.46282978437500005 0.36385132656249997 0.4639755109375 0.36510733906250004 0.448659225 0.36695648125 0.44718649375 0.36709603749999997 0.44548468437500005 0.36894518125000003 0.44401195312499997
5 0.3303080828125 0.093012309375 0.3287380546875 0.091081421875 0.2825692265625 0.084894971875 0.2810341015625 0.103614878125 0.3596917328125 0.1141547015625 0.36094774375 0.0988384171875 0.3575277390625 0.09838014843750001 0.35595770937500004 0.0964492609375 0.3303080828125 0.093012309375
5 0.2559504921875 0.5148965703124999 0.2587416296875 0.48086038125 0.17324398593749998 0.46940402031249995 0.1704528484375 0.5034402109375 0.2559504921875 0.5148965703124999
1 0.8246256140625 0.2418334421875 0.8264747578125 0.24036071093750003 0.8281843421874999 0.2405897890625 0.8318834640625001 0.23764443750000003 0.8370138890625001 0.2383318953125 0.8388630296875 0.2368591625 0.8508326359374999 0.2384630453125 0.8526817781249999 0.23699031406249998 0.8543921984375 0.237219503125 0.8617904359375 0.2313288015625 0.8635000234374999 0.23155787968750002 0.86535 0.23008525937500002 0.8670595859375 0.2303143375 0.868908728125 0.22884160625 0.8706191499999999 0.229070796875 0.8724682906250001 0.22759806562499998 0.877598715625 0.228285521875 0.879447859375 0.226812790625 0.882867865625 0.22727105937499997 0.8865669859375 0.2243257078125 0.8882765703125 0.22455478437499998 0.8901265484374999 0.22308216718749999 0.895256140625 0.22376951250000002 0.89710528125 0.22229678125 0.8988157031249999 0.2225259703125 0.9006648437500001 0.2210532375 0.902375265625 0.2212824296875 0.9042244078125 0.219809696875 0.904782634375 0.213002459375 0.8757138359375001 0.20910734999999997 0.873863859375 0.21057997031250003 0.8737243031249999 0.21228178125000002 0.8718751593749999 0.2137545109375 0.8684551546874999 0.21329624218749998 0.8666060109375 0.2147689734375 0.8648955921875 0.21453978437500001 0.859347328125 0.21895786875 0.8576369078124999 0.21872867812500002 0.8557877671874999 0.2202014078125 0.8489477546875 0.2192848734375 0.8470986125 0.2207576046875 0.8436786046875 0.22029933750000003 0.8399794859374999 0.2232446890625 0.8365594812499999 0.2227864203125 0.8347103375 0.224259153125 0.819320728125 0.22219700312500001 0.8174707515625 0.223669621875 0.8157611656249999 0.22344054375 0.8139111890624999 0.22491316249999999 0.8122016015625 0.22468408593750003 0.8085024828125 0.2276294375 0.7948232953125001 0.225796478125 0.7929733156250001 0.22726909687500002 0.79126373125 0.22704001875 0.7894137531250001 0.2285126390625 0.78770416875 0.22828356093750002 0.7858541921875 0.2297561796875 0.78414460625 0.2295271015625 0.7822954625 0.23099983281249997 0.78058504375 0.23077064374999998 0.7787359 0.2322433765625 0.77702548125 0.2320141859375 0.773326359375 0.2349595359375 0.771616775 0.234730459375 0.7697676312499999 0.236203190625 0.75095801875 0.233682771875 0.7491080390625 0.23515539375 0.7473984546875 0.23492631562500002 0.7455484765625 0.236398934375 0.81223650625 0.245334878125 0.8159356265625 0.2423895265625 0.817646046875 0.242618715625 0.8194951890625 0.24114598437499998 0.8246256140625 0.2418334421875
0 0.8637084953124999 0.18685256562500002 0.8483188859374999 0.1847904171875 0.8465046468749999 0.20691393906250002 0.8636046765625001 0.2092052796875 0.86545381875 0.20773254843750003 0.8669889453125 0.1890126421875 0.8652793578125 0.188783565625 0.8637084953124999 0.18685256562500002
3 0.566600171875 0.3947945515625 0.5647510312499999 0.39626728437500003 0.5620994500000001 0.4286016640625 0.563809034375 0.42883074062500004 0.5653798984375 0.43076174062500006 0.5652403406250001 0.43246355000000003 0.5668103703125 0.43439443750000006 0.5662521421875 0.44120167656250003 0.6021609531250001 0.4460133203125 0.6060685453125 0.39836265625 0.5804197546875 0.394925815625 0.578569775 0.3963984328125 0.566600171875 0.3947945515625
1 0.3015959953125 0.5485410484375 0.30187510781250004 0.5451374296875 0.30030508125 0.5432065421875001 0.30170065 0.526188446875 0.2897310453125 0.524584565625 0.2866607953125 0.5620243734375 0.2882308234375 0.5639552609375 0.288091265625 0.5656570703125 0.28966213125 0.5675880703125 0.2895225734375 0.5692898796875 0.2910926015625 0.571220765625 0.2928030234375 0.5714499562500001 0.2943730515625 0.57338084375 0.3029226484375 0.5745264578125 0.30459733125 0.5541047453125 0.30302730312500004 0.5521738578125001 0.3031668609375 0.5504720468750001 0.3015959953125 0.5485410484375
3 0.537715821875 1 0.5407873265625 0.9625448999999999 0.5390769078125001 0.9623157093750001 0.5375068796875 0.960384825 0.5015980671875 0.9555731796875 0.497954846875 1 0.537715821875 1
5 0.5191744421875 0.3196193 0.52070956875 0.3008993984375 0.46086155 0.29287999062500003 0.459326425 0.3115998953125 0.5191744421875 0.3196193
4 0.6793881140625 0.452920446875 0.64860889375 0.4487961484375 0.6455386421875 0.48623595625 0.6865778796875001 0.491735059375 0.689229459375 0.4594006796875 0.68608856875 0.45553879375 0.680958978125 0.45485144687499995 0.6793881140625 0.452920446875
0 0.67170641875 0.2092992828125 0.6733811015625 0.18887756875 0.6545714859375 0.1863571515625 0.652896803125 0.20677886562499997 0.67170641875 0.2092992828125
3 0.48246492031250005 0.42997450625000005 0.4653648890625 0.427683165625 0.463515746875 0.4291558984375 0.46142239375000005 0.454683040625 0.483652015625 0.457661725 0.4854662546875 0.4355382 0.48389539062500003 0.43360719999999997 0.48403494687500004 0.43190539375 0.48246492031250005 0.42997450625000005
2 0.529071434375 1 0.52916664375 0.9988389828124999 0.527596615625 0.9969080953124999 0.5280152859375 0.9918026671875 0.5264452562499999 0.9898717796875 0.5270034828125 0.9830645421875 0.528852628125 0.9815918109374999 0.5305622109375 0.9818208875 0.53070176875 0.980119078125 0.5325517468750001 0.978646459375 0.5328308609375 0.9752428406250001 0.5346800015625 0.973770109375 0.536075571875 0.9567520140625 0.53450554375 0.9548211265625 0.53576155625 0.9395048421875 0.534190690625 0.9375738421875001 0.5343302484375 0.9358720328125001 0.5361802250000001 0.9343994140625 0.540785603125 0.8782397 0.54263474375 0.8767669687499999 0.543192971875 0.86995973125 0.54504295 0.8684871125000001 0.54518250625 0.8667853031250001 0.547031646875 0.8653125703125 0.5477294328125 0.8568035234375 0.5461594046875 0.8548726359375 0.548008546875 0.8533999046874999 0.5488458875 0.843189046875 0.5506958640625 0.8417164296875 0.552370546875 0.8212947156249999 0.53527051875 0.819003375 0.5349914046875 0.8224069937499999 0.5365622671875 0.8243379921875 0.5362831531250001 0.8277416140625 0.5378531828125 0.8296725015625 0.5377136250000001 0.831374309375 0.5392844890624999 0.8333053078124999 0.5387262609375 0.8401125484374999 0.540296290625 0.842043434375 0.5401567328125 0.8437452421874999 0.538307590625 0.8452179750000001 0.5380284765625001 0.8486215937500001 0.53959850625 0.8505524812499999 0.53834249375 0.8658687671875 0.539912521875 0.8677996531250001 0.538516953125 0.8848177484375 0.5366678125 0.8862904796875 0.5363886984375 0.8896941 0.5345395546875 0.89116683125 0.5343999984375001 0.8928686390625 0.532550021875 0.8943412609375001 0.5318522375 0.9028503062500001 0.53000309375 0.9043230375 0.5283284109374999 0.9247447531249999 0.529898440625 0.9266756390625 0.52892154375 0.9385883046875 0.5270723984375 0.9400610374999999 0.52567683125 0.9570791328125001 0.5238268546875 0.9585517515624999 0.52284995625 0.9704644171875 0.52442081875 0.9723954171875 0.5242812625 0.974097228125 0.5258512921875 0.9760281125000001 0.525572178125 0.9794317328125001 0.523723034375 0.9809044640625 0.5235834781250001 0.9826062734375001 0.5198843578125001 0.9855516234374999 0.513044346875 0.9846350875000001 0.5114743171875 0.9827042 0.509763896875 0.9824750109375 0.501912084375 0.9728203499999999 0.5002025 0.9725912718749999 0.49863163593750004 0.9706602734375 0.49692204999999995 0.970431196875 0.49535118593750005 0.9685001968750001 0.49022159375 0.9678128515625 0.4870807015625 0.9639509640625 0.48537111718750003 0.9637218859375001 0.47908933125 0.9559981109375 0.47737891250000003 0.955768921875 0.4710979625 0.9480452609375 0.46938754375 0.947816071875 0.4678175140625 0.945885184375 0.46610709375 0.94565599375 0.461396171875 0.9398632203125 0.45968658749999997 0.9396341421875001 0.45811572187499994 0.9377031421875 0.4546957171875 0.937244875 0.451554825 0.9333829874999999 0.4498452390625 0.9331539093749999 0.446704346875 0.9292920234375 0.44499476250000003 0.9290629453125 0.443423896875 0.9271319453125001 0.4417143140625 0.9269028671875 0.43857342031249996 0.9230409796875 0.4368638359375 0.9228119015624999 0.43529297031249997 0.920880903125 0.43187296562500005 0.9204226359375 0.43030293750000004 0.9184917484374999 0.428592515625 0.918262559375 0.4254516234375 0.9144006703124999 0.4237420390625 0.9141715937500001 0.422172009375 0.9122407046875001 0.420461590625 0.9120115156249999 0.41732069687499995 0.9081496296875 0.4156111125 0.9079205515625001 0.41404024687499996 0.9059895515624999 0.41233066406249996 0.9057604734375 0.410760634375 0.9038295859375 0.40905021406250003 0.903600396875 0.40748018437500005 0.9016695078125 0.405769765625 0.90144031875 0.402628871875 0.8975784328125 0.4009192875 0.8973493546875 0.39934842187499997 0.8954183546875001 0.39592925156250003 0.8949602000000001 0.3943583890625 0.8930292 0.392648803125 0.8928001218749999 0.38950791093750003 0.8889382359375 0.3860879046875 0.8884799687499999 0.3845178765625 0.8865490812499999 0.38109786875 0.8860908125 0.376386115625 0.880297925 0.374676528125 0.880068846875 0.37310566562499997 0.8781378500000001 0.37139608125 0.877908771875 0.3666851578125 0.872115996875 0.3649747390625 0.87188680625 0.3634047109375 0.8699559203125 0.35998470312499997 0.8694976515624999 0.35841384062500004 0.867566653125 0.3567042546875 0.867337575 0.3519933328125 0.8615448000000001 0.3502829140625 0.8613156109375 0.347142021875 0.857453725 0.3454324359375 0.857224646875 0.3422915421875 0.853362759375 0.3405819578125 0.8531336812499999 0.3390110953125 0.85120268125 0.3373015078125 0.850973603125 0.3357306453125 0.8490426046874999 0.33402105937500004 0.8488135265625001 0.3308801671875 0.844951640625 0.331019725 0.8432498296875 0.32787883125 0.83938794375 0.32616924687500004 0.8391588656250001 0.3245983828125 0.8372278671875 0.321178378125 0.8367695984375001 0.31960834843749997 0.8348387109375001 0.31618834218749997 0.83438044375 0.311477421875 0.82858766875 0.3097670015625 0.828358478125 0.308196971875 0.8264275921875001 0.3064873875 0.8261985140625001 0.3033464953125 0.822336628125 0.2999264890625 0.8218783578125001 0.2983556265625 0.819947359375 0.296646040625 0.8197182812499999 0.29507517656250004 0.8177872828125 0.293365590625 0.817558203125 0.2902246984375 0.8136963187499999 0.2885151140625 0.8134672390625 0.2869442484375 0.811536240625 0.28352424374999996 0.8110779718750001 0.281954215625 0.809147084375 0.28024379375 0.80891789375 0.2771037375 0.805056121875 0.27368373125 0.804597853125 0.2721128671875 0.802666853125 0.2686928609375 0.8022085859375 0.26712283281250004 0.800277696875 0.265413246875 0.8000486203125 0.2622723546875 0.79618673125 0.26056193437499997 0.7959575421875 0.2574210421875 0.7920956578125 0.25571145781250004 0.7918665781249999 0.25414142812499996 0.789935690625 0.250721421875 0.7894774234375 0.2460096671875 0.7836845390625 0.2461492234375 0.781982728125 0.24457919375 0.780051840625 0.2428687734375 0.7798226500000001 0.2411940921875 0.8002443640625 0.2429045125 0.8004735546875 0.2444745421875 0.802404440625 0.247894546875 0.802862709375 0.25417633125 0.8105864828125 0.2558859171875 0.8108155609375001 0.260597671875 0.816608446875 0.26230725781249997 0.8168375250000001 0.2654481515625 0.8206994125 0.267157734375 0.820928490625 0.2718694921875 0.826721375 0.273579078125 0.826950453125 0.27514993906249996 0.8288814531250001 0.2785691125 0.829339609375 0.2848508953125 0.8370633828124999 0.2865613171875 0.8372925718750001 0.2881313453125 0.8392234593750001 0.28984176562499997 0.8394526499999999 0.29141179375 0.8413835375 0.29312137968749996 0.841612615625 0.29469224375 0.8435436140625001 0.2964018296875 0.843772690625 0.2979726921875 0.845703690625 0.30310228437500003 0.8463910359375 0.3046731484375 0.8483220359375 0.30809231875 0.84878019375 0.30966318125000003 0.8507111921874999 0.3095236265625 0.8524130015625 0.3112332109375 0.8526420796874999 0.31437410312499997 0.8565039656250001 0.316084525 0.8567331546875 0.32079544375 0.8625259312500001 0.3225050296875 0.8627550093749999 0.3256459234375 0.8666168953125 0.3273563421875 0.8668460843749999 0.3352081546875 0.8765007453125 0.3369177421875 0.8767298234374999 0.3384886046875 0.8786608234375001 0.340198190625 0.8788899000000001 0.34333908125 0.8827517890625 0.34504866875 0.882980865625 0.3481895625 0.8868427531249999 0.34989997968750003 0.8870719421875 0.351470009375 0.8890028296875 0.35318042968749996 0.8892320203124999 0.35789135 0.8950247921875001 0.3596009375 0.895253871875 0.36117180000000004 0.897184871875 0.3628813875 0.89741395 0.3644522484375 0.8993449468750001 0.36616183593749996 0.8995740265625001 0.3677326984375 0.9015050265625 0.369442284375 0.9017341046875 0.3710123125 0.9036649921875 0.37272273125 0.9038941812499999 0.3742927625 0.9058250687499999 0.37600318125 0.9060542578125 0.37757321093749996 0.9079851453125001 0.3809932171875 0.9084434140625 0.3825640796875 0.9103744140625001 0.384273665625 0.910603490625 0.38584369375 0.912534378125 0.3875541140625 0.91276356875 0.38912414375000004 0.91469445625 0.3908345625 0.914923646875 0.3924045921875 0.9168545328125 0.39411501250000003 0.917083721875 0.3956850421875 0.9190146109375 0.3973946265625 0.9192436875000001 0.39896549062500003 0.9211746875 0.4006750765625 0.9214037656249999 0.402245940625 0.923334765625 0.40395552500000004 0.92356384375 0.40709641718749995 0.9274257296874999 0.40880683749999996 0.9276549187500001 0.4103768671875 0.9295858062500001 0.4137968734375 0.930044075 0.4153669015625 0.9319749625 0.4170773234375 0.9322041515624999 0.4202182125 0.9360660390625 0.4219278 0.9362951171875 0.42349782812500003 0.938226003125 0.42520824843750005 0.93845519375 0.42991916874999997 0.94424796875 0.43162959062499995 0.944477159375 0.4331996171875 0.946408046875 0.438329209375 0.9470953921874999 0.443040965625 0.9528882781249999 0.4447505515625 0.9531173562499999 0.44632141562500005 0.9550483562500001 0.4497405859375 0.9555065109375 0.45602236874999996 0.9632302828125001 0.461152796875 0.9639177421875 0.462722825 0.9658486296875 0.4644324109375 0.9660777078124999 0.46914416562500005 0.9718705921874999 0.47085375156250003 0.9720996718749999 0.47242461562500004 0.9740306703125 0.4741342015625 0.9742597500000001 0.47884512187499995 0.980052521875 0.48226512968749996 0.9805107906250001 0.48854691250000004 0.9882345640624999 0.4902564984375 0.9884636406249999 0.494968253125 0.9942565296874999 0.498388259375 0.9947147968750001 0.49995828906249995 0.996645684375 0.5050878796875 0.9973330296875 0.5066587421875 0.999264028125 0.5083683296875 0.9994931046875 0.5087805703125 1 0.529071434375 1
5 0.40887575312499996 0.8846514140625 0.407201071875 0.9050731296875 0.4448194671875 0.9101138499999999 0.44621503437500004 0.8930957562499999 0.44464500781250005 0.89116486875 0.4447845640625 0.8894630593749999 0.40887575312499996 0.8846514140625
2 0.5732282609375 0.271806003125 0.5750782390625 0.270333384375 0.5767878234375 0.2705624609375 0.5841860624999999 0.264671759375 0.5858964828125 0.26490095 0.5877456265625 0.26342821875 0.5894552109375 0.263657296875 0.591305190625 0.262184675 0.5930147734375 0.26241375312500004 0.594864753125 0.260941134375 0.5965743375 0.2611702125 0.5984243140625 0.2596975921875 0.6018443203125 0.2601558609375 0.6036934625 0.25868312968749996 0.6054030484374999 0.25891220625 0.607253025 0.2574395875 0.6089626109374999 0.257668665625 0.6108125906249999 0.256196046875 0.6142325937499999 0.2566543140625 0.6160817375 0.25518158281250003 0.621211328125 0.25586892968749997 0.62306130625 0.254396309375 0.6264813124999999 0.254854578125 0.628330453125 0.25338184531249996 0.631750459375 0.2538401125 0.6335996015625 0.25236738124999997 0.6353100234375 0.2525965703125 0.6371591640625 0.2511238390625 0.640579171875 0.2515821078125 0.6535256734375 0.24127332343750002 0.6552360937499999 0.24150251250000002 0.6589352125 0.23855716093749998 0.6606447984375 0.238786240625 0.6643439171875001 0.23584088906249998 0.666053503125 0.2360699671875 0.6679034796875001 0.234597346875 0.6713234875 0.23505561406250003 0.673172628125 0.2335828828125 0.6748822156250001 0.2338119609375 0.678581334375 0.23086660937499998 0.6802917546875 0.2310957984375 0.682140896875 0.2296230703125 0.6855609031250001 0.2300813375 0.6874108796875 0.228608715625 0.692540471875 0.2292960625 0.694389615625 0.22782333124999998 0.6978096203125 0.2282816 0.6996595984375 0.226808978125 0.7013691828125 0.22703805625 0.710616565625 0.2196746234375 0.7242965890625 0.22150769375 0.72614573125 0.22003496406249998 0.7278561515625 0.22026415312499997 0.7315544359375 0.21731869062500003 0.7332648578125001 0.21754788125000002 0.7351139984375 0.2160751484375 0.73853400625 0.21653341718750002 0.74038398125 0.21506079687500002 0.74209356875 0.2152898734375 0.7439427109375 0.2138171421875 0.74565313125 0.21404633281250002 0.7475022734375 0.212573603125 0.74921269375 0.21280279218749998 0.7510618359375 0.2113300609375 0.7561922609375 0.21201751875000002 0.75804140625 0.21054478593749998 0.7614614109375 0.211003053125 0.763310553125 0.20953032187499998 0.766730559375 0.2099885890625 0.7685805375 0.2085159703125 0.770290121875 0.20874504843750002 0.7721400984375 0.2072724296875 0.773849684375 0.20750150937499998 0.7756988265625 0.20602877656250002 0.7808292546875 0.20671623437500003 0.782678396875 0.20524350156249999 0.7843888171875 0.2054726921875 0.786237959375 0.2039999609375 0.7896579640625 0.20445822812499997 0.79150710625 0.202985496875 0.7966375343750001 0.20367295468750002 0.798486675 0.2022002234375 0.800197096875 0.20242941406249998 0.80389538125 0.19948395000000002 0.8073153874999999 0.1999422171875 0.8091653640625 0.19846959687500002 0.8142949546875 0.19915694374999998 0.8161440984375 0.1976842109375 0.8195641046875 0.1981424796875 0.82141408125 0.1966698609375 0.8248340875 0.197128128125 0.8266832296875 0.195655396875 0.8318128218749999 0.19634274375 0.8336627984374999 0.19487012343750001 0.838792390625 0.19555746875 0.848039771875 0.1881940359375 0.8497501921874999 0.188423225 0.84988975 0.186721415625 0.8517388921875 0.185248684375 0.8534493124999999 0.1854778734375 0.8552984546875001 0.1840051421875 0.8672680578125 0.185609025 0.869118034375 0.1841364046875 0.8810876390625 0.1857402859375 0.88293678125 0.1842675546875 0.884646365625 0.1844966328125 0.8847859234375001 0.182794821875 0.8866358999999999 0.181322203125 0.9037350953125 0.1836134296875 0.9055850734374999 0.1821408125 0.9090050796875 0.1825990796875 0.9097028625 0.1740900328125 0.885762821875 0.17088215625 0.8856232640625 0.172583965625 0.883774121875 0.1740566984375 0.8820645359375 0.17382761875 0.8802145593749999 0.1753002390625 0.8785049734375001 0.1750711609375 0.876654996875 0.17654378125 0.86297580625 0.174710821875 0.8611258312500001 0.17618344218749998 0.8491562281249999 0.174579559375 0.8473070843749999 0.176052290625 0.8455966640625 0.1758231015625 0.8437475203125 0.1772958328125 0.8420379375 0.1770667546875 0.838338815625 0.18001210625 0.836628396875 0.1797829171875 0.834779253125 0.181255646875 0.8313592468750001 0.1807973796875 0.8295101046875001 0.1822701109375 0.8243796796874999 0.181582653125 0.8225305374999999 0.18305538593749998 0.8174001109375 0.1823679265625 0.8155509671875001 0.183840659375 0.8138413828125 0.1836115796875 0.8119914046875 0.1850842 0.8017322234375 0.183709509375 0.79988224375 0.1851821296875 0.7964622390625 0.18472386093749998 0.794613096875 0.1861965921875 0.792902675 0.1859674015625 0.791053534375 0.1874401328125 0.7893431140625 0.18721094375 0.787493971875 0.1886836765625 0.7857843859375 0.188454596875 0.7839344078125 0.1899272171875 0.7805144015625001 0.18946895 0.7786652593750001 0.19094168125 0.775245253125 0.1904834140625 0.7715461343750001 0.1934287640625 0.7698365484374999 0.1931996859375 0.7679865718750001 0.19467230468750002 0.76285698125 0.1939849609375 0.7610070015625 0.1954575796875 0.7575878312500001 0.1949994234375 0.7538887125 0.1979447734375 0.7521782906250001 0.197715584375 0.7503291484375 0.199188315625 0.7469091437500001 0.1987300484375 0.7450591640625001 0.2002026671875 0.7399295734375 0.199515321875 0.73808043125 0.20098805312499998 0.7329500046875 0.20030059531250002 0.7311008625000001 0.2017733265625 0.7259712703125001 0.2010859828125 0.7241212953125 0.2025586015625 0.7224117078125001 0.202329521875 0.7150134703125001 0.20822022499999998 0.7133038828125 0.20799114687500003 0.7114539062499999 0.2094637671875 0.7097443203125 0.2092346890625 0.70789434375 0.2107073078125 0.7061847578125 0.2104782296875 0.70433478125 0.21195085156250001 0.70262519375 0.21172177187500002 0.700776053125 0.21319450468749998 0.6956456281250001 0.21250704531250003 0.6937964828125 0.213979778125 0.6869564703125 0.2130632421875 0.6851073296875 0.2145359734375 0.6833969093750001 0.21430678281249999 0.6815477671875 0.2157795140625 0.6798373468750001 0.21555032500000001 0.677988203125 0.21702305625 0.6762777843750001 0.216793865625 0.674428640625 0.2182665984375 0.6742890828125 0.21996840781250002 0.6705899640624999 0.222913759375 0.668880378125 0.2226846796875 0.6670304015624999 0.22415729999999998 0.665320815625 0.22392822343750002 0.6616216968749999 0.226873575 0.6599121109375 0.22664449687500002 0.6580621343749999 0.22811711406250001 0.6546421265625 0.227658846875 0.6527929859375 0.22913157812499999 0.6510825640625 0.22890238749999997 0.6473834453125 0.231847740625 0.645673859375 0.2316186625 0.6419747390625 0.2345640125 0.638554734375 0.2341057453125 0.636705590625 0.23557847656250003 0.634995171875 0.2353492859375 0.633146028125 0.23682201875 0.63143644375 0.23659294062499997 0.629586465625 0.23806556093750003 0.62103686875 0.236919946875 0.619186890625 0.23839256718750002 0.61747730625 0.2381634890625 0.6156281625 0.23963621875 0.61391774375 0.2394070296875 0.6120686 0.24087976093750002 0.6103581796875 0.2406505703125 0.6085090375 0.242123303125 0.6033794453125 0.24143595625 0.60152946875 0.2429085765625 0.5981094625 0.2424503078125 0.5925612 0.246868390625 0.5891411953125 0.24641012343750002 0.585442075 0.249355475 0.5837324890625 0.24912639531249997 0.58003336875 0.252071746875 0.57832295 0.2518425578125 0.5764738078125 0.2533152890625 0.5747633859375 0.2530861 0.5710651015625 0.2560315625 0.5676450953125001 0.25557329375000004 0.56579511875 0.25704591250000003 0.558955940625 0.2561294890625 0.557105965625 0.257602109375 0.555849953125 0.27291839375000004 0.56610996875 0.2742931984375 0.5679591140625 0.27282046875 0.56966953125 0.2730496578125 0.5715186765625 0.271576925 0.5732282609375 0.271806003125
2 0.4185697515625 0.471307571875 0.4204188953125 0.4698348390625 0.42383889999999996 0.4702931078125 0.42568804374999997 0.46882037656250003 0.42910804999999996 0.46927864531249996 0.4346563109375 0.4648605625 0.4397867390625 0.46554801875 0.44163588125000003 0.46407528750000004 0.44505588593749995 0.46453355625 0.44875500625000003 0.4615882046875 0.4504645921875 0.4618172828125 0.45231456875 0.4603446640625 0.45573457656249994 0.46080293125000005 0.4575837171875 0.4593302 0.4592941375 0.45955939062500006 0.462992421875 0.4566139265625 0.46470284375000004 0.456843115625 0.466551984375 0.455370384375 0.46826240625000004 0.4555995765625 0.4701115484375 0.45412684375 0.47182196875000004 0.45435603281250003 0.47367111093750003 0.45288330156249995 0.47538153124999993 0.45311249218749994 0.47723067343750003 0.451639759375 0.478940259375 0.45186883906249997 0.48079023593750003 0.45039621875 0.48591982656250005 0.45108356406250005 0.48776980625000005 0.4496109453125 0.48790936250000005 0.44790913593750004 0.4916076484375 0.44496367187499997 0.4950276515625 0.445421940625 0.49687763125 0.4439493203125 0.498587215625 0.44417839687500005 0.5041363125 0.43976042812499994 0.5058458984375 0.43998950625 0.5132441375 0.4340988046875 0.51666414375 0.43455707187500003 0.5185132859375 0.43308434062499995 0.5202228718749999 0.43331341874999996 0.5257719671875 0.4288954484375 0.5274815546875 0.42912452500000003 0.5293315328125 0.42765190625000005 0.5294710874999999 0.42595009531250005 0.5209206562500001 0.4248043703125 0.517222371875 0.42774983437499997 0.5155119499999999 0.42752064375 0.513662809375 0.428993375 0.5102428015625 0.42853510625 0.5083928265625001 0.4300077265625 0.4998432265625 0.42886211249999995 0.49429496562499997 0.433280196875 0.487454953125 0.4323636609375 0.4856058109375 0.43383639062499996 0.47876579843749995 0.43291985625 0.47506667968749994 0.4358652078125 0.4733570953125 0.4356361296875 0.471507115625 0.43710874843749997 0.46637752499999996 0.43642140312500005 0.4589792859375 0.44231210625 0.4572697 0.442083028125 0.4554197234375 0.443555646875 0.4537101375 0.44332656875 0.45001101875 0.44627191875000005 0.44830143125 0.4460428421875 0.44645145625 0.4475154609375 0.44474186875 0.4472863828125 0.44289189218749997 0.448759003125 0.4411823078125 0.44852992656249996 0.4374831859375 0.45147527812500005 0.43577276718749997 0.45124608750000006 0.4339236234375 0.4527188171875 0.43050361875 0.45226055 0.428654475 0.45373328125 0.42694405625 0.45350409062499997 0.4232449359375 0.45644944374999996 0.4215353515625 0.456220365625 0.41968620625 0.45769309687500004 0.41455578125 0.4570056390625 0.4127066390625 0.45847836875 0.40928663125 0.45802010156249995 0.40188839375 0.4639108046875 0.40017880781250004 0.4636817265625 0.40003925156250003 0.4653835359375 0.398189275 0.46685615468749997 0.39804971718750004 0.46855796562499996 0.396200575 0.470030696875 0.39449015468750004 0.46980150624999995 0.3960610171875 0.47173250624999996 0.4114506265625 0.47379465625000006 0.41329976874999996 0.47232192343749996 0.4150101890625 0.47255111406249994 0.4168593328125 0.4710783828125 0.4185697515625 0.471307571875
4 0.2954606703125 0.8763362625 0.283491065625 0.87473238125 0.28192020156250003 0.8728013812500001 0.25798099531249996 0.86959361875 0.254212959375 0.9155424734375 0.30209137343750003 0.9219579984375 0.3050220671875 0.8862200015624999 0.29874111875 0.8784963375 0.2970306984375 0.8782671484375 0.2954606703125 0.8763362625
5 0.2109381984375 0.7686620359375 0.004310865625 0.7409747578125 0.0044310750000000005 0.7616369781250001 0.20926351406250002 0.7890837484375 0.2109381984375 0.7686620359375
3 0.3331436390625 0.58545799375 0.33872591406249997 0.5173856140625 0.2925570859375 0.5111991671875 0.2869748125 0.5792715453125 0.3331436390625 0.58545799375