3 0.76486440625 0.8047380078125 0.7016440671875 0.8047380078125 0.7016440671875 0.8837195578125 0.76486440625 0.8837195578125 0.76486440625 0.8047380078125
3 0.2368542375 0.45815498125 0.1581694921875 0.45815498125 0.1581694921875 0.5200295203125 0.2368542375 0.5200295203125 0.2368542375 0.45815498125
3 0.4028169484375 0.3116715859375 0.319759321875 0.3116715859375 0.319759321875 0.39842435468750004 0.4028169484375 0.39842435468750004 0.4028169484375 0.3116715859375
3 0.7784372875 0.8692103328125 0.7545932203125 0.8692103328125 0.7545932203125 0.900295203125 0.7784372875 0.900295203125 0.7784372875 0.8692103328125
3 0.7133966109375 0.787413284375 0.6723796609375 0.787413284375 0.6723796609375 0.8187269374999999 0.7133966109375 0.8187269374999999 0.7133966109375 0.787413284375
3 0.612613559375 0.725704796875 0.5756033890625 0.725704796875 0.5756033890625 0.754250921875 0.612613559375 0.754250921875 0.612613559375 0.725704796875
3 0.5239966109374999 0.6720073796875 0.48146779687499996 0.6720073796875 0.48146779687499996 0.6998892984375 0.5239966109374999 0.6998892984375 0.5239966109374999 0.6720073796875
3 0.40966440625 0.6037453875 0.368586440625 0.6037453875 0.368586440625 0.632077490625 0.40966440625 0.632077490625 0.40966440625 0.6037453875
3 0.25302711875 0.50893726875 0.20763728750000002 0.50893726875 0.20763728750000002 0.5381033203125 0.25302711875 0.5381033203125 0.25302711875 0.50893726875
3 0.2568305078125 0.4396346859375 0.21251186406250003 0.4396346859375 0.21251186406250003 0.46786346874999996 0.2568305078125 0.46786346874999996 0.2568305078125 0.4396346859375
3 0.3355457625 0.38756457499999997 0.293905084375 0.38756457499999997 0.293905084375 0.4177638375 0.3355457625 0.4177638375 0.3355457625 0.38756457499999997
3 0.38342372812500003 0.2770332109375 0.3609559328125 0.2770332109375 0.3609559328125 0.32547601406250004 0.38342372812500003 0.32547601406250004 0.38342372812500003 0.2770332109375
3 0.3785796609375 0.049295203125 0.3581389828125 0.049295203125 0.3581389828125 0.0836937265625 0.3785796609375 0.0836937265625 0.3785796609375 0.049295203125
3 0.3769627125 0.0970848703125 0.3602305078125 0.0970848703125 0.3602305078125 0.142250921875 0.3769627125 0.142250921875 0.3769627125 0.0970848703125
5 0.1796874578125 0.014062731249999998 0.180614915625 0.044061992187499996 0.3666142375 0.04039040625 0.36874983125 0.014062731249999998 0.1796874578125 0.014062731249999998
0 0.3625003390625 0.675 0.365625084375 0.675 0.36874983125 0.6718752765625 0.36874983125 0.66406273125 0.3718752546875 0.6609372687499999 0.3718752546875 0.6546878234375 0.3046874578125 0.6546878234375 0.3046874578125 0.6781247234375 0.30625016875 0.6796878234375 0.3515627125 0.6796878234375 0.35312474531250004 0.6781247234375 0.357812203125 0.6781247234375 0.359374915625 0.6765623609375 0.3609376265625 0.6765623609375 0.3625003390625 0.675
5 0.7781247453125 0.9015623609375 0.7781247453125 0.98906273125 0.925 0.98906273125 0.925 0.9015623609375 0.7781247453125 0.9015623609375
5 0.4890623734375 0.0984376390625 0.49062508437499996 0.1 0.55 0.1 0.55 0.0281247234375 0.40468745781250004 0.0281247234375 0.40468745781250004 0.1 0.4765627125 0.1 0.47812474531250004 0.0984376390625 0.4796874578125 0.0984376390625 0.48125016875000004 0.0968752765625 0.48593762656250006 0.0968752765625 0.4875003390625 0.0984376390625 0.4890623734375 0.0984376390625
0 0.3953125421875 0.575 0.3953125421875 0.5937498156250001 0.41093762656250005 0.5937498156250001 0.41250033906250005 0.5953121765625 0.41562508437499995 0.5953121765625 0.41874983125 0.592187453125 0.41874983125 0.5765623609375 0.41718779687499996 0.575 0.3953125421875 0.575
0 0.6015627125 0.66250036875 0.6015627125 0.643749815625 0.540625084375 0.643749815625 0.540625084375 0.667187453125 0.5968752546875 0.667187453125 0.6015627125 0.66250036875
0 0.3390623734375 0.4453121765625 0.3390623734375 0.46562509218750003 0.40312474531250003 0.46562509218750003 0.40312474531250003 0.4453121765625 0.3390623734375 0.4453121765625
5 0.1734372875 0.6828125468749999 0.1734372875 0.7906250921875 0.3625003390625 0.7906250921875 0.3625003390625 0.6828125468749999 0.1734372875 0.6828125468749999
5 0.5625003390625001 0.631250184375 0.5640623734375 0.632812546875 0.5656250843749999 0.632812546875 0.567187796875 0.631250184375 0.56874983125 0.631250184375 0.56874983125 0.6296878234375 0.5703125421874999 0.6281247234375 0.5703125421874999 0.6 0.4968752546875 0.6 0.4968752546875 0.632812546875 0.5125003390625 0.632812546875 0.5140623734374999 0.631250184375 0.51874983125 0.631250184375 0.5203125421875 0.632812546875 0.54374983125 0.632812546875 0.5453125421875 0.631250184375 0.5625003390625001 0.631250184375
0 0.7125003390625 0.91250036875 0.7218752546875 0.91250036875 0.7234372875 0.91093726875 0.7359376265625001 0.91093726875 0.7375003390625 0.9093749078125001 0.7375003390625 0.8921874531249999 0.7125003390625 0.8921874531249999 0.7125003390625 0.91250036875
5 0.225 0.2531247234375 0.22656271249999999 0.2515623609375 0.23437491562499999 0.2515623609375 0.2359376265625 0.25 0.23750033906249998 0.25 0.2390623734375 0.2484376390625 0.24062508437500002 0.2484376390625 0.242187796875 0.25 0.24374983125 0.25 0.2468752546875 0.2531247234375 0.2468752546875 0.25468782343749996 0.24531254218749998 0.25625018437499997 0.24531254218749998 0.2593749078125 0.3484372875 0.2593749078125 0.3484372875 0.20468782343749997 0.34531254218749996 0.20468782343749997 0.34374983124999997 0.2031247234375 0.34374983124999997 0.2015623609375 0.34531254218749996 0.2 0.34687525468749997 0.2 0.3484372875 0.1984376390625 0.3484372875 0.13906273125 0.184374915625 0.13906273125 0.184374915625 0.2593749078125 0.209374915625 0.2593749078125 0.2125003390625 0.25625018437499997 0.217187796875 0.25625018437499997 0.21874983124999997 0.25468782343749996 0.2203125421875 0.25468782343749996 0.22187525468749997 0.2531247234375 0.225 0.2531247234375
2 0.378002034375 0.07440664218750001 0.3609057625 0.06491143906249999 0.366134915625 0.2855940953125 0.3778427125 0.29255350625 0.378002034375 0.07440664218750001
2 0.3647633890625 0.364639853125 0.3214725421875 0.39111881875 0.330308475 0.400523246875 0.37705559375000003 0.36771291562499997 0.3784488140625 0.31637195625 0.3668027125 0.31226273125000004 0.3647633890625 0.364639853125
2 0.24375118593749998 0.441946125 0.25348135625 0.450564575 0.3087640671875 0.41447084843750004 0.2995396609375 0.408521771875 0.24375118593749998 0.441946125
2 0.22896067812499998 0.4642619921875 0.2147518640625 0.4573033203125 0.21478576249999998 0.4574693734375 0.176136271875 0.48279188125 0.17578711875 0.49778228750000003 0.2150745765625 0.522477490625 0.22616406718749998 0.5121667890625 0.18913559375 0.4891608859375 0.22896067812499998 0.4642619921875
2 0.24824745781250002 0.52948118125 0.2395532203125 0.5364701109375 0.3726203390625 0.615814759375 0.38154169531250004 0.6077335796875001 0.24824745781250002 0.52948118125
2 0.40662101718750004 0.6194516609375 0.3951505078125 0.6284442796875 0.43636610156250005 0.6515483390625 0.386867796875 0.683385978125 0.3940183046875 0.6917697421875 0.44504677968750006 0.6575062734375 0.48754915312499997 0.683927675 0.4979959328125 0.6768745390625 0.40662101718750004 0.6194516609375
2 0.6765667796875 0.801332840625 0.521063728125 0.68788191875 0.5108874578125 0.6970287828124999 0.6765667796875 0.801332840625
2 0.732174915625 0.8382922515625 0.7557484750000001 0.8822730625 0.7700413562499999 0.8786974171875 0.7426989828125 0.8261431734375 0.7085749156250001 0.8047918812500001 0.6992169484375 0.8133247234375001 0.732174915625 0.8382922515625
5 0.9948305078124999 0.8438929890625 0.8019423734375 0.8438929890625 0.8019423734375 0.8605055343749999 0.9948305078124999 0.8605055343749999 0.9948305078124999 0.8438929890625
1 0.3555457625 0.078822878125 0.32277288125000003 0.078822878125 0.32277288125000003 0.0942250921875 0.3555457625 0.0942250921875 0.3555457625 0.078822878125
1 0.3803667796875 0.0632833953125 0.379690846875 0.17762804375000002 0.3949288140625 0.1886929890625 0.3934142375 0.0706568265625 0.3803667796875 0.0632833953125
1 0.39277288125 0.07655350625 0.3961288140625 0.314204428125 0.410906440625 0.3195527671875 0.40799118593749994 0.0808937265625 0.39277288125 0.07655350625
1 0.3936345765625 0.38173726874999997 0.40761830468750004 0.3898177125 0.40721016875 0.32244501875 0.39566305156250003 0.3167749078125 0.3936345765625 0.38173726874999997
1 0.393183728125 0.38218966718749997 0.34092135625000003 0.41784944687500003 0.3404230515625 0.41802656875000005 0.3550983046875 0.42667675312500003 0.40900542343749996 0.38997269375 0.393183728125 0.38218966718749997
1 0.2607240671875 0.46784870781250004 0.27398440625 0.4763564578125 0.3525288140625 0.42695498125000003 0.33597559375 0.41826125468750003 0.2607240671875 0.46784870781250004
1 0.20322847500000002 0.503167528125 0.21574711875000002 0.5118420671874999 0.27100677968750003 0.478414759375 0.25775389843749996 0.46962582968750005 0.20322847500000002 0.503167528125
1 0.15243864375 0.5046095937499999 0.1390833890625 0.5136250921875 0.1371952546875 0.5129380078125 0.19309559375000002 0.5480878234375 0.20417491562499998 0.538622878125 0.15243864375 0.5046095937499999
1 0.1957152546875 0.5498191875 0.34990440624999997 0.6417070109375 0.363265084375 0.6337653140625 0.21122711875000003 0.5381107015625 0.1957152546875 0.5498191875
1 0.4019688140625 0.6748450187499999 0.4176433890625 0.668149815625 0.365280678125 0.634605165625 0.351439321875 0.6431845015625 0.4019688140625 0.6748450187499999
1 0.3702169484375 0.737958671875 0.391829153125 0.7402841328124999 0.43043728750000004 0.6806841328125001 0.41847186406250003 0.677453875 0.393642034375 0.7179033203125 0.37119593281249996 0.7174154984375 0.3702169484375 0.737958671875
1 0.46766644062499996 0.73324575625 0.45999796562500006 0.715695203125 0.4373640671875 0.7195084875 0.429094915625 0.701764575 0.419919321875 0.709040590625 0.436425084375 0.7396760140625 0.46766644062499996 0.73324575625
1 0.47853016875 0.7008649453125 0.46772881406250005 0.7107011062499999 0.6533816953125 0.8299062734374999 0.66780135625 0.8186236156250001 0.47853016875 0.7008649453125
1 0.6933127328124999 0.8556569968750001 0.7089823734375 0.8449107015624999 0.6712854234375001 0.821240590625 0.6560467796875 0.8329158671875 0.692406440625 0.8562328625 0.6929694921875 0.8545608859374999 0.6933127328124999 0.8556569968750001
1 0.661613559375 0.866760146875 0.6591566109375 0.8855291515625 0.750468475 0.8877431734375 0.754292203125 0.8809003687500001 0.7449410171874999 0.8753476015625001 0.68347864375 0.87713579375 0.6841023734375 0.8668118078125 0.661613559375 0.866760146875
1 0.7010610171875 0.8578760140625 0.7010061015625 0.8717439109375 0.7245288140625 0.874439853125 0.7355254234374999 0.864031734375 0.7349138984375 0.8548693734375 0.7217240671875 0.8672154984375 0.7193125421875 0.8576878234375 0.7010610171875 0.8578760140625
1 0.7590603390624999 0.8081387453125 0.7943233890625 0.87898155 0.8082020343749999 0.8650346859375 0.7686745765625 0.80044575625 0.7590603390624999 0.8081387453125
1 0.8085376265625 0.798546125 0.7815742375 0.7989468640624999 0.7789342375 0.799764575 0.77941016875 0.8179335796875 0.8098352546875001 0.8163881921874999 0.8085376265625 0.798546125
1 0.6878732203125 0.9238059046875 0.6890352546875 0.9071527671874999 0.65731864375 0.9054162359375001 0.6563294921875 0.9235143906250001 0.6878732203125 0.9238059046875
0 0.34897288125000003 0.0439704796875 0.326959321875 0.0439704796875 0.326959321875 0.0654612546875 0.34897288125000003 0.0654612546875 0.34897288125000003 0.0439704796875
0 0.3691694921875 0.20308487031250003 0.3526067796875 0.20308487031250003 0.3526067796875 0.224177121875 0.3691694921875 0.224177121875 0.3691694921875 0.20308487031250003
0 0.3507966109375 0.27008118125 0.328240678125 0.27008118125 0.328240678125 0.2891512921875 0.3507966109375 0.2891512921875 0.3507966109375 0.27008118125
0 0.3521932203125 0.29311070156249996 0.28657288125 0.29311070156249996 0.28657288125 0.313295203125 0.3521932203125 0.313295203125 0.3521932203125 0.29311070156249996
0 0.31139661093750004 0.3628966796875 0.285932203125 0.3628966796875 0.285932203125 0.38315498125 0.31139661093750004 0.38315498125 0.31139661093750004 0.3628966796875
0 0.2736169484375 0.36010332031250003 0.25708135625 0.36010332031250003 0.25708135625 0.380531365625 0.2736169484375 0.380531365625 0.2736169484375 0.36010332031250003
0 0.2274474578125 0.411749078125 0.20451186406250002 0.411749078125 0.20451186406250002 0.43329889374999997 0.2274474578125 0.43329889374999997 0.2274474578125 0.411749078125
0 0.197223728125 0.41663099687500005 0.13206440625 0.41663099687500005 0.13206440625 0.4384243546875 0.197223728125 0.4384243546875 0.197223728125 0.41663099687500005
0 0.429840678125 0.546431734375 0.4154338984375 0.546431734375 0.4154338984375 0.5668376390625001 0.429840678125 0.5668376390625001 0.429840678125 0.546431734375
0 0.4914169484375 0.5778376390625 0.4244067796875 0.5778376390625 0.4244067796875 0.5988560890625 0.4914169484375 0.5988560890625 0.4914169484375 0.5778376390625
0 0.53251864375 0.642741696875 0.5083898312499999 0.642741696875 0.5083898312499999 0.6630738 0.53251864375 0.6630738 0.53251864375 0.642741696875
0 0.721759321875 0.7592878234375 0.6987966109375 0.7592878234375 0.6987966109375 0.7810664203125001 0.721759321875 0.7810664203125001 0.721759321875 0.7592878234375
0 0.794613559375 0.7627749078125 0.7289254234375 0.7627749078125 0.7289254234375 0.7843247234375 0.794613559375 0.7843247234375 0.794613559375 0.7627749078125
0 0.1128067796875 0.45850553437499997 0.0968067796875 0.45850553437499997 0.0968067796875 0.478749078125 0.1128067796875 0.478749078125 0.1128067796875 0.45850553437499997
0 0.42651864375 0.388022140625 0.41094576250000003 0.388022140625 0.41094576250000003 0.4086568265625 0.42651864375 0.4086568265625 0.42651864375 0.388022140625
0 0.2816203390625 0.485723246875 0.2590033890625 0.485723246875 0.2590033890625 0.5060701109375 0.2816203390625 0.5060701109375 0.2816203390625 0.485723246875
0 0.3503525421875 0.48990774843749996 0.28665084687500003 0.48990774843749996 0.28665084687500003 0.5109926203125 0.3503525421875 0.5109926203125 0.3503525421875 0.48990774843749996
1 0.4495457625 0.406859778125 0.41286779687499997 0.406859778125 0.41286779687499997 0.4221439109375 0.4495457625 0.4221439109375 0.4495457625 0.406859778125
4 0.41306779687499995 0.7704538750000001 0.36798983125 0.7704538750000001 0.36798983125 0.8208376390625001 0.41306779687499995 0.8208376390625001 0.41306779687499995 0.7704538750000001
4 0.49435593281249995 0.7837121765624999 0.4506881359375 0.7837121765624999 0.4506881359375 0.828996309375 0.49435593281249995 0.828996309375 0.49435593281249995 0.7837121765624999
4 0.625694915625 0.8500110703124999 0.584677965625 0.8500110703124999 0.584677965625 0.898741696875 0.625694915625 0.898741696875 0.625694915625 0.8500110703124999
4 0.718732203125 0.6720516609375 0.68277288125 0.6720516609375 0.68277288125 0.7193431734375 0.718732203125 0.7193431734375 0.718732203125 0.6720516609375
4 0.4829796609375 0.5171254609375 0.45005084687499997 0.5171254609375 0.45005084687499997 0.5589483390625001 0.4829796609375 0.5589483390625001 0.4829796609375 0.5171254609375
4 0.525705084375 0.524804428125 0.488708475 0.524804428125 0.488708475 0.5754317343750001 0.525705084375 0.5754317343750001 0.525705084375 0.524804428125
4 0.6384067796874999 0.6790332109375 0.5622440671875 0.6790332109375 0.5622440671875 0.695564575 0.6384067796874999 0.695564575 0.6384067796874999 0.6790332109375
4 0.37188813593750003 0.4724612546875 0.3449118640625 0.4724612546875 0.3449118640625 0.5068302578125 0.37188813593750003 0.5068302578125 0.37188813593750003 0.4724612546875
4 0.40710169531249996 0.50159040625 0.3734542375 0.50159040625 0.3734542375 0.5394575640625 0.40710169531249996 0.5394575640625 0.40710169531249996 0.50159040625
4 0.310749153125 0.3370738 0.2795152546875 0.3370738 0.2795152546875 0.3681070109375 0.310749153125 0.3681070109375 0.310749153125 0.3370738
4 0.2162847453125 0.3548523984375 0.1827118640625 0.3548523984375 0.1827118640625 0.39199630937499996 0.2162847453125 0.39199630937499996 0.2162847453125 0.3548523984375
4 0.1005796609375 0.42011808124999994 0.0711627125 0.42011808124999994 0.0711627125 0.458376384375 0.1005796609375 0.458376384375 0.1005796609375 0.42011808124999994
4 0.3231288140625 0.2128487078125 0.2929796609375 0.2128487078125 0.2929796609375 0.2546937265625 0.3231288140625 0.2546937265625 0.3231288140625 0.2128487078125
4 0.298522034375 0.055132840625 0.268623728125 0.055132840625 0.268623728125 0.09122878281249999 0.298522034375 0.09122878281249999 0.298522034375 0.055132840625
5 0.26350847499999996 0.392904059375 0.1833525421875 0.392904059375 0.1833525421875 0.411509225 0.26350847499999996 0.411509225 0.26350847499999996 0.392904059375
5 0.48408813593750005 0.4215202953125 0.411586440625 0.4215202953125 0.411586440625 0.434494465625 0.48408813593750005 0.434494465625 0.48408813593750005 0.4215202953125
5 0.1664169484375 0.477376384375 0.0974474578125 0.477376384375 0.0974474578125 0.4915239859375 0.1664169484375 0.4915239859375 0.1664169484375 0.477376384375
5 0.5693525421875 0.6148302578125 0.4962067796875 0.6148302578125 0.4962067796875 0.634453875 0.5693525421875 0.634453875 0.5693525421875 0.6148302578125
4 0.1518711859375 0.5918007375000001 0.11924745781249999 0.5918007375000001 0.11924745781249999 0.6356236156249999 0.1518711859375 0.6356236156249999 0.1518711859375 0.5918007375000001
4 0.257332203125 0.6022693734375 0.22310169531250001 0.6022693734375 0.22310169531250001 0.638749078125 0.257332203125 0.638749078125 0.257332203125 0.6022693734375