0 0.5560048875 0.39357125625 0.5610331296875 0.35065728749999997 0.41685947187499994 0.33044465 0.4118312265625 0.37335861718749996 0.5560048875 0.39357125625
0 0.6167866203125 0.6654816578125 0.6218148625000001 0.6225676890625 0.47764120625000006 0.6023550515625 0.47261296093749994 0.6452690203125 0.6167866203125 0.6654816578125
0 0 0.8507862265625 0.0004772625 0.8508531375 0.005118679687500001 0.8112405875 0 0.8105229671874999 0 0.8507862265625
5 0.42520300781250003 0.014848415625 0.4147953015625 0.10367385312499999 0.6633712484375 0.1385233234375 0.6750046859375 0.039236790625000004 0.526203890625 0.0183754453125 0.42520300781250003 0.014848415625
0 0.1012880375 0.8817631890625 0.13443043593749998 0.8864096359375001 0.1381323625 0.8835729828125001 0.1425802765625 0.845611884375 0.10612278125 0.840500675 0.1012880375 0.8817631890625
0 0.6365388640625 0.525651615625 0.6415671078125 0.4827376484375 0.4957371234375 0.4622928 0.4907088796875 0.5052067671875 0.6365388640625 0.525651615625
0 0 0.95175211875 0.0965544109375 0.96528870625 0.0981369375 0.9517824984375001 0 0.938024046875 0 0.95175211875
0 0.54115665625 0.8796814296875001 0.539692434375 0.8777990812500001 0.5398859359375 0.8761476296874999 0.5384229390625 0.874265453125 0.5218511265625 0.8719421437499999 0.5125976265625 0.8790332031249999 0.50969685 0.9037901187499999 0.511160896875 0.9056739546875001 0.51096756875 0.9073239187500001 0.512431790625 0.9092062656250001 0.5122382890625 0.9108577203125 0.5137012890625 0.9127398953125001 0.5135077875 0.9143913484375 0.516436228125 0.9181560421875 0.518093778125 0.9183884250000001 0.5195566015625 0.9202720890625 0.5278431171875 0.9214338296875001 0.52969294375 0.9200145875000001 0.5298862703125 0.9183646234375 0.5335881953125 0.91552796875 0.5352445203125 0.9157601796874999 0.5370953953125001 0.9143425984375 0.5372888953125 0.9126911453125001 0.5428404718750001 0.9084367390624999 0.544194109375 0.89688400625 0.5427300640625 0.8950001703125 0.5429233906250001 0.8933502062500001 0.54146039375 0.89146803125 0.541847221875 0.8881666140625001 0.5403831734375 0.8862827781249999 0.54115665625 0.8796814296875001
0 0.72471485625 0.9087712890624999 0.729356271875 0.8691587406249999 0.7061567156249999 0.8659062453124999 0.7015153 0.90551879375 0.72471485625 0.9087712890624999
1 0.55666441875 1 0.5574477625 0.9993995171875 0.5591053109375 0.9996318984375 0.5665077625 0.9939599109374999 0.5681653109375 0.9941922921874999 0.5700151375 0.9927730499999999 0.571672684375 0.9930054328125 0.5772242609375 0.9887510265625 0.5788818078125 0.9889834078125 0.5862830375 0.983311246875 0.5879405859375 0.9835436281250001 0.6045954906250001 0.9707789203124999 0.6062530374999999 0.9710113015624999 0.6118046140625 0.9667568953125001 0.6151184859375001 0.9672214875 0.6206712859375 0.962967253125 0.6223276109375 0.9631994640625001 0.6241784859374999 0.9617818796875 0.6258360359374999 0.9620142640625 0.6350883109375001 0.9549230312500001 0.6367458593750001 0.9551554156250001 0.6369393609375 0.9535039609375 0.6387890125 0.95208620625 0.6393691687499999 0.9471348234375 0.6412200453125 0.9457172437500001 0.6414135453124999 0.9440657890624999 0.6432644203125 0.94264820625 0.6532072609374999 0.9440421578124999 0.6587588375 0.9397877515624999 0.6589523390625 0.938136296875 0.6608032140625 0.9367187156250001 0.6593389921874999 0.9348363671875 0.6599193234375 0.929883496875 0.65552805625 0.9242351375 0.653870509375 0.92400275625 0.6501698078125 0.92683958125 0.648512259375 0.9266071968749999 0.6411096328125 0.932280675 0.6394533078125 0.9320484656250001 0.637602434375 0.9334660484375 0.6342885609375 0.9330014546875001 0.6305866359375 0.9358381078125 0.6289303109375 0.9356058968750001 0.627079434375 0.937023478125 0.6237655625 0.9365588859375 0.6219146890625 0.9379764671874999 0.6185995921874999 0.937511703125 0.6148988906249999 0.9403485281249999 0.6115850171874999 0.939883934375 0.6097339671875 0.9413030062500001 0.6047625453125 0.94060603125 0.58440589375 0.9562059046875 0.5827495671875 0.9559736937500001 0.58089869375 0.957391275 0.5792411468750001 0.95715889375 0.5736895703125 0.9614133 0.5720332453125 0.9611810890625 0.5701821953125 0.9626001593750001 0.568524646875 0.9623677781250001 0.562973071875 0.9666221859374999 0.561315521875 0.966389803125 0.5594658703125 0.96780755625 0.556150775 0.967342790625 0.5505991984375 0.9715971984375 0.5489428734375 0.9713649875 0.5470918250000001 0.9727840578125001 0.5437779500000001 0.9723194656249999 0.538226375 0.9765738718750001 0.5365688265624999 0.9763414906250001 0.5347179515625 0.977759071875 0.533060403125 0.977526690625 0.525659 0.983200340625 0.524001453125 0.9829679562500001 0.5184498765625001 0.9872223640625 0.5167923296875 0.9869899828124999 0.5130918015625 0.98982531875 0.5114342546875 0.9895929359375 0.5058825015624999 0.99384883125 0.5042249546875001 0.9936164484375001 0.49682372656249996 0.9992886109375 0.493508628125 0.9988238453125 0.4919738640625 1 0.55666441875 1
0 0.681222990625 0.6761924765625 0.6831569578125001 0.6596868765624999 0.685006609375 0.6582691234375 0.68597359375 0.6500163203125 0.657802615625 0.64606685 0.653354525 0.684029434375 0.6765540828125001 0.68728193125 0.6802560062499999 0.684445278125 0.6808361640625 0.6794938968750001 0.6826859875 0.678074653125 0.681222990625 0.6761924765625
0 0.5750003796875001 0.590839359375 0.5751937078125 0.58918939375 0.5770445828125 0.5877718125 0.581492671875 0.5498092265625 0.5417200796875 0.54423325 0.5368853375 0.5854957640625 0.5750003796875001 0.590839359375
0 0.2583010296875 0.9792696578125 0.25976525 0.9811520046875 0.29456642187500004 0.98603100625 0.299401165625 0.9447684921875 0.259628571875 0.9391925140625 0.25498715625 0.9788050640625 0.2583010296875 0.9792696578125
5 0.806683875 0.28108360781249997 0.9968254515625 0.307740784375 0.99731269375 0.26586725312500004 0.8115187921875 0.23981960624999998 0.806683875 0.28108360781249997
0 0.47947534843749995 0.2704406734375 0.48353660937500004 0.23577950468750003 0.4470791140625 0.23066829218749998 0.443017853125 0.2653294609375 0.47947534843749995 0.2704406734375
0 0.8538240781249999 0.45377825937500005 0.8584654953124999 0.414165709375 0.831950840625 0.410448446875 0.8273094234375 0.4500609984375 0.8538240781249999 0.45377825937500005
5 0 0.7065099218750001 0.013795085937500002 0.7084439453125 0.0215307796875 0.6424230265624999 0 0.6394044875 0 0.7065099218750001
3 0.19314922343750002 0.9315494140625 0.20011126093749998 0.8721313328125 0.1636525390625 0.8670199484375001 0.156690503125 0.9264380296875 0.19314922343750002 0.9315494140625
1 0.4400895828125 0.2615632765625 0.43448118437499994 0.309428628125 0.44773912187500003 0.31128734375 0.44793262343749995 0.30963589062499997 0.449782278125 0.3082181390625 0.451439825 0.3084505203125 0.4532906984375 0.30703293593750003 0.4599196671875 0.30796229531249997 0.4613826671875 0.309844471875 0.46469776406249996 0.31030923593750004 0.46762480625 0.314075246875 0.57865484375 0.3296412640625 0.5842632437499999 0.28177591562500004 0.4400895828125 0.2615632765625
5 0.268361803125 0.7927849265625 0.27203623593750004 0.761425178125 0.1228911546875 0.7405155640625 0.1192167234375 0.7718753140625 0.268361803125 0.7927849265625
3 0.710030946875 0.631579621875 0.7166063312500001 0.575461471875 0.68346270625 0.570814853125 0.676887325 0.6269330046875 0.710030946875 0.631579621875
1 0.7731240921875 0.35187244687499997 0.7638412609375 0.43109754687499996 0.788698365625 0.43458242656249996 0.7983680265624999 0.35205590937500003 0.77682479375 0.3490356234375 0.7731240921875 0.35187244687499997
5 0.84704906875 0.7128617953124999 0.85149715625 0.674899209375 0.7702956484375 0.66351504375 0.7658475578124999 0.7014776296874999 0.84704906875 0.7128617953124999
3 0.72511550625 0.50283920625 0.7309172328125 0.453323890625 0.699431159375 0.44890965468750005 0.69362943125 0.49842496875000003 0.72511550625 0.50283920625
3 0.73547573125 0.4287978703125 0.7434047500000001 0.3611269875 0.7102611296875 0.3564803703125 0.702332109375 0.4241512515625 0.73547573125 0.4287978703125
1 0.88003928125 0.3450521234375 0.8842938703125001 0.3087409921875 0.80640745625 0.2978215921875 0.80215286875 0.334132725 0.88003928125 0.3450521234375
1 0.3068867078125 0.9240084828124999 0.3107544671875 0.8909987671874999 0.275953296875 0.886119765625 0.27208553750000003 0.91912948125 0.3068867078125 0.9240084828124999
1 0.23090353281249998 0.9687188390625 0.23071020625 0.970368803125 0.22515862968749997 0.974623209375 0.22350108125 0.974390828125 0.21609845625 0.9800643062500001 0.21112703437499997 0.9793673296875 0.20927615937500002 0.9807849125000001 0.2076198328125 0.9805527015625 0.20728117343750002 0.9808122062500001 0.25036744375 0.9868527500000001 0.2525559515625 0.9851755171875001 0.2542134984375 0.9854079 0.25606454843750004 0.9839888312499999 0.257720875 0.9842210421875001 0.25957175 0.9828034578124999 0.25976525 0.9811520046875 0.2583010296875 0.9792696578125 0.256644703125 0.9790374453125 0.2537164375 0.9752712640625001 0.2539097625 0.9736212984374999 0.252446765625 0.9717391234375 0.23090353281249998 0.9687188390625
1 0.891725825 0.230933475 0.8961739140624999 0.19297088906249998 0.8166299531250001 0.1818191078125 0.8121818640624999 0.2197816921875 0.891725825 0.230933475
3 0.76218695 0.3302067125 0.763844496875 0.3304390953125 0.7656941500000001 0.329021340625 0.7673516968749999 0.32925372343750003 0.769202746875 0.3278346546875 0.77251661875 0.328299246875 0.7762183703125001 0.32546408125 0.7778746953125 0.3256962921875 0.77972574375 0.32427722187499997 0.7799190703125001 0.32262725625 0.7817699453125 0.32120967500000003 0.7821567734375 0.31790825625 0.7840066 0.31648901406249996 0.7898083265625 0.2669736984375 0.7301512734375 0.2586099890625 0.7216419234375 0.33123374375000003 0.7547843234375 0.3358801921875 0.754977825 0.33422873750000004 0.7568286984375 0.3328111546875 0.758486246875 0.3330435375 0.76218695 0.3302067125
3 0.1876987625 0.9780668218749999 0.1902482734375 0.9563078140625001 0.18878405 0.9544254671875001 0.189170878125 0.95112405 0.15602725625 0.94647743125 0.152897590625 0.9731878203125 0.1876987625 0.9780668218749999
1 0.2675314984375 0.8429972187500001 0.2634702375 0.8776583859375 0.270097984375 0.8785875734375 0.2715620296875 0.8804714078125 0.29973423125 0.8844210515625001 0.30158405781250003 0.8830018093750001 0.3048991546875 0.8834665734374999 0.30509248125 0.881816609375 0.30694353125 0.8803975375 0.309457478125 0.8589420421874999 0.30799343281249997 0.85705820625 0.308766915625 0.8504568593749999 0.307302865625 0.8485730234375 0.2675314984375 0.8429972187500001
1 0.3595554546875 0.9632673468749999 0.362869328125 0.963731940625 0.364720203125 0.96231435625 0.3663777515625 0.9625467406249999 0.368227403125 0.9611289875000001 0.373198825 0.9618259609375001 0.37504987500000003 0.960406890625 0.3883078125 0.9622656078125 0.39015746406249996 0.960847853125 0.3934725609375 0.9613126187500001 0.3971732625 0.9584757937499999 0.3973665875 0.9568258281249999 0.4010672890625 0.9539890046874999 0.4014541171875 0.950687584375 0.40330499375000006 0.9492700046874999 0.40678609843749997 0.9195602171875 0.3686710546875 0.9142166234375001 0.366821403125 0.9156343781249999 0.3651638546875 0.9154019953124999 0.361463153125 0.9182388187500001 0.35980560625 0.9180064375000001 0.35425402968749997 0.9222608453125 0.354060528125 0.9239122984374999 0.35220965312499997 0.92532988125 0.3520163265625 0.926979846875 0.35016527656249996 0.9283989171875 0.3497784484375 0.9317003343750001 0.347928796875 0.9331180874999999 0.34754196875 0.93641950625 0.3456910921875 0.9378370874999999 0.345497765625 0.9394870531249999 0.3251421625 0.9550885875 0.324948834375 0.9567385515625 0.3230979578125 0.958156134375 0.3219374734375 0.9680603874999999 0.34182315937499996 0.970848290625 0.34552385937499996 0.9680114671875 0.3471814078125 0.9682438484375 0.350883334375 0.9654071953125 0.3525396578125 0.9656394046875001 0.3543905328125 0.9642218250000001 0.35770440625 0.9646864171875 0.3595554546875 0.9632673468749999
5 0.452330015625 0.11397032031250001 0.43879259687500005 0.229506553125 0.524965525 0.24158769218749998 0.538696446875 0.12440000625 0.4558386125 0.11278363124999999 0.45398756249999994 0.11420270156250001 0.452330015625 0.11397032031250001
1 0.6852231421874999 0.7857990484374999 0.69262559375 0.7801270578125 0.6942831421875 0.7803594390625 0.6979838421875 0.7775226156249999 0.7012989390625 0.77798738125 0.7152231859375 0.6591497296875 0.7137589656250001 0.657267384375 0.71044509375 0.656802790625 0.7060526046875 0.6511542593749999 0.7043962796875001 0.6509220484375 0.7014680125 0.647155865625 0.7020481671875001 0.6422044828125 0.6887914515625 0.6403459390624999 0.669258803125 0.8070489406249999 0.679201646875 0.8084428921875 0.68016863125 0.800190090625 0.682019678125 0.7987710203125 0.6829864890625 0.7905197078125 0.6848363140625 0.7891004671874999 0.6852231421874999 0.7857990484374999
3 0.7173798125 0.5688601234374999 0.725502334375 0.4995377890625 0.6940162609375 0.495123553125 0.6858937375 0.5644458875 0.7173798125 0.5688601234374999
2 0.410782315625 1 0.663048640625 0.8717760328124999 0.6763138171875 0.8424912812500001 0.714226425 0.6117329812500001 0.6852741671875 0.6201605015625 0.6511860656249999 0.8428337328125 0.3237368171875 0.9971388749999999 0.34414478125 1 0.410782315625 1
1 0.7557682031249999 0.5484826265625 0.8474954859375 0.559320609375 0.8561895828124999 0.48868563906249995 0.767307690625 0.4777475328125 0.7624109109375 0.479607625 0.7557682031249999 0.5484826265625
1 0.9765852890625 0.45952922812499997 0.8273284953125 0.4415255921875 0.8178993109375 0.4865672703125 0.9658093859375001 0.503563984375 0.9765852890625 0.45952922812499997
0 0.11868485468750001 0.7419265421875 0.324404315625 0.770767684375 0.332982871875 0.6975532765625 0.1272634109375 0.668712134375 0.11868485468750001 0.7419265421875
0 0.091857546875 0.9388390515625 0.1339262421875 0.944736934375 0.13883001875 0.9028852515624999 0.0967613234375 0.89698736875 0.091857546875 0.9388390515625
1 0.7542645015625 0.814490221875 0.7756848859375001 0.5453605234375 0.7445202484375 0.56829778125 0.7128327859375 0.829610978125 0.7542645015625 0.814490221875