1 0.6768018703124999 0.13763535625 0 0.7223515984375 0.0000204078125 0.767844096875 0.68151530625 0.17103326875 0.6768018703124999 0.13763535625
3 0.21944940468750002 0.39273320312500004 0.18670705781250002 0.39273320312500004 0.18670705781250002 0.4370384859375 0.21944940468750002 0.4370384859375 0.21944940468750002 0.39273320312500004
1 0.6545225343750001 0.0938656234375 0.681554421875 0.06906523125 0.6756045921875 0.061725375000000006 0.6627551015625001 0.071530984375 0.625990646875 0.052296803125 0.6192062078125 0.055928896875 0.6184685375 0.08043835625 0.6495654765625 0.08157599531250001 0.6545225343750001 0.0938656234375
1 0.6480659015625 0.06790802343749999 0.4320416671875 0.25723874687500003 0.4338792515625 0.29305479375 0.6525569734375 0.10375277187500001 0.6480659015625 0.06790802343749999
1 0.378132228125 0.3411474234375 0.43460884375 0.2929184609375 0.4337806125 0.254289628125 0.377303996875 0.3073483359375 0.378132228125 0.3411474234375
1 0.37710204062499997 0.3091089375 0.3227699828125 0.3557540765625 0.32265263593750004 0.3880293546875 0.37720280625 0.3444063921875 0.37710204062499997 0.3091089375
1 0.09535926875 0.54871298125 0.09535926875 0.5896053484375 0.3224238953125 0.3954924984375 0.32225085 0.358469015625 0.3225348640625 0.3561141546875 0.09535926875 0.54871298125
1 0.0369744890625 0.6374892375 0.0964264453125 0.5905153296875 0.0951696421875 0.5515890406249999 0.0373001703125 0.5946940640625 0.0369744890625 0.6374892375
1 0.0378171765625 0.59613894375 0 0.6263091968750001 0.0005667515625 0.6652641874999999 0.036486395312499996 0.6414468359375001 0.0378171765625 0.59613894375
1 0.323147109375 0.110886496875 0.3190182828125 0.2073979125 0.3445442171875 0.23312720156250002 0.3476985546875 0.1311069796875 0.323147109375 0.110886496875
2 0 0.6038499671875 0.6408562921875001 0.045250489062499996 0.63989158125 0.014851924999999998 0.38741794218750003 0.2395375078125 0.389165815625 0.1797142859375 0.3709961734375 0.1655740375 0.3712857140625 0.2547990875 0.04404549375 0.5412889765625 0.046215985937499995 0.46451924375000003 0.03213903125 0.467712328125 0.030398809375000002 0.5461617750000001 0 0.5754898890625 0 0.6038499671875
0 0.6125 0 0.6125 0.0062498375 0.6109375 0.0078127859375 0.6109375 0.00937508125 0.609375 0.010937378125 0.6078125 0.010937378125 0.60625 0.0125003265625 0.6046875 0.0125003265625 0.5984375 0.0187501625 0.596875 0.0187501625 0.590625 0.025 0.5890625 0.025 0.5890625 0.060937378125 0.590625 0.059375081249999996 0.5921875 0.059375081249999996 0.5953125 0.0562498375 0.5984375 0.0562498375 0.6 0.054687540624999996 0.603125 0.054687540624999996 0.609375 0.048437703124999995 0.6109375 0.048437703124999995 0.6125 0.0468747546875 0.6125 0.045312459375 0.6140625 0.0437501625 0.615625 0.0437501625 0.6234375 0.035937378125 0.6234375 0.0078127859375 0.625 0.0062498375 0.625 0 0.6125 0
0 0.2640625 0.35 0.265625 0.35 0.26875 0.3468747546875 0.2703125 0.3468747546875 0.2734375 0.3437501625 0.275 0.3437501625 0.2765625 0.3421872140625 0.278125 0.3421872140625 0.284375 0.335937378125 0.2859375 0.335937378125 0.2875 0.33437508125000004 0.2890625 0.33437508125000004 0.290625 0.33281278593749997 0.290625 0.33124983750000003 0.2921875 0.329687540625 0.2921875 0.295312459375 0.2890625 0.29218721406250003 0.2875 0.29375016249999997 0.284375 0.29375016249999997 0.278125 0.3 0.2765625 0.3 0.2578125 0.3187501625 0.2578125 0.3531252453125 0.2609375 0.3531252453125 0.2640625 0.35
4 0.41875 0.1375003265625 0.41875 0.185937378125 0.446875 0.185937378125 0.446875 0.1375003265625 0.41875 0.1375003265625
0 0.23125 0.189062621875 0.23125 0.15937508125 0.1921875 0.15937508125 0.1921875 0.19062491875 0.2296875 0.19062491875 0.23125 0.189062621875
4 0.109375 0.4781252453125 0.109375 0.4328127859375 0.0796875 0.4328127859375 0.0796875 0.47968754062499996 0.1078125 0.47968754062499996 0.109375 0.4781252453125
4 0.2625 0.24218721406250002 0.2625 0.285937378125 0.2921875 0.285937378125 0.2921875 0.24218721406250002 0.2625 0.24218721406250002
3 0.0546875 0.46406262187499997 0.05625 0.46250032656249995 0.0578125 0.46250032656249995 0.0578125 0.3937501625 0.01875 0.3937501625 0.01875 0.46406262187499997 0.0546875 0.46406262187499997
4 0.0046875 0.6625003265625 0.0046875 0.7078127859375 0.034375 0.7078127859375 0.034375 0.6625003265625 0.0046875 0.6625003265625
0 0.4296875 0.06562491875000001 0.4296875 0.0968747546875 0.4671875 0.0968747546875 0.4671875 0.06562491875000001 0.4296875 0.06562491875000001
4 0.1234375 0.564062621875 0.1234375 0.6062498374999999 0.1515625 0.6062498374999999 0.1515625 0.564062621875 0.1234375 0.564062621875
4 0.4625 0.2671872140625 0.4625 0.310937378125 0.490625 0.310937378125 0.490625 0.2671872140625 0.4625 0.2671872140625
0 0.1296875 0.385937378125 0.1296875 0.3562498375 0.0921875 0.3562498375 0.0921875 0.3875003265625 0.128125 0.3875003265625 0.1296875 0.385937378125
3 0.3953125 0.175 0.396875 0.173437703125 0.3984375 0.173437703125 0.3984375 0.1718747546875 0.4 0.170312459375 0.4 0.1687501625 0.403125 0.16562491875000002 0.403125 0.1531252453125 0.4015625 0.151562296875 0.4015625 0.14218721406249998 0.403125 0.14062491875 0.403125 0.098437703125 0.359375 0.098437703125 0.359375 0.176562296875 0.375 0.176562296875 0.3765625 0.175 0.3796875 0.175 0.38125 0.176562296875 0.384375 0.176562296875 0.3859375 0.175 0.3953125 0.175
3 0.6421875 0 0.6421875 0.029687540624999998 0.6796875 0.029687540624999998 0.6796875 0 0.6421875 0
3 0.425 0.3718747546875 0.428125 0.3687501625 0.428125 0.3671872140625 0.4296875 0.36562491874999997 0.4296875 0.364062621875 0.434375 0.35937508125 0.4359375 0.35937508125 0.440625 0.35468754062499996 0.440625 0.3531252453125 0.4421875 0.35156229687499996 0.4421875 0.0921872140625 0.278125 0.0921872140625 0.278125 0.3828127859375 0.4140625 0.3828127859375 0.415625 0.3812498375 0.415625 0.3781252453125 0.4171875 0.376562296875 0.4171875 0.375 0.4203125 0.3718747546875 0.425 0.3718747546875
1 0.2796875 0.1812498375 0.28125 0.1812498375 0.2828125 0.1828127859375 0.284375 0.1828127859375 0.2859375 0.1812498375 0.2890625 0.1812498375 0.2921875 0.1781252453125 0.2921875 0.03437508125 0.290625 0.0328127859375 0.290625 0.0312498375 0.2890625 0.029687540624999998 0.2640625 0.029687540624999998 0.2640625 0.164062621875 0.2671875 0.16718721406249998 0.2671875 0.1687501625 0.275 0.176562296875 0.275 0.1781252453125 0.2765625 0.179687540625 0.278125 0.179687540625 0.2796875 0.1812498375
1 0.340625 0.12343770312499999 0.3421875 0.1218747546875 0.3421875 0.089062621875 0.2984375 0.089062621875 0.2984375 0.11875016249999999 0.303125 0.11875016249999999 0.3046875 0.12031245937499999 0.30625 0.12031245937499999 0.3078125 0.1218747546875 0.3234375 0.1218747546875 0.325 0.12343770312499999 0.340625 0.12343770312499999
3 0 0.6812498375 0.0609375 0.6812498375 0.0609375 0.3828127859375 0 0.3828127859375 0 0.6812498375
0 0.0109375 0.5671872140625001 0.0140625 0.564062621875 0.0140625 0.5625003265624999 0.015625 0.560937378125 0.015625 0.5531252453125 0.0140625 0.551562296875 0.0140625 0.55 0.0125 0.5484377031250001 0.0125 0.5468747546875 0.0109375 0.5453124593750001 0.0109375 0.5421872140625 0.009375 0.5406249187500001 0.0015625 0.5406249187500001 0.0015625 0.575 0.003125 0.575 0.0046875 0.573437703125 0.0078125 0.573437703125 0.009375 0.5718747546875 0.009375 0.570312459375 0.0109375 0.5687501625 0.0109375 0.5671872140625001
0 0.7515625 0.001562296875 0.7515625 0.00937508125 0.7921875 0.00937508125 0.7921875 0.001562296875 0.7515625 0.001562296875