5 0.5174603921875 0.97288105 0.6322815640624999 0.9588344484375 0.62362756875 0.8355300765625 0.493682528125 0.85142685 0.502262571875 0.973677534375 0.5174603921875 0.97288105
5 0.43392597187500004 0 0.4397784484375 0.083387584375 0.4415376109375 0.0848241546875 0.443183003125 0.08462286718749999 0.4449433390625 0.08605929375 0.44823295312500006 0.0856568609375 0.4499921140625 0.08709343124999999 0.45163750937499997 0.0868921421875 0.456917303125 0.09120100625000001 0.45703224374999996 0.0928387203125 0.5754630484375001 0.0783505375 0.56996409375 0 0.43392597187500004 0
0 0.5465467703125 0.47003068593749997 0.5202286828125 0.4732503 0.5211481359375 0.48635090156249994 0.5474662234375 0.483131290625 0.5465467703125 0.47003068593749997
5 0.3899811359375 0.5321274515625001 0.38342990625 0.43878382968749996 0.38167074375 0.43734725937499996 0.3356137984375 0.4429816171875 0.3422799703125 0.5379629546875 0.3899811359375 0.5321274515625001
0 0.4309113359375 0.8789261296875001 0.4242451640625 0.7839447921875 0.4224848296875 0.7825083671875 0.3665590421875 0.7893500265625 0.37334015468750004 0.885969078125 0.4309113359375 0.8789261296875001
0 0.48127683593750004 0.7455863468749999 0.4483795203125 0.7496108265625 0.4521723140625 0.80365151875 0.48506962812500004 0.7996270390625 0.48127683593750004 0.7455863468749999
5 0.9135409843750001 0.38053945 0.8280074953125001 0.3910031546875 0.8370872796875 0.520374275 0.9226207687500001 0.5099105703125 0.9135409843750001 0.38053945
5 0.38012597187499997 0.29714425 0.3324236328125 0.30297989687500004 0.338630078125 0.39141093125 0.3863324171875 0.3855752859375 0.38012597187499997 0.29714425
5 0.4552874015625 0.23344416406250001 0.44541738437499995 0.2346516078125 0.44388810625 0.23649046718750003 0.44059849218749997 0.2368929015625 0.45105749531250006 0.38591548750000004 0.5102728984375 0.3786713953125 0.5118021765625 0.3768325359375 0.501343171875 0.22780995 0.4995840109375 0.2263733796875 0.45681667968750006 0.2316053046875 0.4552874015625 0.23344416406250001
0 0.43419913593750004 0.5002913265625 0.44040558125 0.5887223609375 0.4421659171875 0.5901587859374999 0.4438101375 0.5899576421875 0.445570471875 0.59139406875 0.48011318125 0.5871683 0.4737917953125 0.49709955 0.47050100781250004 0.497502128125 0.46874184531249996 0.496065559375 0.43419913593750004 0.5002913265625
5 0.087510115625 0.524534971875 0.0833724984375 0.465581134375 0.0816121625 0.4641447078125 0.060229084375 0.4667605984375 0.06448164375 0.5273521515625 0.087510115625 0.524534971875
5 0.59091483125 0.41670423593750006 0.5662421359375001 0.4197225609375 0.5703797921875 0.47867695625 0.5950524875000001 0.47565863124999996 0.59091483125 0.41670423593750006
2 0.574156075 0.78252875 0.705195865625 0.642804040625 0.6860768109375 0.633811428125 0.5075661234375 0.6533793234374999 0.847398790625 0.2912307453125 0.8170680046875001 0.2892723828125 0.5643059296875 0.3937709125 0.10839273281249999 0.44970480625000003 0.30122919375 0.24997618593749998 0.4856148359375 0.2217443828125 0.495161190625 0.2104946703125 0.412482215625 0.15402900625 0.4693503078125 0.100184821875 0.442487715625 0.0910587890625 0.38348658593749996 0.1562696234375 0.465227271875 0.2164509765625 0.2837367734375 0.240295746875 0.0748161609375 0.4575433828125 0.0956511984375 0.465502153125 0.5808258234375 0.406139503125 0.8025843515625001 0.3115160140625 0.47618266875000004 0.6612818734375 0.4880848828125 0.667694990625 0.679943503125 0.64631621875 0.5508218453125 0.784801015625 0.574156075 0.78252875
1 0.5635520390625001 0.7600889546875 0.561697221875 0.7336610453125 0.5356079874999999 0.7368526609375 0.5374628046875001 0.7632805703125001 0.5635520390625001 0.7600889546875
0 0.7514031 0.708071246875 0.7505131171875 0.6953905406249999 0.7151876125000001 0.699712071875 0.7160775953125 0.712392778125 0.7514031 0.708071246875
0 0.72984416875 0.629082846875 0.72902080625 0.6173513796875 0.6911603171875 0.6219830265625 0.6919836796875 0.6337144953125 0.72984416875 0.629082846875
4 0.8263264921875001 0.6547248703124999 0.8243917296875001 0.6271578734375 0.7724479843750001 0.633512390625 0.774382746875 0.6610793875 0.8263264921875001 0.6547248703124999
4 0.5149483109374999 0.7159606468749999 0.5131111296875 0.6897840078125 0.46198890625000005 0.6960380234375 0.46382608750000004 0.7222146625 0.5149483109374999 0.7159606468749999
0 0.4604129484375 0.6658252906250001 0.4594771140625 0.652491284375 0.4264988203125 0.6565256703125 0.42743465468749997 0.669859675 0.4604129484375 0.6658252906250001
3 0.576377859375 0.8119590765625 0.574207178125 0.7810306609375 0.512698553125 0.7885552953125 0.5148692328125 0.8194837093749999 0.576377859375 0.8119590765625
3 0.6174315734375 0.7577045015625 0.615809540625 0.734593340625 0.5633142 0.7410153375 0.564936234375 0.764126496875 0.6174315734375 0.7577045015625
3 0.7005002921875 0.665927784375 0.6981665859375 0.632676525 0.63093076875 0.6409017921875 0.633264475 0.6741530499999999 0.7005002921875 0.665927784375
3 0.5490077765625 0.661303025 0.54684023125 0.6304192796875 0.4730556984375 0.63944568125 0.47522324375 0.670329425 0.5490077765625 0.661303025
5 0.45465134531249995 0.8697695953125001 0.4460372046875 0.7470330921875 0.422048721875 0.7499677140625 0.4306628625 0.8727042171875 0.45465134531249995 0.8697695953125001
1 0.6164382640625 0.791651671875 0.7750931828125001 0.6284818203125 0.74969726875 0.6302522171875 0.5972112828125 0.79552435625 0.6164382640625 0.791651671875
1 0.659954834375 0.6990734093750001 0.574575053125 0.7885659203125 0.602201028125 0.78505846875 0.686744321875 0.696785615625 0.659954834375 0.6990734093750001
1 0.6360154671875 0.677848240625 0.6643262171875 0.674383165625 0.6687205765625001 0.6676952093749999 0.6223973171875 0.671896215625 0.6112021640624999 0.681409765625 0.591657553125 0.68522613125 0.5906968671875 0.7063481921875 0.6156311921875 0.7032629453125 0.6167544140625 0.6865311796875 0.6360154671875 0.677848240625
1 0.611741515625 0.681370253125 0.6215712140625 0.6713411828125 0.4632661359375 0.6875384140625 0.45168065312500005 0.6987931671875 0.611741515625 0.681370253125
5 0.48261822031249996 0.660588634375 0.47857587187500006 0.6029922078125 0.4547751671875 0.6059038578125 0.458817515625 0.6635002812499999 0.48261822031249996 0.660588634375
5 0.52012551875 0.5781504421875 0.5114286890625 0.454235765625 0.4858558421875 0.4573642109375 0.494552671875 0.5812788859375 0.52012551875 0.5781504421875
0 0.5828731953124999 0.5250348921875 0.5819393203125001 0.5117288046875 0.54751749375 0.515939784375 0.54845136875 0.5292458703125 0.5828731953124999 0.5250348921875
1 0.5713202625 0.47553205 0.5701504703125 0.45886454218750006 0.5472417046875 0.46166707812499996 0.5484114984375 0.4783345859375 0.5713202625 0.47553205
1 0.5976259703125 0.5882880312500001 0.573940909375 0.5902670046875 0.511290065625 0.6578497999999999 0.5320539203125 0.6557038828125 0.5976259703125 0.5882880312500001
1 0.6856826453125 0.471431396875 0.5736230140624999 0.5896334703125 0.59929091875 0.5880449296875 0.7048990453124999 0.4706123875 0.6856826453125 0.471431396875
1 0.7780561406250001 0.37442439375 0.6843295078125 0.4718334640625 0.70783098125 0.46926253281249997 0.8019135765625001 0.37284389375 0.7780561406250001 0.37442439375
0 0.7985915734375 0.3275349984375 0.7750562859375 0.323265865625 0.761463821875 0.336046225 0.7845175921875 0.3392056875 0.7985915734375 0.3275349984375
0 0.8153872546875001 0.2908250984375 0.8145427312500001 0.2787921109375 0.780566871875 0.2829485328125 0.7814113953125 0.2949815234375 0.8153872546875001 0.2908250984375
0 0.7356824703125 0.3296600828125 0.7211936609375 0.3199715015625 0.6968608296875 0.3301934265625 0.710186346875 0.3386209 0.7356824703125 0.3296600828125
1 0.9202236921875 0.2767784625 0.8876221890625 0.280970059375 0.5440454140625001 0.655125025 0.5620302484375 0.6523419765625 0.9202236921875 0.2767784625
1 0.799124603125 0.2613942265625 0.5314757734375 0.37498894374999997 0.5423297109375 0.38174599531250003 0.8149759984375 0.26924688125 0.799124603125 0.2613942265625
4 0.586378596875 0.355393303125 0.584404253125 0.3272623484375 0.5396547046875 0.3327367671875 0.541629046875 0.360867721875 0.586378596875 0.355393303125
4 0.75058439375 0.2785659171875 0.7488138328125 0.253338515625 0.70084860625 0.259206321875 0.702619165625 0.2844337234375 0.75058439375 0.2785659171875
1 0.5639893984375 0.3927688984375 0.5512056546874999 0.382666734375 0.3228436 0.41247979375000005 0.3369236515625 0.4194137953125 0.5639893984375 0.3927688984375
1 0.5440375765625001 0.381507215625 0.5338598906249999 0.37355799218749997 0.1212042046875 0.42392460625000006 0.111326240625 0.43562712656249997 0.5440375765625001 0.381507215625
0 0.23159439375000002 0.458280475 0.2305594109375 0.4435337796875 0.20378948593750001 0.446808665625 0.20482446875 0.46155536250000007 0.23159439375000002 0.458280475
1 0.12149613906250001 0.3786179421875 0.055130303125 0.44357805156249996 0.0680552578125 0.45420808749999997 0.13464487187500002 0.3860950109375 0.12149613906250001 0.3786179421875
1 0.2449103375 0.21600234375 0.03787830625 0.43508014062499994 0.05402228906249999 0.442328765625 0.2670185796875 0.22763153281249998 0.2449103375 0.21600234375
0 0.065425634375 0.5280521359375 0.0645713140625 0.515879553125 0.03371724375 0.5196540734374999 0.0345715640625 0.53182665625 0.065425634375 0.5280521359375
1 0.2680276046875 0.2294423765625 0.2686387109375 0.2299500453125 0.270896225 0.22921554687499998 0.46308844843749997 0.2019311171875 0.44879373593749994 0.1923939375 0.2455332671875 0.21512981406249998 0.267935290625 0.2295199234375 0.2680276046875 0.2294423765625
0 0.329371121875 0.2687797796875 0.328529734375 0.2567914578125 0.29664289374999997 0.260692321875 0.2974842828125 0.27268064375 0.329371121875 0.2687797796875
0 0.3814417671875 0.24922312343750003 0.380460475 0.2352414 0.35446512812500003 0.23842153124999999 0.3554464203125 0.252403253125 0.3814417671875 0.24922312343750003
5 0.5470704296875 0.273538696875 0.5433227828125 0.22014125468749998 0.5194047187499999 0.2230672609375 0.523152365625 0.2764647046875 0.5470704296875 0.273538696875
0 0.525483859375 0.278820746875 0.5245633093750001 0.265704509375 0.49095126718750004 0.269816425 0.49187181718749995 0.28293266250000004 0.525483859375 0.278820746875
1 0.561011234375 0.1862855390625 0.5440008625 0.1954984765625 0.5297988078125 0.18932221875 0.5117624578125 0.19472749218750002 0.5408555500000001 0.21465369843749998 0.5691430421875 0.21070545468750002 0.5502935171875001 0.200982665625 0.5912303203125 0.18302628125 0.5823470578125 0.1603461296875 0.5563115859375001 0.16521448125 0.561011234375 0.1862855390625
1 0.4363598296875 0.1498182890625 0.5097760078125 0.1933074640625 0.5290429125 0.18737263906249998 0.4704297796875 0.145079865625 0.4363598296875 0.1498182890625
3 0.437384809375 0.175553646875 0.43372141875 0.1233567109375 0.3873053515625 0.1290350015625 0.3909687421875 0.18123193906249999 0.437384809375 0.175553646875
0 0.371627371875 0.16942589375 0.3706292265625 0.15520407187500002 0.339000578125 0.15907335 0.33999872343750004 0.17329517187500001 0.371627371875 0.16942589375
0 0.331191390625 0.1470588875 0.330377434375 0.1354614296875 0.29803288906250003 0.1394182859375 0.2988468453125 0.15101574375 0.331191390625 0.1470588875
0 0.379187465625 0.0527499671875 0.378399765625 0.041526621875 0.3468532703125 0.04538585 0.34764096875 0.056609195312500006 0.379187465625 0.0527499671875
1 0.35627633593749997 0.14178532187499998 0.35510223281250003 0.12505639375 0.32835578125 0.128328409375 0.32952988437499997 0.1450573375 0.35627633593749997 0.14178532187499998
4 0.20787674687500002 0.255858771875 0.20564532343750003 0.224064875 0.1441484328125 0.231588071875 0.14637985625 0.26338196875 0.20787674687500002 0.255858771875
4 0.2893356234375 0.20869054999999997 0.2871622 0.1777230484375 0.23288298125 0.184363275 0.23505640468750003 0.21533077500000003 0.2893356234375 0.20869054999999997
4 0.3436889828125 0.1892770140625 0.34180438125 0.162424740625 0.2871496078125 0.169110909375 0.2890342078125 0.195963184375 0.3436889828125 0.1892770140625
4 0.27709601250000004 0.12950256875 0.2748685078125 0.0977645078125 0.2078322046875 0.1059653671875 0.210059709375 0.1377034265625 0.27709601250000004 0.12950256875
4 0.3207927875 0.093343115625 0.3187584859375 0.0643578453125 0.261744765625 0.071332596875 0.2637790671875 0.100317865625 0.3207927875 0.093343115625
1 0.4060512 0.069616628125 0.40439546406250004 0.046025265625 0.377813315625 0.0492771828125 0.3794690515625 0.0728685453125 0.4060512 0.069616628125
1 0.41144348124999996 0.065729440625 0.3490006125 0.1308279953125 0.3632822953125 0.138425525 0.43042745312499997 0.07504043906249999 0.41144348124999996 0.065729440625
5 0.6328030578125 0.24240201875 0.621992371875 0.088368571875 0.594612175 0.0917181171875 0.6054228609375001 0.2457515640625 0.6328030578125 0.24240201875
3 0.8486630999999999 0.3159067875 0.8467851625 0.2891494375 0.7842085562500001 0.2968047203125 0.7860864953125 0.32356207187499997 0.8486630999999999 0.3159067875
3 0.6290457125 0.40398449531249997 0.626942828125 0.37402206875 0.5046532109374999 0.38898231875 0.5067560953125 0.418944746875 0.6290457125 0.40398449531249997
3 0.14662121875 0.460014084375 0.144264 0.4264278015625 0.0701039140625 0.43550014531250003 0.072461134375 0.46908642812499995 0.14662121875 0.460014084375
3 0.35349055625000003 0.263410325 0.35093308125 0.2269707453125 0.2482896078125 0.23952759375000002 0.25084708437500003 0.275967171875 0.35349055625000003 0.263410325
0 0.22136024375000002 0.31458668749999996 0.19375020468749998 0.3098885 0.18180247656249998 0.32350388125 0.203004490625 0.327179346875 0.22136024375000002 0.31458668749999996
3 0.492252340625 0.2243502640625 0.49005579531250004 0.1930533203125 0.42622343125000006 0.20086222656250002 0.42841997656249997 0.23215917031250002 0.492252340625 0.2243502640625