4 0.5049189828125 0.3764182046875 0.502784025 0.413081471875 0.5660316546875 0.41639681250000005 0.5681666109375 0.3797335484375 0.5049189828125 0.3764182046875
3 0.4766595015625 0.4500120671875 0.47361207812500006 0.5023449234374999 0.5793446875 0.5078872609375 0.5823921078125001 0.4555544046875 0.4766595015625 0.4500120671875
3 0.6345881890625 0.3287666125 0.6325826109375 0.3632080703125 0.6850663421875 0.36595918437499997 0.6870719203125 0.3315177265625 0.6345881890625 0.3287666125
3 0.6204030109375 0.6958990109375 0.61829729375 0.7320601359375 0.678043415625 0.735191934375 0.68014913125 0.6990308093750001 0.6204030109375 0.6958990109375
1 0.8690415484375 0.6056561046875 0.870639178125 0.6074392359375 0.8665950562500001 0.6768882671875 0.8648001531249999 0.6784928765625 0.8622355984375 0.7225335078125 0.8638332703125 0.7243159515625 0.8637346125 0.7260101640625 0.8653322421875 0.7277932953125 0.8650363531249999 0.7328745624999999 0.866632728125 0.7346569374999999 0.866336796875 0.7397388921875 0.8679344671875 0.7415213359374999 0.8670467171875 0.7567665140625001 0.8652518140625001 0.7583711234375 0.8646599531250001 0.7685350343749999 0.862866346875 0.7701397109375 0.8611895437499999 0.798935165625 0.862785878125 0.8007182265624999 0.8625886046875 0.8041059687500001 0.864186275 0.8058884109375001 0.8623913296874999 0.8074937078125 0.862095440625 0.8125749765625001 0.8636930703125 0.8143581078125001 0.863298525 0.8211335890625 0.8648961921874999 0.8229160328124999 0.8645016468750001 0.8296915140625 0.8660992765625 0.8314746453125 0.8648169812500001 0.8534953046875 0.86641465 0.8552777468749999 0.8661187609375001 0.8603590156250001 0.8643238171875 0.8619643124999999 0.8640279281250001 0.8670455796875001 0.8622329843750001 0.868650878125 0.8615425468750001 0.8805076250000001 0.8631401765625 0.8822907578124999 0.8630415609375 0.8839842843750001 0.864639190625 0.885767415625 0.8643433015624999 0.8908486812499999 0.865939634375 0.8926317453125 0.8641460265625 0.8942364234375001 0.864047371875 0.8959306375 0.8622524671875 0.897535246875 0.8621538109375001 0.8992294609375 0.8603589062499999 0.9008340703125001 0.8619565375 0.9026172015625 0.8617592640625 0.9060049421875 0.8633568953124999 0.9077880734375 0.8650518843749999 0.907876921875 0.8698448531249999 0.9132249390625 0.871541140625 0.91331385625 0.873137475 0.91509691875 0.89518660625 0.9162527015625 0.8935889765624999 0.9144695687500001 0.8953839203125 0.912864271875 0.9509949671875001 0.1952804609375 0.8847478734375 0.190263746875 0.8690415484375 0.6056561046875
1 0.3580533984375 0.384546175 0.3598553703125 0.384272190625 0.3705078921875 0.336397740625 0.32099903125 0.332151475 0.31513941875 0.3794105671875 0.3580533984375 0.384546175
1 0.5339161812500001 0.24739942343750002 0.1929460046875 0.53585110625 0.2322701265625 0.536825028125 0.455055659375 0.3508272078125 0.4951973484375 0.352705753125 0.5355140796875 0.310810315625 0.5026906734375001 0.30908976250000003 0.5778086453125 0.2503411765625 0.5339161812500001 0.24739942343750002
1 0.713083871875 0.328598615625 0.71503545 0.281725971875 0.6746592734375 0.2812606046875 0.6748578625 0.325252884375 0.6744922765625 0.325477278125 0.713083871875 0.328598615625
1 0.491715515625 0.5515121374999999 0.4574557078125 0.5477416093749999 0.4471926828125 0.5743848390624999 0.49223645468750005 0.5762974859375001 0.491715515625 0.5515121374999999
1 0.297796271875 0.56865328125 0.2748910359375 0.5929440984375 0.468392625 0.607369078125 0.6025379828124999 0.5895833875000001 0.297796271875 0.56865328125
1 0.5117727249999999 0.6049691671875 0.50733083125 0.650779128125 0.5409090937500001 0.6510634125 0.5430485609375 0.606347790625 0.5117727249999999 0.6049691671875
1 0.576612696875 0.6286101953125 0.57516505625 0.6255916078125 0.5793231765625 0.6014758546875 0.5468245734375 0.599092021875 0.5421870656250001 0.6258555734375 0.576612696875 0.6286101953125
2 0.6606963593749999 0.9026322140625 0.7702830859375001 0.9097192515625 0.77166131875 0.8918144390625 0.6752180546875 0.890512446875 0.6638602125 0.8827014234374999 0.6778434515625 0.2637954375 0.6488636359375 0.262504740625 0.640648675 0.5295241875000001 0.5727711156249999 0.49701794687499995 0.559094590625 0.5115341109375 0.641592546875 0.5525419359375 0.6361493 0.8941332828125 0.6606963593749999 0.9026322140625
1 0.755287025 0.9063285609375 0.67798153125 0.9016946859375 0.6467908390625 0.9240519 0.7368352406249999 0.9289085 0.755287025 0.9063285609375
4 0.81762336875 0.845924021875 0.805750659375 0.8453016718749999 0.803957053125 0.84690635 0.80218159375 0.8773960171875 0.8666301125 0.8807743078125 0.8685041874999999 0.8485911140625 0.8566327734374999 0.8479688328125 0.8548378703124999 0.84957344375 0.819221040625 0.8477064640625 0.81762336875 0.845924021875
0 0.9728992109375 0.312069675 0.9756610765625 0.26464061562499996 0.93665296875 0.262595871875 0.933063121875 0.2658057796875 0.930498528125 0.309847096875 0.9728992109375 0.312069675
4 0.581185421875 0.6993057453125 0.5827830515625 0.701088878125 0.640447721875 0.7041115703124999 0.6425191109374999 0.668539946875 0.5814618671875 0.665339421875 0.5797850265625 0.6941355625 0.58138265625 0.69591869375 0.581185421875 0.6993057453125
0 0.914990534375 0.69301671875 0.914793221875 0.696405146875 0.9588901890624999 0.698716640625 0.9616520562499999 0.65128758125 0.9175550875 0.6489760875 0.9157601453125 0.6505813875 0.9133928656249999 0.6912342765624999 0.914990534375 0.69301671875
1 0.5273234046875 0.864687765625 0.5274220609375 0.8629935515625 0.522629090625 0.857645534375 0.5227277484374999 0.8559513187500001 0.511546771875 0.8434722906250001 0.5116454296875 0.841778075 0.508450128125 0.8382125031250001 0.5067538421875 0.8381235859375 0.5035597984375 0.8345587671875 0.5036584546875 0.8328645515625 0.502060825 0.831081421875 0.5021594406250001 0.8293878953125 0.4973665125 0.8240391890625001 0.4974651296875 0.8223456625000001 0.4910758265625 0.8152145828125 0.491174484375 0.8135203687500001 0.47040890312499994 0.7903446828125 0.470507559375 0.7886504703125 0.46881127187500005 0.788561553125 0.457629 0.7760824546875 0.4559327140625 0.7759935375 0.44794578124999995 0.7670793265625 0.44624949375 0.766990409375 0.43347088749999996 0.75272825 0.43177460156249997 0.7526393312499999 0.43017692968750004 0.7508568875 0.42848194062499995 0.750768040625 0.425286640625 0.747202465625 0.42538525624999995 0.7455089390625 0.42059232812499997 0.740160234375 0.41889733749999997 0.740071384375 0.41729970781250003 0.7382882562499999 0.4156034203125 0.7381993390625 0.407616446875 0.7292858156250001 0.40771510468749994 0.7275916 0.39972813125 0.7186780765624999 0.3998267875 0.7169838625 0.3966314875 0.7134182874999999 0.3969273765625 0.7083370203125 0.3953297484375 0.706553890625 0.3954283640625 0.7048603625000001 0.393733375 0.7047715140624999 0.380953471875 0.6905092859375 0.381052128125 0.688815071875 0.379454459375 0.687032628125 0.379553075 0.6853391015625 0.3763591109375 0.68177290625 0.37466282500000003 0.6816839906250001 0.368273521875 0.674552909375 0.3683721390625 0.6728593828125 0.36357916874999996 0.6675113671874999 0.3618828828125 0.66742245 0.3570912484375 0.6620738140625 0.3571899046875 0.6603795984375 0.3523982328125 0.65503165 0.3507019453125 0.6549427328124999 0.349104315625 0.6531596015625001 0.3474080296875 0.653070684375 0.3330317515625 0.6370260796875 0.3313354671875 0.6369371625 0.32175086406250003 0.626240509375 0.32005457656249997 0.62615159375 0.31686057343749996 0.6225860875 0.3151642875 0.6224971703125 0.3071773140625 0.613583646875 0.3054810265625 0.6134947296875 0.2942987921875 0.6010149421875 0.29260250781249997 0.6009260265624999 0.286213203125 0.593794946875 0.2845169171875 0.5937060296875 0.2669453828125 0.5740951625 0.26704399843750004 0.5724016359374999 0.26065469375 0.56527055625 0.2607533515625 0.56357634375 0.25915568125 0.5617939 0.25925429843750003 0.5601003734375001 0.256060334375 0.5565341796875 0.25645488125 0.5497586984375 0.25485721093749997 0.5479762546875 0.25495586718749996 0.5462820390625 0.2533581984375 0.5444995968749999 0.2534568140625 0.5428060703125 0.2076635609375 0.5404056578125 0.207170396875 0.54887466875 0.211963365625 0.554222684375 0.2118647078125 0.5559168999999999 0.2134610421875 0.5576999625 0.21336242656249998 0.5593934890625001 0.219753025 0.5665246359375 0.22144931250000002 0.5666135515625 0.2230456859375 0.568395928125 0.22643825781250002 0.5685737609375 0.2280358890625 0.57035689375 0.229732175 0.570445809375 0.2313285484375 0.572228184375 0.2330248359375 0.5723171015624999 0.237817765625 0.5776658078125 0.2395127546875 0.5777546546875 0.2666689328125 0.6080614875 0.2683652203125 0.6081504046874999 0.281145125 0.622412634375 0.28104646875 0.6241068484375 0.29062977343749996 0.634803434375 0.2905311578125 0.6364969609375 0.3176872953125 0.6668044828124999 0.3175886796875 0.668498009375 0.319186309375 0.6702811390625001 0.320882596875 0.67037005625 0.324077896875 0.6739356296875 0.3239792796875 0.6756291562500001 0.33196621406250004 0.68454336875 0.333661203125 0.68463221875 0.3464411046875 0.698894446875 0.3481373921875 0.6989833640625001 0.351331396875 0.70254886875 0.3512327796875 0.704242396875 0.35292906562500004 0.7043313125 0.35931836875 0.7114623921875001 0.36101465625 0.711551309375 0.37379455781250004 0.7258135375 0.3754908453125 0.7259024546874999 0.3770871796875 0.7276855171875 0.37878346406249996 0.727774434375 0.38836806875 0.7384710890624999 0.3882694515625 0.7401646171875 0.38986708281250004 0.741947746875 0.39156336875000003 0.7420366625 0.40114797187500006 0.7527333171875 0.40104935625 0.75442684375 0.4026456875 0.7562099078125 0.404341975 0.756298825 0.407537275 0.7598643984375 0.4074386171875 0.7615586140625 0.4250101953125 0.781168790625 0.42491157812499997 0.7828623171875 0.42650920625 0.7846454484375001 0.428204196875 0.7847342984375001 0.4329971671875 0.7900823140625 0.4328985109375 0.7917765296875 0.440885484375 0.8006900531250001 0.4425817703125 0.8007789703125001 0.44577577343749997 0.8043444765625001 0.445677115625 0.8060386906250001 0.45206771718749994 0.8131698374999999 0.45376270625000004 0.8132586875 0.4713342421875 0.8328695546875 0.4712356265625 0.8345630796875 0.47602859531249997 0.839911096875 0.4777248828125 0.8400000140625 0.48730814999999994 0.8506972875000001 0.48900443750000006 0.8507862046874999 0.500186709375 0.8632653031249999 0.5018829953124999 0.8633542203125 0.5066746296875 0.8687028578125 0.5083709140625 0.8687917734375 0.5147602578125 0.875922165625 0.5164565453125001 0.8760110828125001 0.5196518453125 0.8795766578125 0.521346834375 0.87966550625 0.5245421359375 0.8832310796874999 0.526238421875 0.8833199953124999 0.5278360531249999 0.885103128125 0.5380124765625001 0.8856365578125001 0.5398061203125 0.8840311921874999 0.540102009375 0.8789499281250001 0.5385056796875001 0.8771668640625 0.5386042953125 0.8754733390625 0.5369080078125 0.875384421875 0.5273234046875 0.864687765625
0 0.8121530390625 0.12184590312500002 0.7680560734374999 0.1195344078125 0.7655901765625 0.161880825 0.8096871437500001 0.1641923171875 0.8121530390625 0.12184590312500002
4 0.7310271015625001 0.8430834765625 0.6682735734375 0.8397940343749999 0.6663008421875001 0.8736714421875 0.72905436875 0.876960884375 0.7310271015625001 0.8430834765625
3 0.7748476234375 0.8793612953125001 0.7731513375 0.879272378125 0.7702908546875 0.9283949640625 0.8652686421875 0.9333735515624999 0.868129125 0.8842509671875 0.7799351875 0.8796279765625 0.77814024375 0.8812332749999999 0.77644395625 0.8811443578124999 0.7748476234375 0.8793612953125001
0 0.58747606875 0.7081310421875 0.5467716734375 0.70599738125 0.5442071203125 0.750038009375 0.584911515625 0.752171671875 0.58747606875 0.7081310421875
4 0.6659180765625 0.1498600046875 0.6014682609374999 0.146481646875 0.5995941453125 0.178665528125 0.6640439609375 0.1820438875 0.6659180765625 0.1498600046875
0 0.9227568171874999 0.9686684234375 0.9254199875 0.9229342656249999 0.8881068671874999 0.9209783703125 0.8845170187500001 0.9241882765625 0.8820511234374999 0.9665346937500001 0.9227568171874999 0.9686684234375
0 0.5877032890625 0.149158190625 0.546997596875 0.1470244625 0.5443343859375 0.1927593046875 0.5850400796875 0.194893034375 0.5877032890625 0.149158190625
4 0.8402501109375 0.5157967828125 0.8385538234375 0.5157078671875001 0.8369561531249999 0.5139254234374999 0.8030356078124999 0.5121473609375 0.8009642578125 0.5477182953125 0.8671090625 0.5511855015625 0.8690817953125001 0.51730809375 0.8673868046875001 0.5172192453125 0.8657891359375001 0.515436803125 0.8420437156249999 0.5141921046875 0.8402501109375 0.5157967828125
0 0.5192754453124999 0.9152371265625 0.518782240625 0.9237068234375 0.5169886359375 0.9253115015625 0.5161008859375 0.9405566796875 0.5176972578125 0.9423390546875 0.515903653125 0.9439437328125001 0.51511451875 0.9574953828125 0.560907775 0.95989579375 0.5636696406249999 0.9124667359374999 0.522963946875 0.9103330062499999 0.5211690046874999 0.9119383015625001 0.5210703875 0.9136318296875 0.5192754453124999 0.9152371265625
3 0.7319850046874999 0.183905865625 0.65396619375 0.17981624062499998 0.6515989140625 0.22046912968750002 0.729617725 0.2245587546875 0.7319850046874999 0.183905865625
1 0.778148090625 0.4428811640625 0.7765504203125 0.44109872031249997 0.7748541359375001 0.44100980468750006 0.771660171875 0.437443609375 0.769963884375 0.43735469218749995 0.7683662140624999 0.43557225 0.766669928125 0.4354833328125 0.7650722578125 0.43370089062500006 0.7633772671875 0.4336120421875 0.7617796375 0.4318289109375 0.758387065625 0.4316510765625 0.756789434375 0.42986794531249994 0.7533981578125 0.42969018124999997 0.7518004890625 0.4279077375 0.7501042015625 0.42781882187500003 0.7469101984375001 0.424253315625 0.7470088140625 0.4225597890625 0.7390205859375001 0.4136455109375 0.739119240625 0.41195129531249997 0.7359252390625 0.40838578906249995 0.7342289515625 0.408296871875 0.7310336109375 0.40473198593750004 0.729338621875 0.4046431375 0.7261433625 0.40107687500000005 0.7244470749999999 0.4009879578125 0.719655403125 0.3956400078125 0.7179591171874999 0.395551090625 0.714763815625 0.3919855171875 0.7130675281250001 0.3918966015625 0.7098735265625 0.38833109375 0.7099721421875 0.38663756875 0.7067768421875 0.3830719953125 0.707072771875 0.37799004062499997 0.7088677156250001 0.3763847421875 0.6800347343750001 0.3748733625 0.672856296875 0.3812939328125 0.6726590234375001 0.3846816734375 0.67086411875 0.38628628125 0.6700750265625001 0.3998372453125 0.6716726562499999 0.40162037812499995 0.671574040625 0.4033139046875 0.6731717109375001 0.405096346875 0.673073053125 0.4067905609375 0.674670725 0.40857300468749996 0.6763657125 0.40866185312500003 0.67796334375 0.4104449828125 0.6813559171875 0.41062281875 0.6829535484375 0.41240594843749995 0.6846485359375001 0.4124947984375 0.6878438765625 0.41605968437499996 0.6895401640625 0.4161486015625 0.6911377937500001 0.4179317328125 0.69283408125 0.41802065 0.6944304125 0.4198037109375 0.6961267 0.41989262656250004 0.699322040625 0.423457515625 0.701018328125 0.42354643125 0.702614659375 0.42532949374999995 0.704310946875 0.42541840937500003 0.7059086171875 0.427200853125 0.707604903125 0.42728976875 0.7107988656249999 0.4308559640625 0.712495153125 0.43094488125 0.714092821875 0.43272732343750003 0.715789109375 0.43281624062499996 0.71738678125 0.43459868437500004 0.719083065625 0.4346876 0.7222770296875 0.4382537953125 0.7239733171875 0.4383427109375 0.7255709859375 0.44012515468749996 0.7289622625 0.44030292031249996 0.7353528625 0.44743406874999997 0.7370478515625 0.44752291875 0.7386454828125 0.44930604843750005 0.7403417703125 0.449394965625 0.7451347390625 0.4547429828125 0.745036121875 0.456436509375 0.74982775625 0.4617851453125 0.7497291390624999 0.463478671875 0.75132676875 0.46526180312500004 0.7512281109375001 0.4669560171875 0.7732759484375 0.46811173124999994 0.776865834375 0.4649011359375 0.7785621218750001 0.4649900515625 0.780357025 0.4633854421875 0.7820520156249999 0.46347429218749997 0.78384695625 0.46186899531250003 0.7839455734375 0.46017546718749996 0.7857405171875 0.4585701703125 0.7874368031250001 0.45865908749999995 0.788127240625 0.4468023375 0.7865296109375 0.44501920625 0.7831370375 0.4448413734375 0.7815406640625 0.44305899687499994 0.778148090625 0.4428811640625
0 0.44201594375 0.40147507187500003 0.4793290640625 0.40343096718749993 0.481795 0.3610838625 0.48019732968750006 0.35930141875 0.446276784375 0.35752335625 0.4444818796875 0.3591279671875 0.44201594375 0.40147507187500003
5 0.554631525 0.0743662109375 0.4460847421875 0.0686763578125 0.43937745 0.18385954531249998 0.5479242328125 0.18954939843750002 0.554631525 0.0743662109375
1 0.7382081140625 0.6905462250000001 0.7398057437500001 0.692329353125 0.7369453015625 0.7414512515625 0.738541634375 0.743234315625 0.7382457046875001 0.7483162703125 0.7398433734375 0.7500987140625 0.7361937984375 0.8127722625 0.73779146875 0.81455470625 0.7375941953125 0.8179424453124999 0.7391918640624999 0.8197248890625 0.7386000046875 0.8298888 0.7877845359375 0.832466975 0.7995223171875 0.6308960546875 0.7435539359375001 0.6279622781249999 0.7429621156249999 0.6381255015625 0.7411672140625 0.6397301109375 0.7382081140625 0.6905462250000001
4 0.5984494328125 0.2567614 0.595056859375 0.256583565625 0.593460525 0.254800503125 0.5578423953125 0.25293345624999997 0.55744785 0.2597089375 0.5538592999999999 0.2629189140625 0.5523797312500001 0.2883273140625 0.5539773609374999 0.29011044531249996 0.5538787453125 0.29180397187499996 0.609847125 0.294737746875 0.613436971875 0.2915278390625 0.6151332593750001 0.29161675468750003 0.6169282 0.29001145625 0.618802278125 0.2578282640625 0.61371341875 0.2575615140625 0.6121157875 0.2557783828125 0.600244375 0.2551561015625 0.5984494328125 0.2567614
1 0.803591115625 0.298097340625 0.8003958156250001 0.294531765625 0.7987008265625 0.2944429171875 0.7971031953125001 0.2926597875 0.7972018125 0.2909662609375 0.7956041828125 0.2891831296875 0.7959987296875 0.2824076484375 0.7944010578125 0.2806252046875 0.7948942609375 0.27215550781250003 0.79329659375 0.27037306562499996 0.793789796875 0.2619033703125 0.7513891140625 0.25968079374999997 0.7452736421874999 0.36470075625 0.746871271875 0.3664838875 0.7467726156250001 0.368178103125 0.748370284375 0.3699605453125 0.7477784656249999 0.38012376875 0.7459835625 0.381728378125 0.7458849062499999 0.38342259218749997 0.7440899625 0.385027890625 0.7435967984375 0.393496896875 0.7451944687500001 0.39527934062500003 0.7449971546875 0.39866776875 0.7465948250000001 0.4004502125 0.745312528125 0.422470871875 0.7469101984375001 0.424253315625 0.7465156515625 0.431028796875 0.748111984375 0.432811859375 0.74742155 0.444668609375 0.7456279421875001 0.44627328593750004 0.745430628125 0.449661715625 0.7436357250000001 0.451266325 0.7430439062499999 0.461429546875 0.7837483015625 0.4635632078125 0.78384695625 0.46186899531250003 0.7856418609375 0.46026438281250004 0.7857405171875 0.4585701703125 0.787535421875 0.4569655609375 0.7909266984375 0.4571433265625 0.7927216406250001 0.45553802968749996 0.7978105 0.455804778125 0.8064905265625001 0.30674418281250004 0.8048928546875 0.3049617390625 0.8050901296875 0.3015739984375 0.8034924984374999 0.2997908671875 0.803591115625 0.298097340625
1 0.7401172046875 0.8622497578124999 0.7383235578125 0.8638551234375 0.736252209375 0.8994260578125 0.7888293125 0.9021820671875 0.7932679828125 0.82595755625 0.740690878125 0.8232015468749999 0.7387181453125 0.8570789546875 0.7403144796875 0.8588620171875 0.7401172046875 0.8622497578124999
1 0.6412160109375 0.8077936749999999 0.6396183796875 0.80601054375 0.6397170375 0.8043163296875001 0.63802075 0.8042274125000001 0.6300337781249999 0.7953138890625 0.6303296671874999 0.790232621875 0.6321246109375 0.7886273234375001 0.6325191578125 0.7818518421875 0.6309215265625 0.7800687125 0.63102014375 0.7783751859375 0.629422515625 0.7765920546875 0.6295211328125 0.774898528125 0.6279234609375 0.773116084375 0.6280221187499999 0.7714218703125 0.6232304828124999 0.76607323125 0.6233291015625 0.7643797046875 0.6217314734375 0.762596575 0.6218300890624999 0.7609030484375 0.6170384140625 0.7555551 0.6153421265625 0.7554661828125 0.6137444984375 0.7536830515624999 0.610351925 0.75350521875 0.6071579218750001 0.7499397125 0.6003740718749999 0.7495841125 0.5985791671875 0.7511887234375 0.59688288125 0.7510998078125 0.5950879390625 0.752705103125 0.5916966609375 0.7525273375 0.58990171875 0.754132634375 0.5865091453125 0.7539548015624999 0.5847142437499999 0.7555594109375 0.58301795625 0.7554704953125 0.5812243078125 0.7570758609375 0.5795280234375 0.7569869437500001 0.57773311875 0.758591553125 0.5760368328125 0.7585026375 0.5724482828124999 0.7617126125 0.572349665625 0.7634061390625 0.5771413 0.7687547765625 0.5770426421875 0.7704489921875 0.58023798125 0.774013878125 0.580139325 0.7757080921874999 0.5817357000000001 0.7774904671875 0.581045221875 0.789347903125 0.5826428921875 0.7911303453125 0.5824456203125 0.7945180875 0.58404325 0.79630121875 0.583747359375 0.8013824859374999 0.585344990625 0.8031656171874999 0.5852463328125 0.8048598328125 0.594830975 0.8155557984374999 0.59473231875 0.8172500125 0.5963299890625 0.8190324562500001 0.5962313328125 0.8207266703125 0.597827665625 0.8225097328125001 0.5977290484375 0.824203259375 0.5993267203125 0.825985703125 0.59573816875 0.8291956781250001 0.5955408953125 0.83258341875 0.5972358859375 0.8326722671875 0.598833515625 0.8344554000000001 0.6039223765624999 0.8347221484375 0.60551875 0.8365045234374999 0.6072150359374999 0.836593440625 0.608812665625 0.838376571875 0.6105089515625 0.8384654890625001 0.6121065812500001 0.8402486203124999 0.637546990625 0.8415821671874999 0.6377443046875 0.8381937374999999 0.6395392078125 0.8365891281250001 0.63973648125 0.8332013859374999 0.6415314249999999 0.8315960875 0.6416300406250001 0.8299025625 0.6434236875 0.8282971953124999 0.6437195765625 0.8232159296875 0.64212324375 0.82143286875 0.642715065625 0.8112696453125 0.64111739375 0.8094872015625001 0.6412160109375 0.8077936749999999
1 0.338281575 0.43001829375 0.3365852875 0.4299293765625 0.3329954421875 0.433139284375 0.33129915468750004 0.4330503671875 0.313352515625 0.44910004062500003 0.311656228125 0.4490111234375 0.3115576125 0.45070465000000004 0.304379215625 0.45712453281250004 0.304280559375 0.458818746875 0.302485615625 0.46042404374999996 0.302387 0.4621175703125 0.29700354687499997 0.46693215625000006 0.295307259375 0.4668432390625 0.293512315625 0.4684485359375 0.291816028125 0.4683596203125 0.281049084375 0.47798947812500003 0.279352796875 0.4779005609375 0.27576295 0.48111046875 0.2740666625 0.481021553125 0.273968046875 0.48271507968750005 0.26678965 0.48913496093750003 0.263397078125 0.48895712812500003 0.2616034296875 0.49056249375 0.25990714531250003 0.4904735765625 0.2581122 0.49207887499999997 0.2564159140625 0.491989959375 0.2546210125 0.49359456875 0.25122973437499996 0.49341680312499997 0.23866658749999997 0.5046512015625 0.23697030312499998 0.5045622843750001 0.23517535937499998 0.5061675828125 0.2334803671875 0.5060787343750001 0.22989052031249999 0.5092886421875 0.2281942359375 0.509199725 0.2246056859375 0.5124097015625 0.2229093984375 0.5123207843750001 0.2211144953125 0.51392539375 0.21941820937499998 0.513836478125 0.21403471562499998 0.51865175 0.21233842812499998 0.5185628328125 0.20695363906250003 0.5233780390625 0.20525865 0.523289190625 0.1998738984375 0.52810370625 0.1981776140625 0.5280147890625 0.1945890640625 0.5312247640625001 0.194391790625 0.53461250625 0.267321740625 0.53843538125 0.27091028906250003 0.5352254046875 0.2711075640625 0.5318376640625 0.27290250625 0.5302323671875 0.273001125 0.528538840625 0.2747960265625 0.5269342328125 0.27489468437500003 0.5252400171875 0.27668962656249996 0.52363471875 0.2767882453125 0.5219411921875 0.28935009218749996 0.510706725 0.29104637968749997 0.5107956406249999 0.29284132343749997 0.5091903421875 0.294537609375 0.509279259375 0.30171600625 0.5028593765625 0.30341229375 0.50294829375 0.307002140625 0.4997383875 0.308697128125 0.4998272359375 0.312286975 0.496617328125 0.31398326249999997 0.4967062453125 0.3175718125 0.49349626874999997 0.3192681 0.4935851859375 0.3246528875 0.48876998125000004 0.32475150468749997 0.4870764546875 0.3283400546875 0.48386647812500005 0.3284387125 0.48217226562500004 0.341001859375 0.47093786406250004 0.3426981453125 0.47102678124999997 0.34628669375 0.4678168078125 0.34798298125 0.4679057234375 0.355161378125 0.461485840625 0.355260034375 0.459791625 0.3624397265625 0.453371809375 0.36253834375 0.4516782828125 0.380484984375 0.43562861249999996 0.38218126875 0.435717528125 0.3839749171875 0.43411216250000007 0.38736748906249996 0.43428999687500003 0.3891623921875 0.43268538593750006 0.3908586796875 0.432774303125 0.3913518828125 0.42430460625000005 0.3489499046875 0.4220819609375 0.3435664109375 0.426897234375 0.3418701234375 0.42680831875 0.338281575 0.43001829375
1 0.8767780296875 0.239069521875 0.8751816968749999 0.23728645625000003 0.8717891234374999 0.2371086234375 0.8701914937499999 0.23532549375 0.8684952062500001 0.235236575 0.8668988328125 0.2334542015625 0.8652025484375001 0.23336528437499998 0.8636049171875 0.2315821546875 0.86021234375 0.23140432031249997 0.857018340625 0.22783881562500002 0.8553220546875 0.22774989843750001 0.853724384375 0.22596745468749999 0.852028096875 0.2258785390625 0.8504304671874999 0.22409540625000002 0.8487354765624999 0.22400655937499997 0.8471378078124999 0.222224115625 0.8454415203125001 0.22213519843750001 0.8422462203125001 0.218569625 0.8405512312500001 0.21848077500000002 0.8389536015625 0.21669764531250002 0.835561028125 0.2165198109375 0.83396335625 0.21473736875 0.8322670703125 0.2146484515625 0.8306707390625 0.2128653875 0.8289744515624999 0.2127764703125 0.8273767812499999 0.210994028125 0.82568049375 0.21090511093750003 0.8240828640625001 0.20912198124999998 0.8206915890625 0.20894421406250002 0.8190939171875 0.20716177187499998 0.8173976312500001 0.20707285468749997 0.814203628125 0.20350734843749999 0.814499559375 0.19842539374999998 0.8113042578125 0.1948598203125 0.8062153984375 0.1945930703125 0.804619025 0.1928106953125 0.7944426015625 0.1922772625 0.789057853125 0.197091778125 0.7889591953124999 0.19878599375 0.7905568234375 0.2005691234375 0.7903595921875 0.20395617656249998 0.78856465 0.20556147500000002 0.7884660328125 0.2072550015625 0.7866723859375 0.2088603671875 0.7860805656250001 0.219023590625 0.792864415625 0.2193791890625 0.7944620859375 0.22116163125 0.808029784375 0.22187282968750002 0.8096274140625 0.2236559609375 0.8113237015625 0.2237448765625 0.812921371875 0.22552732031249997 0.8146163609375 0.22561616875 0.8162139921874999 0.2273993 0.822997840625 0.227754896875 0.8277908109375 0.23310291562500002 0.8294870984375 0.23319183125 0.8310834312500001 0.23497489531250002 0.837868578125 0.2353305609375 0.839466209375 0.23711369375000002 0.8428574843750001 0.237291459375 0.844455153125 0.239073903125 0.8443565375000001 0.240767428125 0.8459541671874999 0.242550559375 0.8458555515624999 0.2442440859375 0.84745318125 0.24602721718749998 0.847354565625 0.24772074375000003 0.848950896875 0.24950380625 0.8488522796875 0.2511973328125 0.8504499109375001 0.252980465625 0.850154021875 0.25806173125 0.8483590765625 0.2596670296875 0.8482604609375001 0.26136055625 0.87878973125 0.262960853125 0.880584634375 0.26135624218750003 0.88228091875 0.261445159375 0.8838772921875 0.2632275359375 0.885258165625 0.2395140359375 0.883464559375 0.24111871406250002 0.8817682734375 0.2410297984375 0.880170603125 0.23924735468749997 0.8767780296875 0.239069521875
1 0.795776740625 0.549145759375 0.7975716828125 0.5475404625 0.79776895625 0.5441527203125001 0.8013588031250001 0.5409428140625 0.8034301546875 0.5053718796875 0.8017338671875001 0.5052829625 0.793746934375 0.49636874999999997 0.7940428234375 0.491287484375 0.7465532828125 0.4887981578125 0.746356009375 0.49218589531249995 0.7479536796875 0.49396833906250004 0.747361859375 0.5041315625 0.745566915625 0.5057368609374999 0.7454683 0.5074303875 0.7470659296875 0.5092135171875001 0.7465727265625001 0.5176832140625 0.7447778234375 0.5192878234375 0.74379145625 0.5362265265625 0.7453891265625 0.5380089703125 0.74479730625 0.5481721921875 0.746394934375 0.549955325 0.7423508125 0.6194043546875 0.7439484828125 0.6211867984375 0.7437512109375 0.6245745375 0.7453475843749999 0.6263569140625 0.7446571078125 0.6382143499999999 0.7428635 0.6398190265625 0.79544060625 0.6425750375 0.8004710546875 0.5561879921874999 0.798873384375 0.5544055484375 0.799070696875 0.55101711875 0.7973744109374999 0.5509282015625 0.795776740625 0.549145759375
1 0.631205821875 0.3077502765625 0.6296081515624999 0.30596783437499997 0.6245205875 0.3057011515625 0.6229229593750001 0.3039180203125 0.6042664 0.302940071875 0.6024714546875 0.3045453703125 0.6023728390625 0.306238896875 0.5987842484375 0.309449559375 0.5986856328125 0.3111430859375 0.5968907296875 0.312747696875 0.5963975265625 0.3212173921875 0.5946026234375 0.32282200156249996 0.5944053109375 0.3262104296875 0.59261040625 0.3278150390625 0.5925117890625 0.32950856562499997 0.5907168453125 0.3311138640625 0.5896318625 0.3497460953125 0.5912294921875 0.351529225 0.5911308765625 0.3532227515625 0.5927285062500001 0.3550058828125 0.5923339609375 0.3617813640625 0.5939316296875 0.3635638078125 0.5936357 0.3686457640625 0.59523336875 0.37042820781249997 0.6274576296875 0.3721173515625 0.6288385437499999 0.3484031671875 0.627240871875 0.3466207234375 0.62763541875 0.3398452421875 0.6294303625000001 0.33823994375 0.631205821875 0.3077502765625
1 0.6964731937499999 0.9398165781250001 0.6946782515625001 0.9414218765625 0.674325403125 0.9403550125000001 0.6725304999999999 0.9419596218749999 0.6369136671875 0.9400926421875001 0.6353172953125 0.9383102687499999 0.6234445843749999 0.93768791875 0.6218469546875001 0.9359047875 0.603190396875 0.934926840625 0.601395453125 0.9365321390625001 0.5963078890625 0.9362654562499999 0.5945129875 0.9378700656250001 0.5928167015625 0.93778115 0.5892281500000001 0.940991125 0.5875318625 0.9409022078125 0.5821470734374999 0.9457174140625 0.5804520828124999 0.9456285640625 0.5793671 0.96426079375 0.5811607078125001 0.9626561171875 0.5845532812500001 0.9628339499999999 0.5861509500000001 0.9646163937500001 0.67943245 0.9695060640625 0.6812273546875 0.9679014546875001 0.7015802015625 0.96896831875 0.7031778703125 0.9707507625 0.7337058421875 0.972350990625 0.7355007453125 0.9707463796875 0.73719703125 0.970835296875 0.7389919359375 0.9692306890625 0.7406882218749999 0.9693196046875 0.7442768125 0.966108940625 0.7493656718749999 0.9663756906250001 0.751160575 0.96477108125 0.752855565625 0.96485993125 0.7541378609375 0.9428392703125 0.7354813015625 0.9418613234375 0.73368765625 0.9434666890625 0.732090025 0.9416835578124999 0.6964731937499999 0.9398165781250001
1 0.64406228125 0.437551290625 0.644358171875 0.43247002500000004 0.641162871875 0.42890445 0.6412614890625 0.4272109234375 0.6380675250000001 0.42364472812500004 0.6381661421875 0.4219512015625 0.6333731734375 0.4166031859375 0.6316768859375 0.41651426875 0.6268852515625001 0.4111656328125 0.6234926796875 0.4109878 0.6218950078125001 0.40920535625000004 0.6202000187500001 0.40911650625 0.6184051140625 0.4107211171875 0.611621265625 0.41036551718750003 0.6100235953124999 0.40858307343750006 0.6083273109375 0.4084941578125 0.60672968125 0.40671102656249997 0.60503339375 0.4066221109375 0.6018393890625 0.403056603125 0.5933592515624999 0.4026120890625 0.5931619796875001 0.405999828125 0.5947583125 0.40778289375 0.5946596953125 0.40947641875 0.597854996875 0.41304199218750004 0.5977563390625 0.41473620625 0.612132615625 0.43078081093750004 0.6120339593749999 0.432475025 0.6136316296875 0.43425746875 0.6153279171875 0.43434638437500006 0.6233148500000001 0.44326059687499997 0.6250111359375 0.4433495140625 0.628205178125 0.44691433125 0.6299014656249999 0.44700324843750006 0.6314990953125 0.44878637968749996 0.63489166875 0.44896421249999996 0.6380856734375 0.45252971718749996 0.6414782437500001 0.45270755312500005 0.6446735453125 0.45627312499999995 0.6463685359375 0.456361975 0.6481634781250001 0.454756678125 0.6515560515625001 0.45493451093750004 0.6467630828125001 0.44958649531250006 0.647058971875 0.44450522656249997 0.6454626390625 0.4427221640625 0.6456599125 0.43933442187500005 0.64406228125 0.437551290625
1 0.7101448921875 1 0.5522485515625 0.9917233203125001 0.550454903125 0.9933286859375 0.54875861875 0.99323976875 0.546963715625 0.9948443796875001 0.52152330625 0.9935108328125001 0.5197284015625 0.9951154421874999 0.516335828125 0.9949376093750001 0.5145408859375 0.9965429078125 0.5143395749999999 1 0.7101448921875 1
1 0.624791803125 0.5639695671875 0.6230955171875 0.56388065 0.6195069671875 0.567090625 0.6110268296875 0.5666461093749999 0.6046362296875001 0.5595149609375001 0.602941240625 0.5594261125 0.5885636671875 0.5433814421875 0.58686738125 0.543292525 0.58367341875 0.5397263296875 0.583772034375 0.538032803125 0.578979103125 0.5326840984375 0.579077721875 0.530990571875 0.5773827296875 0.5309017234375 0.5725897609375 0.5255537046875001 0.5708934734375 0.5254647875 0.56929584375 0.5236816578125 0.5676008546875 0.523592809375 0.566003225 0.5218096765625 0.5642082828125 0.523414975 0.5608157078125 0.5232371421875001 0.5604211625 0.5300126234375 0.568408134375 0.5389261484375 0.5683094765625001 0.5406203625 0.5747000796874999 0.5477515093750001 0.5763963640624999 0.5478404265625 0.5811880375 0.5531883750000001 0.582884325 0.5532772921875 0.584481953125 0.5550604234375001 0.58787323125 0.5552381890625 0.5894709 0.5570206328125 0.5893722453125 0.558714846875 0.590969875 0.560497978125 0.5926661609375 0.5605868953125 0.6038471375000001 0.5730659250000001 0.6037485203124999 0.5747594515625 0.60694378125 0.5783257140625 0.6068451640625 0.5800192390625 0.608442834375 0.5818016828125 0.606647890625 0.5834069796875 0.6064506187500001 0.586794721875 0.604655715625 0.58839933125 0.628401134375 0.589644028125 0.6337845859375 0.5848294421875 0.63526415625 0.5594210421875 0.6318715828125 0.559243209375 0.6300779359375 0.560848575 0.62838165 0.5607596578125 0.624791803125 0.5639695671875
1 0.7352840296875 0.9452490640625 0.7301964671875 0.9449823828125 0.7284015234375001 0.9465876796874999 0.7267052359374999 0.9464987624999999 0.7231166859375 0.9497087390625 0.7214204 0.9496198218749999 0.71962545625 0.9512251203125001 0.71792916875 0.951136203125 0.7161355625 0.9527408812499999 0.716036946875 0.9544344078125 0.7124471 0.9576443156250001 0.7090545265625 0.9574664828125 0.7072595828125 0.959071778125 0.7038683078125 0.9588940125000001 0.7020734046875 0.9604986234374999 0.70069245 0.984213496875 0.756662128125 0.9871473390625001 0.7567607859375001 0.985453125 0.7639391796874999 0.9790332421875 0.7656354671875001 0.979122159375 0.7674304125 0.9775168609374999 0.7691266984375 0.9776057781249999 0.7763050546875 0.9711865843749999 0.7780013421875001 0.9712755 0.7851797781250001 0.9648549281250001 0.786876065625 0.9649438453125001 0.7904646125 0.9617338703125 0.7921609000000001 0.9618227875 0.793955803125 0.9602181765625 0.795652090625 0.9603070921875 0.797447034375 0.958701796875 0.7982361265625 0.9451508328125 0.7439627359375 0.94230590625 0.7421677921875001 0.9439112046875 0.7370789328125 0.9436444546875 0.7352840296875 0.9452490640625
1 0.43525157812500004 0.4300038421875 0.4336539078125 0.42822139843749996 0.430261334375 0.428043565625 0.4286650015625 0.42626050156249995 0.425272428125 0.42608266875 0.42367475781249997 0.424300225 0.421978471875 0.42421130937499996 0.41878446875 0.42064580312500005 0.41708818281250004 0.4205568859375 0.41389288124999996 0.41699131093749997 0.41219659531249997 0.41690239531250006 0.40580729218749995 0.4097713140625 0.40411100624999996 0.40968239687499997 0.402514671875 0.40789933593749994 0.40081838437500006 0.40781041875 0.3976230453125 0.40424553124999996 0.3959267609375 0.404156615625 0.39113512500000003 0.398807978125 0.37587114062500004 0.3980078640625 0.3740762359375 0.3996124734375 0.3723799484375 0.39952355625 0.37058500781250003 0.4011288546875 0.36888872031250003 0.4010399390625 0.363505265625 0.4058545234375 0.363406609375 0.4075487375 0.36161170781249996 0.40915334531249997 0.36151305 0.41084756093749997 0.3597181078125 0.412452859375 0.359619490625 0.41414638593750003 0.3578245875 0.41575099531250004 0.35762727499999997 0.4191394234375 0.3540387625 0.42234871093750004 0.3539401078125 0.4240429265625 0.343171865625 0.4336727171875 0.341593678125 0.46077464375000005 0.35177010000000003 0.461308075 0.35356504375000003 0.45970277656249997 0.3537623171875 0.4563150359375 0.355555925 0.4547103578125 0.35565458125 0.45301614375000004 0.3628342328125 0.4465970171875 0.362932890625 0.4449028015625 0.368316384375 0.44008753125 0.3700126703125 0.44017644687499996 0.3753961234375 0.43536186250000003 0.3770924109375 0.43545077968749996 0.37888735156250003 0.43384547968750004 0.3975439125 0.4348234296875 0.39914154375 0.43660655937500004 0.40422910468750006 0.4368732421875 0.4058267765625 0.438655684375 0.4075230625 0.43874460156249995 0.4107170671875 0.44231010781249996 0.41241335156250003 0.442399025 0.4235955859375 0.45487880937499997 0.42349696875 0.4565723359375 0.4314839015625 0.4654865484375 0.4416603265625 0.46601997968750003 0.44345526875 0.46441468124999996 0.44365254218750005 0.46102694218750007 0.4454474453125 0.45942233281249995 0.44564471718750004 0.456034590625 0.4474383640625 0.454429225 0.44753697968750006 0.45273569843750006 0.449331884375 0.45113108906250005 0.451028171875 0.4512200046875 0.45112682812499993 0.449525790625 0.452921771875 0.44792049375 0.45351359062499996 0.43775727187499996 0.45031825000000003 0.4341923859375 0.44862196406250004 0.43410346874999994 0.44542800156249995 0.43053727343750003 0.43525157812500004 0.4300038421875