3 0.6769389015625 0.9389046421874999 0.6897959578124999 0.8548317046875 0.6288021406250001 0.8441121 0.6159450828125 0.9281850374999999 0.6769389015625 0.9389046421874999
4 0.821783690625 0.8108798015625001 0.832021865625 0.743931871875 0.7585170671875 0.7310134765625 0.7482788921875 0.7979614046875 0.821783690625 0.8108798015625001
0 0.0432715265625 0.8083526750000001 0.2184330625 0.8391371421875 0.22023557343750003 0.8378552703125 0.2314260671875 0.764680065625 0.054700101562500006 0.7336206515625 0.0432715265625 0.8083526750000001
0 0.481904171875 0.6600177765625 0.48880898124999994 0.6148668828125 0.46534922031250003 0.6107438546874999 0.46354782656250004 0.612025921875 0.4619833953125 0.611750975 0.460182 0.61303304375 0.45399142968749995 0.653513478125 0.455316665625 0.6553450484375001 0.481904171875 0.6600177765625
0 0.6641436781250001 0.6025147 0.6750960921875 0.5308963140625 0.49055020625 0.49846255624999997 0.47888355000000005 0.5747514 0.657172828125 0.6060855640625 0.658975340625 0.6048036921875 0.6605397703125 0.6050786390625 0.6641436781250001 0.6025147
0 0.8296827812500001 0.6332066953125 0.85314254375 0.6373297265625 0.8593331125000001 0.5968492890625 0.83743778125 0.5930012078125 0.8356350296875 0.5942846515625 0.8296827812500001 0.6332066953125
4 0.8405465281250001 0.8877206140625 0.8488798187500001 0.8332288078125 0.7550430046875001 0.8167370796875 0.7543287624999999 0.8214075375000001 0.7525262515625 0.8226894093749999 0.74514528125 0.8709539390625001 0.8405465281250001 0.8877206140625
4 0.29429206875 0.742155203125 0.28647215 0.7407808593749999 0.2851457984375 0.73894909375 0.263250465625 0.7351010109375 0.261449071875 0.7363830796874999 0.253591940625 0.7877612453125 0.34117215 0.8031533812499999 0.34902928125 0.7517752140625 0.3427737921875 0.75067581875 0.341447440625 0.748844053125 0.33675638281250003 0.748019603125 0.3349538703125 0.749301475 0.305239734375 0.74407924375 0.30391338437500004 0.742247478125 0.29609346406250003 0.7408731359375 0.29429206875 0.742155203125
0 0.5963379234375 0.7728565921875 0.5922903171875 0.7993240859374999 0.5904878046875 0.8006059546875001 0.5885829218749999 0.8130620796875 0.6136059984375 0.8174598609375 0.620272728125 0.7738657875 0.5999418265625 0.77029265 0.5963379234375 0.7728565921875
5 0.860420025 0.6002392515625 0.8711343609375 0.530177684375 0.75696664375 0.5101128203124999 0.7462523078125 0.5801743874999999 0.860420025 0.6002392515625
1 0.5955260578125 0.715158871875 0.5957641375 0.713602053125 0.5975655328125 0.7123199859375 0.5991299640625 0.7125949328125001 0.6081405265625001 0.7061836078125 0.6097038421875001 0.706458359375 0.6115063515625 0.7051764875 0.6117444328125 0.70361966875 0.6135458265625 0.7023376015625 0.6151102578125001 0.70261255 0.631328390625 0.6910749187499999 0.6328917046875 0.6913496703125 0.64190226875 0.6849383453125 0.6434666984375 0.6852132921874999 0.6506745109375001 0.6800854140625 0.6522389421875 0.6803603609375 0.6540403375 0.6790782921875 0.6542784171875 0.6775214734375 0.6560809265625 0.676239603125 0.6576442421875 0.6765143546875 0.6720612203125 0.66625721875 0.673624534375 0.66653196875 0.6754270453125 0.665250096875 0.6769914765625 0.66552504375 0.6805953812500001 0.6629611046874999 0.682158696875 0.6632358546875 0.6839612078124999 0.661953984375 0.6868184125 0.643270584375 0.6854920609375 0.64143881875 0.683928746875 0.64116406875 0.682602396875 0.639332303125 0.67947465 0.638782603125 0.677672140625 0.640064475 0.674544396875 0.639514778125 0.672743 0.64079684375 0.6711785703125 0.6405218968749999 0.6621680078125001 0.6469332234375 0.6606046921875001 0.6466584734375 0.6533968812500001 0.65178635 0.6518324515625 0.651511403125 0.6446246390625 0.6566392828125001 0.643060209375 0.656364334375 0.6358521578125 0.6614937890625 0.6342877265625 0.6612188421875 0.63248633125 0.6625009093750001 0.6322482515625001 0.664057728125 0.630445740625 0.6653396 0.6288824265625 0.6650648484375 0.625278521875 0.6676287890625 0.6237140906249999 0.6673538421874999 0.6110998624999999 0.67632753125 0.60953543125 0.676052584375 0.602327378125 0.6811820375 0.6007640640624999 0.680907284375 0.5935551375 0.6860349671875 0.591991821875 0.6857602171875 0.579377596875 0.6947339078125 0.5778131656250001 0.6944589609375 0.574209259375 0.6970229 0.5726459453125 0.6967481484375 0.5672392875 0.700595534375 0.5656748578124999 0.7003205875 0.5566656515624999 0.7067305328125 0.55510121875 0.7064555859375 0.54248699375 0.7154292765625 0.5409236796875 0.7151545265625 0.531913115625 0.72156585 0.5316750359375 0.7231226687500001 0.5298725234375 0.7244045390625 0.52963444375 0.7259613593750001 0.52242663125 0.7310892359375 0.5208622015625 0.7308142906249999 0.51906080625 0.7320963593750001 0.5183465671875 0.736766815625 0.51654405625 0.7380486859375 0.5191954 0.741713596875 0.523887575 0.742538240625 0.525213925 0.7443700062499999 0.5267772390625 0.7446447578125001 0.5285797515625 0.7433628859375 0.533270809375 0.7441873343750001 0.5386774671875 0.74033995 0.5402418984375 0.740614896875 0.5420432921875 0.7393328296874999 0.5436077234375001 0.739607778125 0.5508155343750001 0.7344798984375001 0.5523799656249999 0.7347548453125 0.557785265625 0.7309088390625 0.559349696875 0.7311837859375 0.5611510921875 0.7299017171875 0.562715521875 0.7301766625 0.5645180328125 0.72889479375 0.566081346875 0.72916954375 0.5696852531250001 0.7266056046875 0.5712496828125 0.726880553125 0.5730513187499999 0.725596909375 0.57461575 0.7258718562500001 0.581823559375 0.7207439765625 0.583387990625 0.7210189234375 0.5851893859375 0.7197368578125001 0.5867538156250001 0.7200118046874999 0.593961628125 0.714883925 0.5955260578125 0.715158871875
2 0.6276442 0.8726861109374999 0.6223410296874999 0.865359440625 0.620777715625 0.865084690625 0.619451365625 0.8632529234374999 0.617886934375 0.8629779765625001 0.616561940625 0.8611448312500001 0.6149975109375 0.860869884375 0.612345928125 0.8572065484375001 0.6107826125 0.8569317984374999 0.6054783265625 0.84960493125 0.6039150125 0.84933018125 0.5986118453125 0.842003509375 0.5970474125 0.8417285609375 0.5851149640625 0.825241878125 0.583550534375 0.82496693125 0.5822253 0.8231353625000001 0.58246338125 0.82157854375 0.5705306921875 0.805093434375 0.5689662609374999 0.8048184875000001 0.5676410265625 0.8029869171874999 0.566076596875 0.8027119703125001 0.5647504890625 0.8008786296875 0.563187175 0.8006038796875 0.5592092375 0.7951087796875 0.5576459234375 0.794834028125 0.556319571875 0.7930022625 0.5547562578125 0.7927275109374999 0.5441488046875 0.7780739718749999 0.5443868843749999 0.776517153125 0.5404091921874999 0.771020478125 0.538845878125 0.7707457265625 0.53619429375 0.7670823906249999 0.5346298625 0.76680744375 0.533304628125 0.7649758734375001 0.5317401953124999 0.7647009265625 0.5304138468749999 0.7628691625 0.52885053125 0.762594409375 0.5275241828125 0.7607626437499999 0.5277622625 0.759205825 0.5261989484375 0.7589310734375 0.5235473640625 0.7552677390625 0.5219829328125 0.7549927921874999 0.5206565828125 0.7531610265625 0.5208946625 0.7516042078125 0.5193313484375001 0.7513294562499999 0.5153534140625 0.7458343546874999 0.5137901 0.745559603125 0.5124637484375001 0.7437278390625 0.510900434375 0.7434530859375 0.509574084375 0.74162131875 0.49862641874999997 0.739697278125 0.49730006875 0.7378655125 0.4957367546875 0.7375907625 0.493085409375 0.7339258515625 0.4933234890625 0.7323690328125 0.49199713906250003 0.7305372671875 0.49223522031250005 0.7289804484375 0.4909099859375 0.7271488796875001 0.49114806718750004 0.725592059375 0.4871701296875 0.720096959375 0.4856057015625 0.7198220125 0.48428046562500005 0.71799044375 0.482716034375 0.7177154953125 0.47741286718750003 0.710388825 0.47584843593750004 0.7101138765624999 0.4718718578125 0.704617396875 0.4721099390625 0.703060578125 0.4707835875 0.7012288109375 0.47102166875 0.6996719921875 0.469696434375 0.6978404234375 0.4699345140625 0.6962836046875001 0.46837008437499994 0.6960086578125 0.4657185015625 0.692345321875 0.46595658125000006 0.6907885031250001 0.46463022968749995 0.6889567375000001 0.4630669140625 0.6886819875 0.46041533125 0.6850186500000001 0.46065341093749995 0.68346183125 0.45800206718750003 0.679796921875 0.4564376375 0.679521975 0.4551112875 0.677690209375 0.45534936875 0.676133390625 0.45378605156249996 0.675858640625 0.448482884375 0.66853196875 0.4487209640625 0.6669751500000001 0.44606937812499997 0.6633118140625001 0.44678361874999994 0.6586413578125 0.44545726874999997 0.6568095921875 0.44688599218749997 0.6474671046875 0.4455596421875 0.6456353390625 0.4457977234375 0.6440785203125 0.442669978125 0.6435288234375001 0.44086858281249997 0.644810890625 0.439304153125 0.6445359421875 0.4375027578125 0.6458180109375 0.42968283593749995 0.6444436671875 0.4278803265625 0.6457255390625 0.4247525796875 0.645175840625 0.416797828125 0.634185834375 0.415233396875 0.6339108875 0.4139081625 0.6320793171875 0.41234373281250003 0.6318043703125 0.41101738125000004 0.6299726046874999 0.40945406562500003 0.6296978531249999 0.40812771562499994 0.6278660875 0.40656440156249996 0.6275913359375 0.399935125 0.618431325 0.3983706921875 0.618156378125 0.38776435625 0.6035030359375 0.386199925 0.6032280875 0.3769188203125 0.590406315625 0.37535550624999997 0.5901315640625 0.36607464218749997 0.57730821875 0.36451021250000004 0.5770332703125 0.36185862812499997 0.573369934375 0.3602953140625 0.573095184375 0.35631737812500003 0.5676000812499999 0.35475294687500003 0.567325134375 0.3534277140625 0.565493565625 0.3518632828125 0.56521861875 0.35053805 0.5633870484375 0.3507761296875 0.5618302296875 0.349449778125 0.5599984640625 0.3478864640625 0.5597237125000001 0.3439087703125 0.5542270359375 0.3423443390625 0.5539520890625 0.3410191046875 0.5521205203124999 0.339454675 0.5518455734375001 0.338129440625 0.5500140046875 0.336565009375 0.54973905625 0.32861025625 0.5387490484375 0.3270458265625 0.5384741015625 0.316439728125 0.523819184375 0.3148752984375 0.5235442375 0.3135500640625 0.52171266875 0.3088578890625 0.520888021875 0.3062063046875 0.5172246875 0.3046418734375 0.516949740625 0.3006639390625 0.5114546390625 0.2991006234375 0.5111798875 0.29379745625 0.5038532171875 0.292233025 0.5035782703125 0.2829521625 0.49075492187499997 0.2813888484375 0.490480171875 0.280062496875 0.48864840468750004 0.27849806718750003 0.48837345781249997 0.27584648125 0.4847101234375 0.2742831671875 0.48443537187499996 0.2716315828125 0.48077203593749995 0.27006715312499996 0.48049708750000003 0.2621123984375 0.4695070828125 0.26258855937500003 0.4663934453125 0.26126245 0.4645601046875 0.26150052968750004 0.46300328593750006 0.259937215625 0.46272853437499994 0.25595928125 0.45723343281249995 0.25439485156249997 0.45695848593750005 0.2504180296875 0.45146358124999997 0.24885359999999998 0.45118863437499995 0.24487566562500002 0.44569353281249996 0.241747921875 0.4451438328125 0.2311418234375 0.4304889171875 0.22957739375 0.4302139703125 0.22825215937499999 0.4283824 0.22668772812500002 0.428107453125 0.21740662500000002 0.41528567968749996 0.21584331093750003 0.4150109296875 0.2052360984375 0.4003558171875 0.2036727828125 0.40008106562499995 0.2010200828125 0.396417534375 0.2012581625 0.394860715625 0.19969484843750002 0.3945859640625 0.1970432640625 0.390922628125 0.19728134375 0.389365809375 0.19197705781250002 0.382038940625 0.1922151390625 0.380482125 0.1908899046875 0.378650553125 0.18932547500000002 0.37837560625 0.18667413125 0.37471069687499997 0.1869122109375 0.373153878125 0.1816090421875 0.36582720625 0.1800446109375 0.365552259375 0.1787193765625 0.363720690625 0.1755916328125 0.36317099218750004 0.1742652828125 0.3613392265625 0.1711375359375 0.36078952656249996 0.1698111859375 0.3589577609375 0.166683440625 0.3584080640625 0.16535820625 0.3565764953125 0.1622304625 0.3560267953125 0.1609041125 0.3541950296875 0.15777636718750002 0.3536453328125 0.1564500171875 0.3518135671875 0.154886703125 0.351538815625 0.1522351171875 0.347875478125 0.110008884375 0.3404542609375 0.115312053125 0.34778093125 0.1150739734375 0.34933775 0.12037714375 0.356664421875 0.1219415734375 0.35693936875 0.1285699765625 0.3660976109375 0.13013440781250002 0.3663725578125 0.1341121015625 0.3718692328125 0.13567541562500002 0.3721439828125 0.137001765625 0.37397575 0.141692825 0.3748001984375 0.14301917656250002 0.3766319640625 0.1461469203125 0.3771816625 0.15012485625 0.3826767640625 0.15168817031249998 0.38295151562499996 0.1569924546875 0.3902783828125 0.1585557703125 0.390553134375 0.1665114 0.4015449125 0.16627331875 0.40310173125000004 0.172901721875 0.4122599703125 0.174466153125 0.41253491875000003 0.175792503125 0.414366684375 0.1773558171875 0.414641434375 0.1813337515625 0.4201365359375 0.18289706562500002 0.4204112875 0.18820135 0.42773815624999995 0.1897646640625 0.42801290625000005 0.192416009375 0.4316778140625 0.1921779296875 0.43323463437500004 0.1935042796875 0.4350664015625 0.1966320234375 0.43561609843750004 0.197958375 0.4374478640625 0.1995216890625 0.437722615625 0.203499625 0.44321771875 0.2050629390625 0.44349246875 0.2063892890625 0.445324234375 0.207952603125 0.445598984375 0.20927895312499997 0.44743075 0.2090408734375 0.44898756874999995 0.2106053046875 0.44926251562499997 0.21193053750000002 0.4510940859375 0.21349496874999999 0.45136903281249996 0.21482020156249998 0.453200603125 0.2163846328125 0.4534755515625 0.2269907296875 0.4681304671875 0.2285551609375 0.4684054140625 0.229880396875 0.4702369828125 0.22964231562499998 0.4717938015625 0.24157611874999999 0.48827910625 0.24313943437500002 0.48855385937499995 0.24844236249999999 0.49588210312500003 0.2500067921875 0.49615705 0.2513320265625 0.4979886203125 0.25289645781250003 0.49826356718750003 0.2661554953125 0.5165804421875 0.267718809375 0.51685519375 0.270370153125 0.5205201015625 0.27193458593750003 0.52079505 0.2772377546875 0.5281217203125 0.27880218437500004 0.5283966671875 0.2801274171875 0.5302282375 0.2798893390625 0.53178505625 0.2812156890625 0.5336168234375 0.28097760781250003 0.5351736421875 0.287607128125 0.544332078125 0.2891704421875 0.5446068296875 0.2904967921875 0.5464385953125 0.2936245359375 0.54698829375 0.294949771875 0.5488198625 0.296514203125 0.549094809375 0.29784031093749996 0.5509281500000001 0.2994036265625 0.5512029015625 0.3007299765625 0.5530346671874999 0.300491896875 0.5545914859375001 0.30181713125 0.55642305625 0.30134097031249996 0.5595366937499999 0.3079704890625 0.5686951296875 0.30953491875 0.5689700765625 0.31086015312500004 0.570801646875 0.312424584375 0.57107659375 0.31374981874999996 0.572908165625 0.3153142484375 0.5731831125 0.3179658328125 0.5768464468750001 0.3195302640625 0.5771213953125 0.3208555 0.5789529640625 0.32398324375 0.5795026609375 0.325309353125 0.5813360015625 0.32687266875 0.581610753125 0.3308506015625 0.5871058546875 0.333978346875 0.5876555515625 0.33530469687500003 0.58948731875 0.3368680125 0.5897620703124999 0.346149115625 0.6025838421875 0.3492768609375 0.603133540625 0.35458114531249996 0.6104604078125 0.3561444609375 0.610735159375 0.360122153125 0.616231834375 0.36168546875 0.6165065859375 0.36301181875 0.6183383515624999 0.36457625 0.6186132984375 0.36987941874999997 0.6259399703125 0.371442734375 0.6262147203125 0.374095434375 0.6298782515625 0.37385735468750003 0.631435071875 0.3751825875 0.633266640625 0.3767470171875 0.6335415890625 0.3807238375 0.6390364921875 0.38228826875 0.639311440625 0.3836132609375 0.641144584375 0.3851776921875 0.6414195328125001 0.38915562656249997 0.6469146343750001 0.390718940625 0.6471893843750001 0.392045290625 0.64902115 0.39360860625 0.6492959015624999 0.39493495625 0.6511276671874999 0.39649938749999997 0.6514026140625 0.3978246203125 0.653234184375 0.397586540625 0.6547910031249999 0.39915097187500004 0.65506595 0.40047620625 0.6568975203125 0.40360395000000004 0.65744721875 0.407581884375 0.66294231875 0.40734380468750003 0.6644991390625 0.408908234375 0.6647740859375 0.415536396875 0.6739339015625 0.417100828125 0.6742088468749999 0.41842717812499997 0.6760406125 0.4181890984375 0.6775974312499999 0.4195143328125 0.679429003125 0.4210787625 0.6797039484375 0.4237303484375 0.6833672859375 0.42349226875 0.6849241046875 0.4250555828125 0.6851988546875 0.4263819328125 0.6870306203125 0.42794524687499996 0.6873053703124999 0.42927159687499994 0.6891371375 0.430836028125 0.689412084375 0.452049578125 0.7187205390625 0.4518114984375 0.7202773578125 0.4597660125 0.7312689390625 0.45952793124999997 0.7328257578125 0.46217951562500004 0.73648909375 0.47312718125000003 0.7384131359375 0.47445353125 0.7402449015625 0.479144590625 0.74106935 0.48047094218749997 0.7429011171875 0.48203425624999996 0.7431758671875001 0.48336060625000005 0.7450076343750001 0.483122525 0.746564453125 0.4844488765625 0.7483962187500001 0.48421079687499996 0.7499530375 0.48553602968750004 0.75178460625 0.484821790625 0.7564550624999999 0.486148140625 0.7582868281249999 0.485910059375 0.7598436468750001 0.48747337343749997 0.7601183984375 0.4887997234375 0.7619501640624999 0.49505521406249997 0.7630495609375 0.4963813234375 0.7648829 0.4979446390625 0.7651576515625 0.5019225734375 0.770652753125 0.5034858875 0.7709275046874999 0.5061385875 0.7745910359375 0.5059005078125 0.776147853125 0.5072257421875 0.7779794250000001 0.5069876609375 0.77953624375 0.5109655953125001 0.785031346875 0.5125289109375 0.7853060968750001 0.5151804953125 0.78896943125 0.5167449265624999 0.789244378125 0.5180712765625 0.79107614375 0.5196345906250001 0.7913508953124999 0.5209609421875 0.7931826609375 0.5240886859375 0.7937323593750001 0.529391615625 0.8010606062500001 0.5309560453125 0.8013355531249999 0.5362592140625 0.8086622218749999 0.537822528125 0.808936975 0.5431268140625 0.816263840625 0.544690128125 0.8165385921875 0.5460164796875 0.8183703578125 0.54757979375 0.818645109375 0.5515577265625 0.8241402109375 0.5531221578125 0.8244151578125001 0.5584250875000001 0.8317434031250001 0.5599884015625001 0.8320181546875001 0.563966334375 0.83751325625 0.5655307656249999 0.8377882031249999 0.5681823500000001 0.8414515390625 0.5697456640625 0.8417262890625 0.57504995 0.8490531562499999 0.5766132640625 0.8493279078124999 0.577939615625 0.8511596734375001 0.5777015343749999 0.85271649375 0.57926485 0.8529912453125 0.5805911984375001 0.854823009375 0.5821545125 0.8550977609375 0.5861322078125 0.8605944375 0.589259953125 0.861144134375 0.595889471875 0.870302571875 0.597453903125 0.87057751875 0.6067350078125 0.8833992921875 0.608298321875 0.8836740421875 0.6096244296875 0.8855073828125001 0.612752175 0.8860570796875 0.614077409375 0.8878886515625 0.6156418421875001 0.8881635984375 0.620945009375 0.89549026875 0.6207069296875 0.8970470875000001 0.6220332796875 0.898878853125 0.6213190375 0.903549309375 0.6226442734375001 0.9053808796875 0.6221681125 0.9084945171875001 0.6234944625 0.9103262828125 0.6232563812499999 0.9118831015625 0.627234075 0.917379778125 0.6269959953125 0.918936596875 0.6283212296875 0.9207681671874999 0.6298856625 0.9210431140625 0.6312108953125 0.9228746828125001 0.6327753265625 0.9231496296874999 0.634100559375 0.9249812000000001 0.6359030703124999 0.9236993296874999 0.6421585609375 0.9247987249999999 0.6434849109375 0.9266304890624999 0.657560321875 0.9291042296875001 0.65888555625 0.9309357984375 0.6604499859375 0.9312107468749999 0.6617763359375 0.9330425124999999 0.6633396515625 0.9333172624999999 0.664666003125 0.9351490296874999 0.6693570609374999 0.9359734796874999 0.6743569875000001 0.9032787109375 0.6727936734375 0.9030039593750001 0.6701420890625001 0.8993406234375 0.668339578125 0.9006224953125 0.668101496875 0.9021793140625001 0.666300103125 0.90346138125 0.666062021875 0.9050182 0.6642595124999999 0.9063000718750001 0.66269508125 0.9060251234375001 0.6608936875 0.90730719375 0.6593292546875 0.907032246875 0.658004021875 0.905200675 0.6548762765625 0.9046509765625 0.64692040625 0.8936607750000001 0.6471584874999999 0.89210395625 0.6418555578125 0.8847757109375 0.6402911296875 0.8845007640624999 0.63763954375 0.880837428125 0.6360762296875 0.880562678125 0.6347498781249999 0.8787309109375 0.6331865640625 0.878456159375 0.6292086296875 0.8729610578125 0.6276442 0.8726861109374999
1 0.3380539046875 0.6555188281250001 0.3367286703125 0.653687259375 0.3351642390625 0.6534123125 0.32853472031250003 0.644253875 0.32697140468749997 0.6439791234375 0.32564505625 0.642147359375 0.32588313593749996 0.6405905390625 0.32455790156250003 0.6387589703125001 0.32299347031250003 0.638484021875 0.32034188750000003 0.6348206859375 0.3205799671875 0.6332638671875 0.317928384375 0.62960053125 0.316363953125 0.629325584375 0.3150389578125 0.627492440625 0.31527703906250004 0.625935621875 0.3139506890625 0.62410385625 0.312387375 0.62382910625 0.31106102343750003 0.6219973390625 0.311299103125 0.620440521875 0.3086475203125 0.616777184375 0.3088856 0.615220365625 0.30225608125000003 0.6060619296875001 0.30069276718750004 0.6057871796875001 0.299366415625 0.6039554125000001 0.29780198593749996 0.603680465625 0.29647675156250003 0.601848896875 0.294912321875 0.6015739499999999 0.29358732656250003 0.5997408046875 0.29202289531250003 0.5994658578125 0.2906976609375 0.5976342875 0.28913323125 0.597359340625 0.2878068796875 0.595527575 0.28624356562500003 0.595252825 0.28491721718749996 0.5934210578125 0.281789471875 0.592871359375 0.2804642390625 0.5910397890625 0.27889980625 0.5907648421875 0.274921871875 0.585269740625 0.275159953125 0.583712921875 0.269856784375 0.57638625 0.2682934703125 0.5761115 0.264315534375 0.5706164 0.2611877890625 0.5700667 0.2598616796875 0.568233359375 0.2582983640625 0.567958609375 0.256972015625 0.56612684375 0.2554087 0.56585209375 0.25408235 0.5640203265625 0.2525179203125 0.5637453796874999 0.2511926859375 0.5619138109375 0.2496282546875 0.5616388640625 0.24830302031249998 0.5598072921874999 0.246738590625 0.5595323453125001 0.24143542031249998 0.552205675 0.2416735 0.5506488546874999 0.24034715156250003 0.5488170890624999 0.2387838359375 0.5485423390624999 0.23215431875 0.5393839015624999 0.2305898875 0.5391089546875001 0.2252869578125 0.531780709375 0.22372364375 0.5315059578125 0.22107094374999997 0.5278424265624999 0.221309025 0.5262856078125 0.2199837890625 0.5244540375 0.2184193578125 0.524179090625 0.21444254062499998 0.518684184375 0.21287810937499999 0.5184092375 0.2075749421875 0.51108256875 0.20601050937499998 0.5108076203125 0.20468527500000003 0.5089760484375 0.203120846875 0.508701103125 0.191188396875 0.49221442031249996 0.18962508281249998 0.49193967031249997 0.1816692140625 0.4809494671875 0.18190729375 0.47939264843749996 0.1779295984375 0.4738959734375 0.1781676796875 0.47233915312499997 0.17684244531249999 0.47050758437500007 0.175278015625 0.47023263593750003 0.1726264328125 0.4665693015625 0.1710631171875 0.46629455000000003 0.16841153125 0.4626312140625 0.1668471015625 0.462356265625 0.1628691671875 0.456861165625 0.1613058515625 0.456586415625 0.15865426875 0.4529230796875 0.1570898375 0.45264812968749996 0.15443825312499998 0.4489847953125 0.152873821875 0.4487098484375 0.150222478125 0.4450449390625 0.1486591640625 0.4447701890625 0.1460075796875 0.441106853125 0.1444431484375 0.44083190625 0.141791565625 0.4371685703125 0.14202964375 0.4356117515625 0.139378059375 0.43194841562499997 0.1396161390625 0.430391596875 0.1382897890625 0.42855983125 0.1385278703125 0.4270030125 0.1332247015625 0.419676340625 0.131660271875 0.41940139375 0.1303352765625 0.41756825 0.12720753125 0.41701855156249995 0.12588118125 0.415186784375 0.1243178671875 0.414912034375 0.1216651671875 0.41124850312500005 0.1201018515625 0.41097375312500006 0.118775503125 0.40914198593749995 0.11564775624999998 0.4085922875 0.112996171875 0.40492895156250003 0.1114317421875 0.4046540046875 0.10878015625 0.40099066875 0.10721684218750001 0.40071591875 0.099260975 0.38972571562499997 0.097697659375 0.3894509640625 0.09239473125 0.38212271875 0.0928708921875 0.37900908125 0.091544540625 0.377177315625 0.092734940625 0.369393221875 0.0963388484375 0.3668292828125 0.097903278125 0.3671042296875 0.0997046734375 0.3658221609375 0.10908902499999999 0.3674714515625 0.1093271046875 0.3659146328125 0.10800075312499999 0.3640828671875 0.108239075 0.3625244734375 0.106913840625 0.3606929046875 0.107151921875 0.3591360859375 0.0883843359375 0.3558377015625 0.0876698546875 0.3605097328125 0.0889950890625 0.3623413015625 0.0887570078125 0.3638981203125 0.08695561406249999 0.3651801875 0.08052720468749999 0.40721586875 0.0818524390625 0.4090474390625 0.0813760390625 0.41216264999999996 0.084027621875 0.4158259859375 0.08559205156250001 0.4161009328125 0.086918403125 0.41793269843749997 0.0884817171875 0.41820745 0.0924596515625 0.4237025515625 0.094022965625 0.42397730312500004 0.095349315625 0.42580906875 0.0969137453125 0.426084015625 0.1061934953125 0.438907165625 0.107757925 0.4391821125 0.11173586093750001 0.4446772140625 0.113299175 0.44495196562499995 0.11462552343750002 0.44678373125000004 0.1193177 0.44760837656249997 0.120642934375 0.449439946875 0.12220736406249999 0.44971489375000007 0.126184184375 0.4552097984375 0.1277486140625 0.455484746875 0.13305178281250002 0.46281141718749996 0.1346162125 0.4630863640625 0.135941446875 0.46491793281250005 0.13750587812499998 0.46519288124999997 0.1414838125 0.4706879828125 0.1430471296875 0.470962734375 0.1470248203125 0.47645941093750005 0.1485881359375 0.47673416093750004 0.1499144859375 0.4785659265625 0.1514778015625 0.4788406765625 0.1554557375 0.48433577968749997 0.1570201671875 0.48461072656250004 0.15834540156250002 0.48644229687499996 0.15990983125 0.4867172421875 0.169190934375 0.4995390171875 0.168952853125 0.5010958359375 0.17292943125 0.5065923140625 0.1744938625 0.5068672609375 0.1758202125 0.508699028125 0.1773835265625 0.508973778125 0.18136146250000001 0.5144688796875 0.180885303125 0.5175825171875 0.1822105359375 0.5194140859374999 0.18197245625 0.5209709046875 0.1899280859375 0.5319626828125 0.1914914 0.532237434375 0.19944726875000002 0.5432276375 0.1992091875 0.54478445625 0.2005344234375 0.5466160265625 0.2002963421875 0.5481728453125 0.20560062656250003 0.5554997109375 0.205362546875 0.5570565296875001 0.20668777968750002 0.5588881 0.2082522125 0.5591630484375 0.21355514062499997 0.5664912921874999 0.21511845468750002 0.5667660421875 0.22307432500000002 0.577756246875 0.22283624375 0.579313065625 0.225963990625 0.5798627656249999 0.22729033906249999 0.5816945296875 0.2335458296875 0.582793925 0.23487106406249997 0.5846254953125001 0.23643549375 0.5849004421874999 0.24041342812500002 0.5903955437499999 0.2419767421875 0.5906702953125 0.24330285312500002 0.5925036359375 0.243064771875 0.5940604546875 0.24571635781249998 0.597723790625 0.24727967187500002 0.597998540625 0.25125760625 0.6034936421875 0.2528220359375 0.6037685890625 0.25679885625 0.60926349375 0.25836328750000004 0.609538440625 0.2596885203125 0.6113700125 0.2612529515625 0.611644959375 0.2625793015625 0.6134767250000001 0.26883479062500004 0.6145761203125 0.27016002499999997 0.616407690625 0.27172445624999997 0.6166826390625 0.27305080625 0.6185144031250001 0.2746141203125 0.6187891546875 0.275940471875 0.6206209203124999 0.27750378750000004 0.6208956703124999 0.2828067125 0.6282239171875 0.2843711453125 0.6284988640625 0.29100066406249997 0.637657303125 0.290762584375 0.6392141203125 0.2923258984375 0.639488871875 0.29365224843750004 0.6413206375 0.2934141671875 0.64287745625 0.296065753125 0.6465407921875 0.29919349687499996 0.6470904890625 0.3005198484375 0.64892225625 0.30364759218750004 0.6494719531250001 0.3076252875 0.654968628125 0.3091886015625 0.65524338125 0.3105149515625 0.657075146875 0.3102768703125 0.6586319640625 0.31292845625 0.6622953015624999 0.314491771875 0.6625700515624999 0.31581812187499997 0.6644018171875 0.315580040625 0.6659586359375 0.316906390625 0.6677904015625 0.3184697046875 0.6680651515625 0.3237728734375 0.6753918234375 0.3253373046875 0.6756667703125 0.3266625390625 0.6774983421874999 0.32822696875 0.6777732890625 0.3322049046875 0.683268390625 0.3337682203125 0.683543140625 0.3377459125 0.6890398156249999 0.33931034375 0.6893147640625 0.3406355765625 0.6911463328125 0.3422000078125 0.6914212796875 0.3488284109375 0.700579521875 0.3503928421875 0.70085446875 0.3517191921875 0.7026862359375 0.3514811125 0.704243053125 0.3530444265625 0.7045178046875 0.35437077499999997 0.7063495703125 0.35593409062500003 0.7066243203125 0.357260440625 0.7084560875 0.35882375781250003 0.7087308375 0.36015010625 0.710562603125 0.3599120265625 0.7121194234375 0.3614764578125 0.7123943703125 0.3641278 0.716059278125 0.3656911140625 0.7163340296875 0.3670174640625 0.7181657968749999 0.366779384375 0.7197226156250001 0.36810461875 0.7215541859375 0.371232365625 0.7221038828124999 0.3752103 0.7275989843749999 0.37677472968750003 0.7278739328125 0.3780999640625 0.7297055015625 0.37966439375 0.7299804484375 0.380989628125 0.73181201875 0.382554059375 0.732086965625 0.3852056421875 0.7357503015625 0.3883333890625 0.7363000000000001 0.3896597375 0.738131765625 0.3990429734375 0.7397808593749999 0.4008454859375 0.7384989875 0.4024088 0.738773740625 0.40288496093750004 0.7356601015625001 0.401559725 0.7338285328125 0.40203588593750006 0.7307148953125 0.39673159999999996 0.7233880265625 0.39696968125 0.72183120625 0.3954063671875 0.72155645625 0.384799153125 0.70690134375 0.3832358390625 0.7066265921875 0.372628384375 0.6919730546875 0.369500640625 0.69142335625 0.36817564687500004 0.6895902109375001 0.366611215625 0.689315265625 0.36263328125 0.6838201640625 0.3610699671875 0.6835454140625 0.3584183828125 0.6798820765625 0.3586564625 0.6783252578125001 0.3573301125 0.6764934921875 0.35576679843750003 0.6762187421875 0.34515934375 0.661565203125 0.34359602968749997 0.6612904515625 0.339618334375 0.655793775 0.3380539046875 0.6555188281250001
1 0.33705487343749996 0.8615834703124999 0.3372929546875 0.8600266515625 0.3408968609375 0.8574627109374999 0.342461290625 0.8577376578125 0.34786659062499997 0.8538916515625001 0.34943102187499997 0.8541665984375 0.3512324171875 0.85288453125 0.351470496875 0.8513277109375 0.3550755203125 0.8487639687499999 0.3553136 0.84720715 0.3589175046875 0.8446432093749999 0.359155584375 0.843086390625 0.3609572203125 0.84180275 0.3611953 0.8402459296875 0.3647992046875 0.8376819921875001 0.3663636375 0.8379569390625001 0.3699675421875 0.8353929984375 0.3715319734375 0.835667946875 0.375135878125 0.8331040062499999 0.37669919375 0.8333787562499999 0.3803030984375 0.8308148187500001 0.3818675296875 0.831089765625 0.387273946875 0.8272439546875001 0.38883726093750004 0.8275187046875001 0.390639771875 0.8262368328124999 0.3922030859375 0.8265115843749999 0.39580810781250003 0.823947840625 0.397371421875 0.824222590625 0.39917417187500004 0.8229391453125 0.4007374875 0.8232138984375 0.40253999843750005 0.8219320265625001 0.4041033140625 0.8222067781250001 0.4059058234375 0.8209249046875 0.40903356874999997 0.821474603125 0.4108360796875 0.82019273125 0.413963825 0.8207424281250001 0.4157652203125 0.8194603624999999 0.42045739531250004 0.82028500625 0.42225990468749997 0.819003134375 0.4238232203125 0.8192778875 0.427427128125 0.816713946875 0.42899155625 0.81698889375 0.4307929515625 0.8157068265625 0.43235738437500004 0.8159817734375 0.43415877812500003 0.8146997062500001 0.43572320781249996 0.8149746531250001 0.43596128749999996 0.8134178343749999 0.4395651921875 0.81085389375 0.4398032734375 0.8092970765624999 0.4434071796875 0.8067331359375001 0.44364550156250004 0.80517474375 0.44544801093749997 0.803892871875 0.447352653125 0.7914383203125 0.4491540484375 0.7901562546875 0.4498682890625 0.785485796875 0.45167080156250006 0.7842039265625 0.4528614421875 0.7764182578125001 0.451535090625 0.7745864921875001 0.44997177656250004 0.7743117421875 0.44732019375 0.7706484062500001 0.4457557625 0.770373459375 0.444430528125 0.7685418875 0.4428660984375 0.7682669421874999 0.44021451406249995 0.7646036046875 0.43865008281250006 0.7643286578125 0.437324846875 0.7624970890625 0.4310693578125 0.7613976921875001 0.42926684687499994 0.7626795640624999 0.4277024171875 0.7624046156250001 0.422297115625 0.766250625 0.42134479531249996 0.7724778984375 0.419542284375 0.7737597703125 0.4193042046875 0.7753165890625 0.41750256874999997 0.7766002328125 0.4172644890625 0.7781570515625 0.4154619765625 0.7794389203125001 0.4152238953125 0.780995740625 0.40801608749999996 0.78612361875 0.40645165624999996 0.785848671875 0.40284775 0.7884126124999999 0.40128443437500005 0.7881378609375 0.40104635625 0.7896946796875 0.39023328125 0.7973878765625 0.388669965625 0.7971131265625 0.3814610390625 0.802240809375 0.379897725 0.8019660578125001 0.3780952140625 0.8032479296874999 0.377857134375 0.8048047468749999 0.3760557390625 0.8060868156250001 0.3744913078125 0.80581186875 0.3726899125 0.807093934375 0.3724518328125 0.8086507546874999 0.3670454171875 0.8124965640624999 0.3654809875 0.8122216171875 0.3564704234375 0.81863294375 0.354907109375 0.81835819375 0.34769929843749997 0.8234860703125 0.34613486718750003 0.8232111234374999 0.34072844999999996 0.8270569359375 0.3391651359375 0.826782184375 0.337362625 0.8280640546875 0.33712454375 0.829620875 0.33352063906249996 0.8321848140625001 0.33195732499999997 0.8319100640625001 0.3247481578125 0.8370393203125 0.32318484375 0.8367645687499999 0.32138233125000004 0.8380464390625001 0.3198190171875 0.8377716890625001 0.3162151125 0.840335628125 0.31465068125 0.84006068125 0.311046775 0.842624621875 0.3094823453125 0.8423496734375 0.30407704375 0.84619568125 0.30251261406249996 0.845920734375 0.300710103125 0.8472026046875 0.29914678906250003 0.8469278546875 0.2919389765625 0.8520557343749999 0.2903745453125 0.8517807875000001 0.286770640625 0.854344725 0.2852062109375 0.854069778125 0.2816020640625 0.8566352921875 0.281363984375 0.8581921109374999 0.27595868437500004 0.8620381187499999 0.275720603125 0.8635949374999999 0.2685116765625 0.8687226203125 0.2682735953125 0.8702794390624999 0.2664722015625 0.8715615046874999 0.26456731875 0.8840176312500001 0.265892553125 0.8858492015625 0.265654471875 0.8874060203124999 0.26830605625000004 0.8910693546875 0.2776904078125 0.89271864375 0.279491803125 0.891436578125 0.2797298828125 0.8898797593750001 0.2851362984375 0.886033946875 0.28670072968750004 0.8863088953125 0.2885021234375 0.8850268265624999 0.2887402046875 0.883470009375 0.2959482578125 0.8783405562500001 0.2961863375 0.8767837359374999 0.2997913578125 0.8742199921875 0.3013546734375 0.8744947453125 0.3067610890625 0.8706489312500001 0.3083244046875 0.870923684375 0.3155333296875 0.8657960031249999 0.320224390625 0.8666204515624999 0.3220269015625 0.8653385796874999 0.3235902171875 0.8656133296874999 0.32539272656249996 0.8643314578125001 0.3269571578125 0.8646064046875 0.3287585515625 0.8633243374999999 0.33032298125000004 0.8635992859374999 0.33212461718749997 0.8623156421875 0.3336890484375 0.8625905890625001 0.33549044375000003 0.861308521875 0.33705487343749996 0.8615834703124999
5 0.8137393578125 1 0.8168763968749999 0.9794867453125 0.6995809359375 0.9588721828125 0.693291365625 1 0.8137393578125 1
5 0.2314260671875 0.764680065625 0.23666407500000003 0.7304284796875 0.124059671875 0.7106383671875001 0.118821665625 0.7448899531250001 0.2314260671875 0.764680065625
5 0.6704039171875 0.53007166875 0.6754038437500001 0.4973769 0.562799440625 0.47758678750000005 0.5577995140625001 0.51028155625 0.6704039171875 0.53007166875
1 0.7610374515625 0.6515185265625 0.75923605625 0.6528005921875 0.7575692546874999 0.6636998984375 0.7588944875 0.6655314671875 0.7553230421875 0.6888853234375001 0.7535216484375 0.6901673921875 0.75484688125 0.6919989609375 0.75151351875 0.713795996875 0.7497121234375 0.715078065625 0.7489978828125 0.7197485234375 0.747195371875 0.7210303921875 0.7452904890625 0.7334865171875 0.7466168390625 0.7353182828125 0.746140678125 0.738431921875 0.7474659124999999 0.7402634906250001 0.7446087078125 0.758946890625 0.7428073125 0.7602289578125 0.7615737828125 0.763527146875 0.7641929078125 0.746400565625 0.76599541875 0.7451186937500001 0.7671858203124999 0.7373346015625 0.7689883296875 0.7360527296875 0.7699408921875001 0.7298238796875001 0.7717422875 0.7285418124999999 0.7724565265625001 0.7238713546875 0.7742590390624999 0.722589484375 0.7775924046875 0.700792446875 0.7793937984375 0.6995103796875 0.7896319734375 0.63256245 0.7833764828125 0.6314630546875 0.781573971875 0.632744925 0.78001065625 0.6324701734375 0.7782081468750001 0.6337520453125001 0.7750804015625 0.6332023484375 0.7696737437500001 0.6370497328125 0.769435665625 0.638606553125 0.7658317578125 0.641170490625 0.765593678125 0.642727309375 0.7637922828125 0.644009378125 0.763316121875 0.647123015625 0.7615136125 0.6484048875 0.7610374515625 0.6515185265625
4 0.12662313281249998 0.504848671875 0.1263850546875 0.506405490625 0.1245836578125 0.507687559375 0.11482164375 0.57152185 0.199274109375 0.5863642890625 0.20927420312499997 0.520973178125 0.2079478546875 0.5191414140624999 0.2063845390625 0.5188666609375 0.20373295468750002 0.515203325 0.202168525 0.514928378125 0.200843290625 0.513096809375 0.13359286406249998 0.5012776125 0.1317914703125 0.5025596796875 0.1302270390625 0.5022847328125 0.12662313281249998 0.504848671875
1 0.4149113984375 0.88805758125 0.41443523750000005 0.8911712203125 0.41263272500000003 0.8924530921875 0.4076327984375 0.9251478593750001 0.5421314171875 0.9487858593749999 0.5480836640625 0.9098638156250001 0.4167127921875 0.8867755140625 0.4149113984375 0.88805758125
5 0.7399408515625 0.9259956375 0.7358932453125 0.95246313125 0.7385448296875 0.9561264671874999 0.7349406828125 0.9586919796875 0.734464521875 0.9618056171875 0.9286212796875001 0.9959284765625 0.93457376875 0.957004859375 0.7419803265625 0.9231567515625001 0.7417422453125 0.9247135703125 0.7399408515625 0.9259956375
0 0.5503595609375 1 0.5541998125 0.9748884015625 0.27112605 0.9251384671875 0.2639179984375 0.93026791875 0.25607410625 0.981559509375 0.36099925 1 0.5503595609375 1
3 0.6598532406250001 0.7040814390625 0.6589009203125 0.7103087140625 0.6570984109375 0.7115905859375 0.65686033125 0.7131474046874999 0.65505781875 0.7144292765625 0.6545814171875 0.7175444890625 0.6527800218750001 0.7188265546875 0.6501611390625001 0.7359515625 0.651724453125 0.7362263140625 0.6530508046875 0.7380580796875 0.6494466562500001 0.7406235921875 0.647303934375 0.7546349625000001 0.708297753125 0.765354565625 0.722345453125 0.6734959609375 0.661351634375 0.662776359375 0.6561133875 0.69702951875 0.6587649718749999 0.7006928546875 0.6585268921874999 0.7022496734375 0.6598532406250001 0.7040814390625