4 0.47968702343749997 0.50781178125 0.47968702343749997 0.61718678125 0.5828122140625001 0.61718678125 0.5828122140625001 0.50781178125 0.47968702343749997 0.50781178125
0 0.1296870234375 0.740625 0.1296870234375 0.703125 0.09843816718750001 0.703125 0.09843816718750001 0.74218821875 0.128125190625 0.74218821875 0.1296870234375 0.740625
4 0.428125190625 0.55468678125 0.43125038125000004 0.5515632187499999 0.43125038125000004 0.46718678125 0.3328122140625 0.46718678125 0.3328122140625 0.559375 0.4015618328125 0.559375 0.40312519062499996 0.5578117812500001 0.4171877859375 0.5578117812500001 0.41874961875 0.55625 0.4234381671875 0.55625 0.425 0.55468678125 0.428125190625 0.55468678125
5 0.6546870234375 0.725 0.6546870234375 0.87656321875 0.9796870234374999 0.87656321875 0.9796870234374999 0.725 0.6546870234375 0.725
4 0.184375571875 0.12343821875000001 0.184375571875 0.19375 0.2640625953125 0.19375 0.2640625953125 0.12343821875000001 0.184375571875 0.12343821875000001
0 0.1046870234375 0.296875 0.1328122140625 0.296875 0.13593740468749999 0.29375 0.13593740468749999 0.29218678124999997 0.1375007640625 0.290625 0.1375007640625 0.25625 0.1046870234375 0.25625 0.1046870234375 0.296875
4 0.10625038125 0.46093821874999996 0.1078122140625 0.4625 0.1859374046875 0.4625 0.1859374046875 0.38125 0.1046870234375 0.38125 0.1046870234375 0.46093821874999996 0.10625038125 0.46093821874999996
0 0.0203129765625 0.625 0.021874809375000002 0.62343678125 0.028125190625 0.62343678125 0.028125190625 0.58593678125 0.0015618328125 0.58593678125 0.0015618328125 0.625 0.0203129765625 0.625
1 0.015624428125000001 0.31093821875 0.0171877859375 0.3125 0.01874961875 0.3125 0.021874809375000002 0.315625 0.0234381671875 0.315625 0.025 0.31718821875000003 0.028125190625 0.31718821875000003 0.0328122140625 0.321875 0.034375571875 0.321875 0.0359374046875 0.32343678124999997 0.0390625953125 0.32343678124999997 0.040624428125 0.325 0.0421877859375 0.325 0.0453129765625 0.328125 0.046874809375 0.328125 0.0484381671875 0.32968678125 0.0515618328125 0.32968678125 0.053125190625 0.33125 0.0546870234375 0.33125 0.059375571875 0.33593678125 0.0625007640625 0.33593678125 0.0640625953125 0.3375 0.0671877859375 0.3375 0.07031297656249999 0.340625 0.071874809375 0.340625 0.0734381671875 0.34218821875 0.075 0.34218821875 0.0765618328125 0.34375 0.0796870234375 0.34375 0.0828122140625 0.346875 0.084375571875 0.346875 0.0859374046875 0.34843821875000003 0.0890625953125 0.34843821875000003 0.090624428125 0.35 0.09687480937500001 0.35 0.1015618328125 0.34531178125 0.1015618328125 0.32968678125 0.1 0.328125 0.1 0.32656321875 0.09843816718750001 0.325 0.09843816718750001 0.32343678124999997 0.0953129765625 0.32031178125 0.09374961875 0.32031178125 0.0921877859375 0.31875 0.0890625953125 0.31875 0.0875007640625 0.31718821875000003 0.084375571875 0.31718821875000003 0.08125038125 0.31406178125 0.0796870234375 0.31406178125 0.078125190625 0.3125 0.075 0.3125 0.0734381671875 0.31093821875 0.071874809375 0.31093821875 0.07031297656249999 0.309375 0.06874961874999999 0.309375 0.0671877859375 0.30781178124999997 0.065624428125 0.30781178124999997 0.0640625953125 0.30625 0.0578122140625 0.30625 0.05625038125 0.30468678125 0.053125190625 0.30468678125 0.05 0.30156321875000003 0.0484381671875 0.30156321875000003 0.046874809375 0.3 0.043749618750000004 0.3 0.0421877859375 0.29843678125 0.040624428125 0.29843678125 0.037500764062500004 0.29531321875 0.0359374046875 0.29531321875 0.034375571875 0.29375 0.0328122140625 0.29375 0.028125190625 0.28906178125 0.025 0.28906178125 0.0234381671875 0.2875 0.021874809375000002 0.2875 0.0203129765625 0.28593821875000003 0.01874961875 0.28593821875000003 0.0171877859375 0.284375 0.0171877859375 0.28281178125 0.0125007640625 0.278125 0.0125007640625 0.271875 0.0015618328125 0.271875 0.0015618328125 0.30468678125 0.0031251906250000005 0.30468678125 0.0046870234375 0.30625 0.0078122140625000005 0.30625 0.010937404687500001 0.309375 0.0125007640625 0.309375 0.0140625953125 0.31093821875 0.015624428125000001 0.31093821875
0 0.5140625953125 0.71875 0.5171877859375 0.721875 0.51874961875 0.721875 0.5203129765625001 0.72343678125 0.534375571875 0.72343678125 0.5359374046875 0.721875 0.5375007640625 0.721875 0.540624428125 0.71875 0.540624428125 0.71718678125 0.5421877859374999 0.715625 0.5421877859374999 0.71093678125 0.5437496187499999 0.709375 0.5437496187499999 0.70781178125 0.5453129765625 0.70625 0.5453129765625 0.6875 0.5437496187499999 0.6875 0.5390625953125 0.6828117812500001 0.5109374046874999 0.6828117812500001 0.5109374046874999 0.684375 0.5093755718749999 0.68593678125 0.5078122140625 0.68593678125 0.5078122140625 0.715625 0.5093755718749999 0.71718678125 0.5109374046874999 0.71718678125 0.5125007640625 0.71875 0.5140625953125 0.71875
5 0.1015618328125 0.73906178125 0.1015618328125 0.80156178125 0.2515618328125 0.80156178125 0.2515618328125 0.73906178125 0.1015618328125 0.73906178125
1 0.5765618328125 0.76406178125 0.575 0.765625 0.571874809375 0.765625 0.5703129765625 0.76718821875 0.5671877859375 0.76718821875 0.565624428125 0.76875 0.5640625953125 0.76875 0.5625007640625 0.77031178125 0.5609374046875 0.77031178125 0.559375571875 0.771875 0.5578122140625 0.771875 0.55625038125 0.77343821875 0.5546870234375 0.77343821875 0.553125190625 0.775 0.55 0.775 0.5484381671875 0.77656321875 0.546874809375 0.77656321875 0.540624428125 0.78281321875 0.5390625953125 0.78281321875 0.5359374046875 0.78593678125 0.534375571875 0.78593678125 0.5328122140625 0.7875 0.5265618328125 0.7875 0.525 0.78906321875 0.5218748093750001 0.78906321875 0.5203129765625001 0.790625 0.5203129765625001 0.79218821875 0.51874961875 0.79375 0.5171877859375 0.79375 0.515624428125 0.79531178125 0.5140625953125 0.79531178125 0.5125007640625 0.796875 0.5125007640625 0.79843821875 0.5093755718749999 0.80156178125 0.5031251906249999 0.80156178125 0.5015618328125 0.803125 0.51874961875 0.803125 0.5203129765625001 0.80468821875 0.5203129765625001 0.80781321875 0.5171877859375 0.81093678125 0.515624428125 0.81093678125 0.5093755718749999 0.81718678125 0.5078122140625 0.81718678125 0.5 0.825 0.4984381671875 0.825 0.49531297656250006 0.828125 0.49374961875 0.828125 0.4921877859375 0.82968821875 0.490624428125 0.82968821875 0.4890625953125 0.83125 0.48593740468749996 0.83125 0.48437557187499997 0.83281178125 0.4828122140625 0.83281178125 0.4828122140625 0.834375 0.47968702343749997 0.8375 0.478125190625 0.8375 0.4765618328125 0.83906321875 0.475 0.83906321875 0.47031297656250004 0.84375 0.46874961875 0.84375 0.4671877859375 0.84531321875 0.46562442812500004 0.84531321875 0.4625007640625 0.84843678125 0.4609374046875 0.84843678125 0.459375571875 0.85 0.45625038125 0.85 0.45468702343749995 0.85156321875 0.4515618328125 0.85156321875 0.446874809375 0.85625 0.440624428125 0.85625 0.434375571875 0.8625 0.4296870234375 0.8625 0.428125190625 0.86406178125 0.4265618328125 0.86406178125 0.42187480937500005 0.86875 0.42031297656250005 0.86875 0.4171877859375 0.871875 0.415624428125 0.871875 0.4140625953125 0.87343678125 0.4125007640625 0.87343678125 0.41093740468749995 0.875 0.40937557187499996 0.875 0.4078122140625 0.87656321875 0.40625038125 0.87656321875 0.40312519062499996 0.87968678125 0.4015618328125 0.87968678125 0.4 0.88125 0.3984381671875 0.88125 0.3953129765625 0.884375 0.39374961875 0.884375 0.390624428125 0.8875 0.3875007640625 0.8875 0.38593740468750004 0.88906178125 0.38437557187500004 0.88906178125 0.3828122140625 0.890625 0.38125038125 0.890625 0.378125190625 0.89375 0.3765618328125 0.89375 0.375 0.89531178125 0.3734381671875 0.89531178125 0.3703129765625 0.89843821875 0.36874961875 0.89843821875 0.3671877859375 0.9 0.36562442812499996 0.9 0.36406259531249996 0.90156321875 0.3625007640625 0.90156321875 0.359375571875 0.90468678125 0.3578122140625 0.90468678125 0.35625038125 0.90625 0.3546870234375 0.90625 0.35 0.91093678125 0.346874809375 0.91093678125 0.3453129765625 0.9125 0.34374961875 0.9125 0.3421877859375 0.91406321875 0.340624428125 0.91406321875 0.33750076406249996 0.91718821875 0.3359374046875 0.91718821875 0.334375571875 0.91875 0.3328122140625 0.91875 0.3296870234375 0.921875 0.328125190625 0.921875 0.325 0.925 0.3234381671875 0.925 0.321874809375 0.92656178125 0.3203129765625 0.92656178125 0.31874961874999996 0.928125 0.31718778593749997 0.928125 0.31562442812499997 0.92968821875 0.31093740468750003 0.92968821875 0.30937557187500003 0.93125 0.3046870234375 0.93125 0.303125190625 0.93281321875 0.3015618328125 0.93281321875 0.3015618328125 0.96718678125 0.321874809375 0.96718678125 0.325 0.96406321875 0.3265618328125 0.96406321875 0.3296870234375 0.96093821875 0.33125038125 0.96093821875 0.3328122140625 0.959375 0.334375571875 0.959375 0.3390625953125 0.95468821875 0.340624428125 0.95468821875 0.3421877859375 0.953125 0.34374961875 0.953125 0.3453129765625 0.95156178125 0.346874809375 0.95156178125 0.35 0.94843821875 0.35312519062500003 0.94843821875 0.3546870234375 0.946875 0.35625038125 0.946875 0.359375571875 0.94375 0.3609374046875 0.94375 0.36406259531249996 0.940625 0.36562442812499996 0.940625 0.36874961875 0.9375 0.3703129765625 0.9375 0.371874809375 0.93593678125 0.3734381671875 0.93593678125 0.375 0.934375 0.3765618328125 0.934375 0.3796870234375 0.93125 0.38125038125 0.93125 0.3828122140625 0.92968821875 0.38437557187500004 0.92968821875 0.390624428125 0.92343821875 0.3921877859375 0.92343821875 0.39374961875 0.921875 0.3953129765625 0.921875 0.3984381671875 0.91875 0.4 0.91875 0.4015618328125 0.91718821875 0.40312519062499996 0.91718821875 0.40937557187499996 0.91093678125 0.41093740468749995 0.91093678125 0.4125007640625 0.909375 0.4140625953125 0.909375 0.4171877859375 0.90625 0.41874961875 0.90625 0.42031297656250005 0.90468678125 0.4234381671875 0.90468678125 0.425 0.903125 0.428125190625 0.903125 0.4296870234375 0.90156321875 0.43125038125000004 0.90156321875 0.43281221406250003 0.9 0.4390625953125 0.9 0.440624428125 0.89843821875 0.46562442812500004 0.89843821875 0.47031297656250004 0.89375 0.47187480937500004 0.89375 0.4734381671875 0.89218821875 0.475 0.89218821875 0.4765618328125 0.890625 0.47968702343749997 0.890625 0.48125038125 0.88906178125 0.48437557187499997 0.88906178125 0.48750076406250004 0.88593821875 0.490624428125 0.88593821875 0.49374961875 0.88281321875 0.49374961875 0.88125 0.49687480937500006 0.878125 0.5 0.878125 0.5031251906249999 0.875 0.5031251906249999 0.8625 0.5046870234374999 0.86093821875 0.5046870234374999 0.859375 0.50625038125 0.85781178125 0.50625038125 0.85468821875 0.5109374046874999 0.85 0.5109374046874999 0.84843678125 0.5218748093750001 0.8375 0.5234381671875 0.8375 0.525 0.83593821875 0.5265618328125 0.83593821875 0.5328122140625 0.82968821875 0.534375571875 0.82968821875 0.5421877859374999 0.821875 0.5437496187499999 0.821875 0.553125190625 0.8125 0.5546870234375 0.8125 0.55625038125 0.81093678125 0.5578122140625 0.81093678125 0.5640625953125 0.80468821875 0.565624428125 0.80468821875 0.5703129765625 0.8 0.571874809375 0.8 0.5734381671875 0.79843821875 0.575 0.79843821875 0.5765618328125 0.796875 0.578125190625 0.796875 0.5828122140625001 0.79218821875 0.584375571875 0.79218821875 0.590624428125 0.78593678125 0.5921877859375 0.78593678125 0.59374961875 0.784375 0.59374961875 0.78281321875 0.5953129765625 0.78125 0.596874809375 0.78125 0.6031251906249999 0.775 0.6031251906249999 0.77343821875 0.6046870234374999 0.771875 0.6046870234374999 0.77031178125 0.609375571875 0.765625 0.6109374046875 0.765625 0.6125007640625 0.76406178125 0.6125007640625 0.7625 0.6140625953125001 0.76093821875 0.6140625953125001 0.759375 0.6125007640625 0.75781321875 0.60625038125 0.75781321875 0.6046870234374999 0.75625 0.6 0.75625 0.5984381671875 0.75781321875 0.5953129765625 0.75781321875 0.5921877859375 0.76093821875 0.5890625953125 0.76093821875 0.5875007640625001 0.7625 0.5812503812500001 0.7625 0.5796870234375 0.76406178125 0.5765618328125 0.76406178125
0 0.19218778593750002 0.67343821875 0.19374961875000002 0.671875 0.1953129765625 0.671875 0.1953129765625 0.63281178125 0.159375571875 0.63281178125 0.159375571875 0.67343821875 0.19218778593750002 0.67343821875
5 0.175 0.91718821875 0.17656183281249999 0.91875 0.178125190625 0.91718821875 0.23125038125000003 0.91718821875 0.23281221406250002 0.915625 0.23437557187500002 0.915625 0.23593740468750002 0.91718821875 0.24218778593749998 0.91718821875 0.24374961874999998 0.91875 0.265624428125 0.91875 0.265624428125 0.88125 0.0015618328125 0.88125 0.0015618328125 0.91875 0.15625038125 0.91875 0.15781221406249998 0.91718821875 0.1609374046875 0.91718821875 0.1625007640625 0.91875 0.165624428125 0.91875 0.1671877859375 0.91718821875 0.175 0.91718821875
0 0.0171877859375 0.19218821875 0.01874961875 0.190625 0.01874961875 0.18281178125 0.0171877859375 0.18125 0.0171877859375 0.17656178125 0.015624428125000001 0.175 0.015624428125000001 0.17343678125 0.0015618328125 0.17343678125 0.0015618328125 0.21406178125 0.010937404687500001 0.21406178125 0.0125007640625 0.2125 0.0125007640625 0.21093821875000002 0.015624428125000001 0.20781321875 0.015624428125000001 0.20468678125 0.0171877859375 0.203125 0.0171877859375 0.19218821875
3 0.6046870234374999 0.725 0.6046870234374999 0.77656321875 0.64374961875 0.77656321875 0.64374961875 0.725 0.6046870234374999 0.725
2 0.0203129765625 0.528125 0.021874809375000002 0.52968678125 0.025 0.52968678125 0.026561832812500002 0.53125 0.028125190625 0.53125 0.0328122140625 0.5359382187499999 0.034375571875 0.5359382187499999 0.0359374046875 0.5375 0.037500764062500004 0.5375 0.0390625953125 0.53906178125 0.040624428125 0.53906178125 0.0421877859375 0.540625 0.043749618750000004 0.540625 0.0453129765625 0.5421867812500001 0.0484381671875 0.5421867812500001 0.05 0.54375 0.053125190625 0.54375 0.05625038125 0.546875 0.0578122140625 0.546875 0.059375571875 0.54843821875 0.060937404687499995 0.54843821875 0.0625007640625 0.55 0.0640625953125 0.55 0.0671877859375 0.553125 0.06874961874999999 0.553125 0.07031297656249999 0.55468678125 0.071874809375 0.55468678125 0.0734381671875 0.55625 0.075 0.55625 0.0765618328125 0.5578117812500001 0.078125190625 0.5578117812500001 0.0796870234375 0.559375 0.08125038125 0.559375 0.0828122140625 0.56093678125 0.0859374046875 0.56093678125 0.0875007640625 0.5625 0.0890625953125 0.5625 0.090624428125 0.56406321875 0.09687480937500001 0.56406321875 0.09843816718750001 0.565625 0.1015618328125 0.565625 0.103125190625 0.5671882187499999 0.10625038125 0.5671882187499999 0.1078122140625 0.56875 0.109375571875 0.56875 0.11250076406250001 0.571875 0.1140625953125 0.571875 0.115624428125 0.5734367812500001 0.12031297656249999 0.5734367812500001 0.12187480937499999 0.575 0.1265618328125 0.575 0.1296870234375 0.578125 0.1296870234375 0.57968821875 0.134375571875 0.584375 0.13593740468749999 0.584375 0.1375007640625 0.58593678125 0.1390625953125 0.58593678125 0.140624428125 0.5875 0.1453129765625 0.5875 0.146874809375 0.5890617812500001 0.1484381671875 0.5890617812500001 0.15 0.590625 0.1515618328125 0.590625 0.15312519062500002 0.59218678125 0.15625038125 0.59218678125 0.15781221406249998 0.59375 0.159375571875 0.59375 0.1640625953125 0.5984382187499999 0.1671877859375 0.5984382187499999 0.16874961875 0.6 0.1703129765625 0.6 0.1734381671875 0.603125 0.175 0.603125 0.17656183281249999 0.6046867812500001 0.178125190625 0.6046867812500001 0.1796870234375 0.60625 0.18125038124999998 0.60625 0.1875007640625 0.6125 0.1890625953125 0.6125 0.190624428125 0.6140632187499999 0.19218778593750002 0.6140632187499999 0.19374961875000002 0.615625 0.1953129765625 0.615625 0.196874809375 0.61718678125 0.19843816718750001 0.61718678125 0.2046870234375 0.62343678125 0.2046870234375 0.625 0.20625038125 0.62656321875 0.20625038125 0.628125 0.2078122140625 0.6296882187499999 0.23125038125000003 0.6296882187499999 0.23281221406250002 0.63125 0.23437557187500002 0.63125 0.23593740468750002 0.63281178125 0.23750076406249998 0.63281178125 0.24062442812499998 0.6359367812500001 0.24218778593749998 0.6359367812500001 0.24374961874999998 0.6375 0.246874809375 0.6375 0.25 0.640625 0.2515618328125 0.640625 0.253125190625 0.64218821875 0.2546870234375 0.64218821875 0.25625038125 0.64375 0.2578122140625 0.64375 0.2625007640625 0.64843678125 0.265624428125 0.64843678125 0.2671877859375 0.65 0.2703129765625 0.65 0.27187480937499997 0.6515617812500001 0.2734381671875 0.6515617812500001 0.275 0.653125 0.2765618328125 0.653125 0.28125038125 0.65781321875 0.28125038125 0.6609382187499999 0.2828122140625 0.6625 0.2828122140625 0.67343821875 0.2859374046875 0.67343821875 0.28750076406249997 0.671875 0.290624428125 0.671875 0.29374961875 0.66875 0.2953129765625 0.66875 0.296874809375 0.6671867812500001 0.31093740468750003 0.6671867812500001 0.31406259531249997 0.67031178125 0.31562442812499997 0.67031178125 0.31874961874999996 0.67343821875 0.3203129765625 0.67343821875 0.321874809375 0.675 0.325 0.675 0.3265618328125 0.6765632187499999 0.328125190625 0.6765632187499999 0.3296870234375 0.678125 0.334375571875 0.678125 0.3359374046875 0.67968678125 0.346874809375 0.67968678125 0.3484381671875 0.68125 0.3515618328125 0.68125 0.35312519062500003 0.6828117812500001 0.3546870234375 0.6828117812500001 0.35625038125 0.684375 0.3578122140625 0.684375 0.359375571875 0.68593678125 0.3765618328125 0.68593678125 0.378125190625 0.6875 0.3828122140625 0.6875 0.38437557187500004 0.68906321875 0.3875007640625 0.68906321875 0.3890625953125 0.690625 0.3921877859375 0.690625 0.39374961875 0.6921882187499999 0.3984381671875 0.6921882187499999 0.4 0.69375 0.40312519062499996 0.69375 0.40468702343749996 0.69531178125 0.40625038125 0.69531178125 0.4078122140625 0.696875 0.41093740468749995 0.696875 0.4125007640625 0.6984367812500001 0.4171877859375 0.6984367812500001 0.41874961875 0.7 0.42031297656250005 0.7 0.4234381671875 0.703125 0.425 0.703125 0.4265618328125 0.70468821875 0.43125038125000004 0.70468821875 0.43281221406250003 0.70625 0.434375571875 0.70625 0.4359374046875 0.70781178125 0.43750076406250005 0.70781178125 0.4390625953125 0.709375 0.44374961874999996 0.709375 0.4453129765625 0.71093678125 0.46562442812500004 0.71093678125 0.4671877859375 0.7125 0.47187480937500004 0.7125 0.475 0.715625 0.478125190625 0.715625 0.47968702343749997 0.71718678125 0.4828122140625 0.71718678125 0.48437557187499997 0.71875 0.48593740468749996 0.71875 0.4890625953125 0.721875 0.5015618328125 0.721875 0.5031251906249999 0.72343678125 0.515624428125 0.72343678125 0.5171877859375 0.725 0.5171877859375 0.72656178125 0.5203129765625001 0.7296867812500001 0.5218748093750001 0.7296867812500001 0.5234381671875 0.73125 0.528125190625 0.73125 0.5296870234375 0.73281178125 0.5296870234375 0.734375 0.5328122140625 0.7375 0.534375571875 0.7375 0.5390625953125 0.74218821875 0.5421877859374999 0.74218821875 0.5437496187499999 0.74375 0.5484381671875 0.74375 0.55 0.7453117812500001 0.553125190625 0.7453117812500001 0.5546870234375 0.746875 0.5578122140625 0.746875 0.559375571875 0.74843678125 0.5625007640625 0.74843678125 0.5640625953125 0.75 0.56874961875 0.75 0.5703129765625 0.75156321875 0.571874809375 0.75156321875 0.5734381671875 0.753125 0.575 0.753125 0.578125190625 0.75625 0.578125190625 0.759375 0.5765618328125 0.76093821875 0.575 0.76093821875 0.565624428125 0.77031178125 0.5640625953125 0.77031178125 0.5609374046875 0.77343821875 0.559375571875 0.77343821875 0.55625038125 0.77656321875 0.5546870234375 0.77656321875 0.5546870234375 0.778125 0.5437496187499999 0.78906321875 0.5437496187499999 0.790625 0.5453129765625 0.79218821875 0.546874809375 0.79218821875 0.5515618328125 0.796875 0.55 0.79843821875 0.55 0.8 0.546874809375 0.803125 0.546874809375 0.809375 0.5484381671875 0.80781321875 0.5578122140625 0.80781321875 0.5625007640625 0.803125 0.5640625953125 0.803125 0.565624428125 0.80156178125 0.56874961875 0.80156178125 0.5703129765625 0.8 0.571874809375 0.8 0.5734381671875 0.79843821875 0.5765618328125 0.79843821875 0.578125190625 0.796875 0.5796870234375 0.796875 0.5812503812500001 0.79531178125 0.5828122140625001 0.79531178125 0.5859374046875 0.79218821875 0.5875007640625001 0.79218821875 0.5921877859375 0.7875 0.59374961875 0.7875 0.596874809375 0.784375 0.5984381671875 0.784375 0.5984381671875 0.78281321875 0.6 0.78125 0.6015618328125 0.78125 0.6046870234374999 0.778125 0.6046870234374999 0.77656321875 0.6078122140625 0.77343821875 0.609375571875 0.77343821875 0.6109374046875 0.771875 0.6156244281250001 0.771875 0.6171877859375 0.77031178125 0.6218748093750001 0.77031178125 0.6234381671875 0.76875 0.6234381671875 0.734375 0.6218748093750001 0.73281178125 0.6203129765625001 0.73281178125 0.6171877859375 0.73593821875 0.6156244281250001 0.73593821875 0.6125007640625 0.73906178125 0.6109374046875 0.73906178125 0.6078122140625 0.74218821875 0.6046870234374999 0.74218821875 0.6031251906249999 0.74375 0.6015618328125 0.74375 0.6 0.74218821875 0.596874809375 0.74218821875 0.5953129765625 0.740625 0.59374961875 0.740625 0.5921877859375 0.73906178125 0.5890625953125 0.73906178125 0.5875007640625001 0.7375 0.584375571875 0.7375 0.5828122140625001 0.73593821875 0.5796870234375 0.73593821875 0.578125190625 0.734375 0.5765618328125 0.734375 0.575 0.73281178125 0.571874809375 0.73281178125 0.5703129765625 0.73125 0.5671877859375 0.73125 0.565624428125 0.7296867812500001 0.5640625953125 0.7296867812500001 0.5625007640625 0.728125 0.5609374046875 0.728125 0.559375571875 0.72656178125 0.553125190625 0.72656178125 0.5515618328125 0.725 0.55 0.725 0.5453129765625 0.72031321875 0.5359374046875 0.72031321875 0.534375571875 0.721875 0.53125038125 0.721875 0.5296870234375 0.72343678125 0.5234381671875 0.72343678125 0.5218748093750001 0.721875 0.5203129765625001 0.721875 0.51874961875 0.72031321875 0.515624428125 0.72031321875 0.5140625953125 0.71875 0.5109374046874999 0.71875 0.5093755718749999 0.71718678125 0.5078122140625 0.71718678125 0.5031251906249999 0.7125 0.4984381671875 0.7125 0.49687480937500006 0.71093678125 0.4890625953125 0.71093678125 0.48750076406250004 0.709375 0.48593740468749996 0.709375 0.48437557187499997 0.70781178125 0.4828122140625 0.70781178125 0.48125038125 0.70625 0.478125190625 0.70625 0.4765618328125 0.70468821875 0.475 0.70468821875 0.47187480937500004 0.70156178125 0.46874961875 0.70156178125 0.4671877859375 0.7 0.46406259531250005 0.7 0.459375571875 0.69531178125 0.45625038125 0.69531178125 0.45468702343749995 0.69375 0.45 0.69375 0.4484381671875 0.6921882187499999 0.446874809375 0.6921882187499999 0.44374961874999996 0.68906321875 0.44218778593749997 0.68906321875 0.440624428125 0.6875 0.4390625953125 0.6875 0.434375571875 0.6828117812500001 0.43281221406250003 0.6828117812500001 0.43125038125000004 0.68125 0.4265618328125 0.68125 0.425 0.67968678125 0.4234381671875 0.67968678125 0.42187480937500005 0.678125 0.42031297656250005 0.678125 0.41874961875 0.6765632187499999 0.4171877859375 0.6765632187499999 0.415624428125 0.675 0.4125007640625 0.675 0.41093740468749995 0.67343821875 0.4078122140625 0.67343821875 0.40625038125 0.671875 0.40468702343749996 0.671875 0.40312519062499996 0.67031178125 0.4 0.67031178125 0.3984381671875 0.66875 0.3828122140625 0.66875 0.38125038125 0.6671867812500001 0.3765618328125 0.6671867812500001 0.375 0.665625 0.3734381671875 0.665625 0.371874809375 0.66406178125 0.3671877859375 0.66406178125 0.36562442812499996 0.6625 0.3625007640625 0.6625 0.3609374046875 0.6609382187499999 0.359375571875 0.6609382187499999 0.3546870234375 0.65625 0.35312519062500003 0.65625 0.346874809375 0.65 0.34374961875 0.65 0.3421877859375 0.64843678125 0.3390625953125 0.64843678125 0.3359374046875 0.6453132187499999 0.334375571875 0.6453132187499999 0.3328122140625 0.64375 0.33125038125 0.64375 0.3296870234375 0.64218821875 0.3265618328125 0.64218821875 0.325 0.640625 0.3234381671875 0.640625 0.321874809375 0.63906178125 0.3125007640625 0.63906178125 0.31093740468750003 0.6375 0.303125190625 0.6375 0.3015618328125 0.6359367812500001 0.3 0.6359367812500001 0.296874809375 0.63281178125 0.2953129765625 0.63281178125 0.29374961875 0.63125 0.290624428125 0.63125 0.2890625953125 0.6296882187499999 0.28750076406249997 0.6296882187499999 0.2859374046875 0.628125 0.284375571875 0.628125 0.2828122140625 0.62656321875 0.2796870234375 0.62656321875 0.278125190625 0.625 0.2734381671875 0.625 0.27187480937499997 0.62343678125 0.26874961875 0.62343678125 0.265624428125 0.6203117812500001 0.2625007640625 0.6203117812500001 0.26093740468750004 0.61875 0.2578122140625 0.61875 0.25625038125 0.61718678125 0.2546870234375 0.61718678125 0.253125190625 0.615625 0.2515618328125 0.615625 0.25 0.6140632187499999 0.2484381671875 0.6140632187499999 0.246874809375 0.6125 0.24374961874999998 0.6125 0.24218778593749998 0.61093821875 0.24062442812499998 0.61093821875 0.2390625953125 0.609375 0.23750076406249998 0.609375 0.23437557187500002 0.60625 0.23281221406250002 0.60625 0.228125190625 0.60156178125 0.2265618328125 0.60156178125 0.225 0.6 0.2234381671875 0.6 0.21874961874999999 0.59531321875 0.2171877859375 0.59531321875 0.215624428125 0.59375 0.2140625953125 0.59375 0.21250076406249999 0.59218678125 0.21093740468750002 0.59218678125 0.2078122140625 0.5890617812500001 0.20625038125 0.5890617812500001 0.2046870234375 0.5875 0.2015618328125 0.5875 0.2 0.58593678125 0.19843816718750001 0.58593678125 0.1953129765625 0.5828132187499999 0.19374961875000002 0.5828132187499999 0.19218778593750002 0.58125 0.190624428125 0.58125 0.1890625953125 0.57968821875 0.1875007640625 0.57968821875 0.18281221406249998 0.575 0.1796870234375 0.575 0.178125190625 0.5734367812500001 0.17656183281249999 0.5734367812500001 0.171874809375 0.56875 0.16874961875 0.56875 0.1671877859375 0.5671882187499999 0.1640625953125 0.5671882187499999 0.159375571875 0.5625 0.15312519062500002 0.5625 0.1515618328125 0.56093678125 0.146874809375 0.56093678125 0.134375571875 0.54843821875 0.1296870234375 0.54843821875 0.128125190625 0.546875 0.1265618328125 0.546875 0.125 0.54843821875 0.11874961875000001 0.54843821875 0.11718778593750001 0.546875 0.1140625953125 0.546875 0.11250076406250001 0.54531178125 0.11093740468749999 0.54531178125 0.109375571875 0.54375 0.103125190625 0.54375 0.09843816718750001 0.53906178125 0.09687480937500001 0.53906178125 0.0953129765625 0.5375 0.09374961875 0.5375 0.0921877859375 0.5359382187499999 0.090624428125 0.5359382187499999 0.084375571875 0.52968678125 0.0828122140625 0.52968678125 0.0765618328125 0.52343678125 0.075 0.52343678125 0.07031297656249999 0.51875 0.06874961874999999 0.51875 0.0671877859375 0.51718821875 0.065624428125 0.51718821875 0.0625007640625 0.51406178125 0.060937404687499995 0.51406178125 0.059375571875 0.5125 0.05625038125 0.5125 0.0546870234375 0.5109367812500001 0.0515618328125 0.5109367812500001 0.0484381671875 0.50781178125 0.046874809375 0.50781178125 0.0453129765625 0.50625 0.040624428125 0.50625 0.0390625953125 0.5046882187499999 0.0359374046875 0.5046882187499999 0.034375571875 0.503125 0.0031251906250000005 0.503125 0.0031251906250000005 0.52343678125 0.009375571874999999 0.52343678125 0.010937404687500001 0.525 0.0140625953125 0.525 0.015624428125000001 0.5265617812500001 0.0171877859375 0.5265617812500001 0.01874961875 0.528125 0.0203129765625 0.528125
1 0.1734381671875 0.44375 0.1734381671875 0.475 0.23437557187500002 0.475 0.23437557187500002 0.44375 0.1734381671875 0.44375
0 0.109375571875 0.55468678125 0.11093740468749999 0.55625 0.11250076406250001 0.55625 0.115624428125 0.559375 0.11718778593750001 0.559375 0.11874961875000001 0.56093678125 0.12031297656249999 0.56093678125 0.12187480937499999 0.5625 0.1234381671875 0.5625 0.1265618328125 0.565625 0.1453129765625 0.565625 0.146874809375 0.56406321875 0.146874809375 0.56093678125 0.1484381671875 0.559375 0.1484381671875 0.55625 0.146874809375 0.55468678125 0.146874809375 0.5515632187499999 0.1453129765625 0.55 0.1453129765625 0.546875 0.14374961875 0.54531178125 0.14374961875 0.54375 0.1421877859375 0.5421867812500001 0.1421877859375 0.540625 0.13593740468749999 0.534375 0.134375571875 0.534375 0.1328122140625 0.53281321875 0.1296870234375 0.53281321875 0.128125190625 0.53125 0.1234381671875 0.53125 0.12187480937499999 0.52968678125 0.12031297656249999 0.52968678125 0.115624428125 0.525 0.109375571875 0.525 0.1078122140625 0.52343678125 0.09843816718750001 0.52343678125 0.0953129765625 0.5265617812500001 0.0953129765625 0.5421867812500001 0.09843816718750001 0.54531178125 0.09843816718750001 0.546875 0.1 0.54843821875 0.1015618328125 0.54843821875 0.1078122140625 0.55468678125 0.109375571875 0.55468678125