3 0.30600127499999996 0.5150880625 0.21876913281250002 0.5150880625 0.21876913281250002 0.6496086109375 0.30600127499999996 0.6496086109375 0.30600127499999996 0.5150880625
3 0.454508928125 0.1174168296875 0.3669961734375 0.1174168296875 0.3669961734375 0.26426614531250003 0.454508928125 0.26426614531250003 0.454508928125 0.1174168296875
3 0.5439668375 0.1245401171875 0.21335459218750003 0.1245401171875 0.21335459218750003 0.655342465625 0.5439668375 0.655342465625 0.5439668375 0.1245401171875
1 0.404163265625 0.530657534375 0.404163265625 0.6027945203125 0.52435841875 0.5044540125 0.5223214281249999 0.43515068437500004 0.404163265625 0.530657534375
1 0.4061211734375 0.5336438359375 0.2897614796875 0.630287671875 0.286164540625 0.7057495109375 0.40327678593750005 0.6108943250000001 0.4061211734375 0.5336438359375
1 0.2884426015625 0.6745029359375 0.233382653125 0.713536203125 0.291366071875 0.85126223125 0.35117729531249997 0.8040665359375 0.2884426015625 0.6745029359375
1 0.5223469390625 0.4238806265625 0.5236913265625 0.512273971875 0.9831007656249999 0.1102152640625 0.982258928125 0.0167749515625 0.5223469390625 0.4238806265625
3 0.763915815625 0.12829745625 0.6972831625 0.12829745625 0.6972831625 0.2094324859375 0.763915815625 0.2094324859375 0.763915815625 0.12829745625
1 0.2300280609375 0.8697534250000001 0.2275752546875 0.9696203515624999 0.9987244890625 0.279305284375 0.9987244890625 0.187168296875 0.2300280609375 0.8697534250000001
1 0.1754119890625 0.0021193734374999997 0.1770114796875 0.26082583125 0.23159056093750002 0.3031291578125 0.23543112187499998 0.000708415625 0.1754119890625 0.0021193734374999997
1 0.336320153125 0.0837045015625 0.24301147968749998 0.0825205484375 0.2435943875 0.164465753125 0.3384323984375 0.166113503125 0.336320153125 0.0837045015625
1 0.33089030625000004 0.1726281796875 0.2882372453125 0.1717182 0.28889030625 0.3455499015625 0.3344744890625 0.3808591 0.33089030625000004 0.1726281796875
4 0.5496364796875 0.1991780828125 0.49061862187500005 0.1991780828125 0.49061862187500005 0.2927592953125 0.5496364796875 0.2927592953125 0.5496364796875 0.1991780828125
4 0.6378954078125 0.4590117421875 0.5794770406249999 0.4590117421875 0.5794770406249999 0.5478375734375 0.6378954078125 0.5478375734375 0.6378954078125 0.4590117421875
4 0.402117346875 0.6619178078125 0.3397704078125 0.6619178078125 0.3397704078125 0.751272015625 0.402117346875 0.751272015625 0.402117346875 0.6619178078125
0 0.212334184375 0.41267123281250007 0.1324872453125 0.41267123281250007 0.1324872453125 0.4713992171875 0.212334184375 0.4713992171875 0.212334184375 0.41267123281250007
0 0.5946045921875001 0.0439236796875 0.5159821421874999 0.0439236796875 0.5159821421874999 0.10957925625 0.5946045921875001 0.10957925625 0.5946045921875001 0.0439236796875
0 0.10187500000000001 0.2407925640625 0.023992346875 0.2407925640625 0.023992346875 0.3016731890625 0.10187500000000001 0.3016731890625 0.10187500000000001 0.2407925640625
2 0.2996543375 0.51545596875 0.2989247453125 0.5485107625000001 0.9155994890624999 0.0195225046875 0.9104145406249999 0.001342465625 0.41485586718749995 0.42483561718749996 0.417039540625 0.2602778859375 0.40221811250000006 0.26110176093750004 0.3997244890625 0.43849315000000005 0.2996543375 0.51545596875
1 0.3616071421875 0.42099217187500004 0.296022959375 0.46906262187500003 0.29801403125000003 0.522641878125 0.36726275468749997 0.4631643828125 0.3616071421875 0.42099217187500004
1 0.032656887499999995 0.2952681015625 0.028821428125 0.338150684375 0.14807653125 0.3472759296875 0.1501760203125 0.29779843437500003 0.032656887499999995 0.2952681015625