3 0.179846771875 0.2790137390625 0.137445490625 0.2869901765625 0.149441609375 0.3527020328125 0.1918428890625 0.34472559375 0.179846771875 0.2790137390625
3 0.07177235625 0.0810857328125 0.0817783890625 0.1358963859375 0.12239805156250001 0.128255103125 0.1123920171875 0.07344445 0.07177235625 0.0810857328125
3 0.35049558593749996 0.36461455 0.3179892625 0.3707295703125 0.327045209375 0.42033587656250004 0.35955153281249996 0.41422085781250007 0.35049558593749996 0.36461455
3 0.532610965625 0.7041456015625001 0.486527221875 0.712814775 0.4976223796875 0.7735913859375 0.5437061234375 0.7649222124999999 0.532610965625 0.7041456015625001
3 0.696090190625 0.7876237125000001 0.6696109140625001 0.7926049374999999 0.6795622609375 0.847116021875 0.7060415359375 0.8421347984375 0.696090190625 0.7876237125000001
3 0.8337603140625 0.9544868453124999 0.8313132624999999 0.941082478125 0.7923891249999999 0.9484048046875 0.7948361765625 0.9618091703125 0.8337603140625 0.9544868453124999
3 0.5565711359375001 0.5163301296875 0.43000973125 0.5401385875 0.4746480453125 0.7846565531249999 0.6012094484375 0.760848096875 0.5565711359375001 0.5163301296875
3 0.20900474375 0.08646019687499999 0.0933052734375 0.10822532968750001 0.13888903749999998 0.35792225625 0.2545885078125 0.336157121875 0.20900474375 0.08646019687499999
2 0.793883734375 0.961988340625 0.7949160703125 0.9617941406250001 0.8036614562500001 0.9445417375 0.1204239328125 0.117512653125 0.11281357031249999 0.13588128906250002 0.16457095625 0.19425198906250002 0.1595198859375 0.2827672140625 0.173093146875 0.2887311796875 0.1768573765625 0.20853001718750003 0.5180575546874999 0.618263765625 0.5127207515625 0.700583128125 0.5253730937500001 0.7112179578125 0.5293340734374999 0.6328000484375 0.793883734375 0.961988340625
4 0.23854574843749998 0.284735096875 0.205867221875 0.2908825109375 0.21490463124999998 0.3403872703125 0.24758315625 0.33423985625 0.23854574843749998 0.284735096875
4 0.29257150468750004 0.1702925421875 0.26112488125 0.1762082140625 0.2697878171875 0.22366169687499998 0.301234440625 0.217746025 0.29257150468750004 0.1702925421875
4 0.1453685859375 0.06724097031250001 0.1475375625 0.0791221125 0.1805141296875 0.07291863125 0.17834515312500002 0.061037489062500005 0.1453685859375 0.06724097031250001
4 0.426275625 0.547059146875 0.3947097828125 0.5529972453124999 0.4040104359375 0.6039439890625 0.43557627656250003 0.598005890625 0.426275625 0.547059146875
4 0.6398017453125 0.59319883125 0.6098453234375001 0.5988341671875 0.6185527515625 0.6465313671875 0.648509171875 0.6408960296874999 0.6398017453125 0.59319883125
4 0.5884255406250001 0.7065442546875 0.5566278921875 0.7125259609375 0.565669009375 0.7620510296874999 0.5974666578125001 0.7560693234375 0.5884255406250001 0.7065442546875
1 0 0.213353109375 0.028013787499999998 0.226432028125 0.029625071875 0.1951056 0 0.1835332375 0 0.213353109375
0 0 0.24083713437499998 0.0039421203125 0.2421886453125 0.0044446546875 0.20738929375 0 0.2058697296875 0 0.24083713437499998
0 0.2629310609375 0.38979235156250003 0.2202827375 0.380647190625 0.21994128906250002 0.41736464843750004 0.26314892031250003 0.4294684796875 0.2629310609375 0.38979235156250003
0 0.43373445468750005 0.5148952828125 0.395067640625 0.46938355625000006 0.3950753765625 0.510100203125 0.4312284296875 0.552522003125 0.43373445468750005 0.5148952828125
0 0.36236609531249997 0.6306980953125 0.31883714531249996 0.615944790625 0.3196530203125 0.6537406734375 0.36095170468750004 0.6666605171875 0.36236609531249997 0.6306980953125
0 0.61342708125 0.8121851234375 0.5673936187499999 0.7947340359374999 0.568818 0.8328723531250001 0.612759590625 0.84978844375 0.61342708125 0.8121851234375
0 0.738589365625 0.8897439859375 0.7371023484375 0.927646421875 0.7695222875 0.9665711640625 0.77394933125 0.9657383578125 0.7763826921875 0.9307186328125001 0.738589365625 0.8897439859375
1 0.0698373046875 0.2390220625 0.040672475 0.2484494234375 0.034631918750000004 0.3974286234375 0.0660080359375 0.38226312500000004 0.0698373046875 0.2390220625
1 0.1244497796875 0.31883751875 0.07720124687499999 0.3014364484375 0.073601015625 0.3411974640625 0.12246525781249999 0.3555458078125 0.1244497796875 0.31883751875
1 0.10294329843750001 0.22017210625 0.1002177828125 0.3208520265625 0.1265903609375 0.3148247625 0.127645790625 0.21139092499999998 0.10294329843750001 0.22017210625
0 0.068292428125 0.138831421875 0.023739925000000002 0.1279353578125 0.02388279375 0.160592409375 0.06724745 0.17430315624999998 0.068292428125 0.138831421875
1 0.11162260312500001 0.073589190625 0.17192590937500002 0.14581454062500002 0.174453853125 0.1076249046875 0.138530965625 0.0685272484375 0.11162260312500001 0.073589190625
1 0.172409821875 0.144446275 0.23274282500000001 0.21852936875 0.234854078125 0.175126428125 0.1729655359375 0.1039303375 0.172409821875 0.144446275
1 0.23443342031249997 0.17316366875 0.23160942968749998 0.21564193125000003 0.4680962125 0.5066729265625 0.4695448671875 0.45939277343749996 0.23443342031249997 0.17316366875
1 0.467474034375 0.502086475 0.52519349375 0.565602025 0.5311715953125 0.5295825093750001 0.47485133125 0.46293522343750004 0.467474034375 0.502086475
1 0.5293764515625 0.5270779437499999 0.52665784375 0.576846859375 0.5822709296874999 0.6459810265625 0.5841840031250001 0.5964077624999999 0.5293764515625 0.5270779437499999
1 0.5814209578125 0.6459182453125 0.8053362265624999 0.9087635109375001 0.8084013562499999 0.870045328125 0.5830141203125 0.59491155625 0.5814209578125 0.6459182453125
1 0.8234226343750001 0.9145359953125001 0.8180877109375 0.8810721578124999 0.7686243953125 0.8810005609375 0.7734310515625 0.9129178671875 0.8234226343750001 0.9145359953125001
1 0.1836145921875 0.060046214062500006 0.8370402312499999 0.8628291750000001 0.8396483218749999 0.8103196640625001 0.2139827921875 0.054333414062499995 0.1836145921875 0.060046214062500006
1 0.3982104 0.6757891625 0.39055181875 0.8219993999999999 0.41828811874999994 0.8068033234374999 0.42570608749999994 0.663763159375 0.3982104 0.6757891625
1 0.47817072187500004 0.740357884375 0.4301401328125 0.7235324796875 0.427099121875 0.76462308125 0.47339617343749996 0.7813565546875 0.47817072187500004 0.740357884375
1 0.45793134062499996 0.645068384375 0.454584984375 0.74012595 0.478634084375 0.7337059921875 0.484954040625 0.6329769562500001 0.45793134062499996 0.645068384375
1 0.322509546875 0.6236778015625 0.3841618375 0.64847369375 0.3885803390625 0.622362525 0.32631219843750003 0.5969325328124999 0.322509546875 0.6236778015625
1 0.1502873046875 0.1732965328125 0.11214796406250001 0.12799858749999998 0.1112454203125 0.1632786234375 0.14988361249999999 0.20080567343750003 0.1502873046875 0.1732965328125