1 0.1011115015625 0.3821710203125 0.1027371734375 0.380684475 0.1058802328125 0.3808489953125 0.10913226406250001 0.377876515625 0.10957105781250001 0.36532635625 0.10805508593749999 0.36367536093749997 0.1081099359375 0.3621065921875 0.10659325625 0.36045556093750003 0.1066481046875 0.35888679218749997 0.10361474374999999 0.3555847328125 0.10372442343749999 0.35244776875 0.1022084515625 0.350796778125 0.10226329999999999 0.34922800781249996 0.09922993906250001 0.345925946875 0.0992847890625 0.344357178125 0.097768109375 0.342706146875 0.097877809375 0.33956860624999996 0.093328475 0.334615553125 0.093438175 0.3314780140625 0.09192149375 0.329826984375 0.09208602187500001 0.325121253125 0.09057005 0.32347025937499996 0.0906249 0.3219014890625 0.0875915390625 0.3185994296875 0.0876463875 0.3170306578125 0.0861297078125 0.31537963125 0.075130415625 0.314803884375 0.0735040359375 0.3162903921875 0.0719332140625 0.31620817031250004 0.0703068359375 0.31769468125 0.0700874375 0.32396976093749996 0.07160411718750001 0.325620790625 0.07154926874999999 0.327189559375 0.0730652609375 0.328839975 0.0730104125 0.33040874531250003 0.0745270921875 0.332059775 0.07447224218750001 0.33362854375 0.075988921875 0.335279575 0.0759340734375 0.3368483453125 0.0789667265625 0.34015036875 0.07891187656250001 0.3417191390625 0.08042855625 0.3433701671875 0.080209159375 0.3496452484375 0.0817258390625 0.351296278125 0.0816709890625 0.3528650484375 0.0862203421875 0.3578175234375 0.08600094375 0.36409260312499997 0.087517625 0.365743634375 0.087462775 0.367312403125 0.08897945625 0.368963434375 0.08892460625000001 0.370532203125 0.090440578125 0.372183196875 0.090385728125 0.373751965625 0.0919024078125 0.375402996875 0.0917927109375 0.3785405359375 0.094826090625 0.3818420171875 0.1011115015625 0.3821710203125
0 0.0991955015625 0.3831136609375 0.091761103125 0.3643871546875 0.072776259375 0.368275878125 0.0795125765625 0.385985521875 0.0991955015625 0.3831136609375
1 0.09831586718749999 0.1813155125 0.070715128125 0.11702832968750002 0.0561875125 0.12223387187500001 0.0841619578125 0.18388894375 0.0852008734375 0.185141621875 0.09831586718749999 0.1813155125
4 0.5648461484375 0.166351759375 0.5660208296875 0.1327542703125 0.5239882515625001 0.13055412187499998 0.5228135703125 0.1641516078125 0.5648461484375 0.166351759375
4 0.7077854734375 0.34307069375 0.709320490625 0.2991671234375 0.670149103125 0.29711673906249997 0.6686140875000001 0.341020309375 0.7077854734375 0.34307069375
0 0.828286053125 0.5331349515625 0.8102827734375 0.5412357578125 0.8160509296875 0.5520568390625 0.8370536734374999 0.546705578125 0.828286053125 0.5331349515625
1 0.9542501218749999 0.7132077812500001 0.9267562187499999 0.689941325 0.9141745374999999 0.6995172578125 0.9429839187500001 0.72274184375 0.9542501218749999 0.7132077812500001
5 0.829591671875 0.624287746875 0.8100602484375001 0.6283055453124999 0.8660707000000001 0.75914899375 0.8799903265625 0.7550577484375001 0.829591671875 0.624287746875
5 0.5713006546875 0.3320620796875 0.556810353125 0.27696516875 0.528337640625 0.2828912484375 0.553476121875 0.338459728125 0.5713006546875 0.3320620796875
1 0.4655148890625 0.20337681718749998 0.449538284375 0.2083436109375 0.47292461562500004 0.258565146875 0.48727497968750005 0.2544720984375 0.4655148890625 0.20337681718749998
5 0.3069721578125 0.21925386093750002 0.29109933906249996 0.22453971875 0.378966571875 0.4454718625 0.3921877796875 0.442402640625 0.3069721578125 0.21925386093750002
0 0.6041373546875 0.53678345625 0.5757347703125 0.46667499687499997 0.5580438078125 0.4691305328125 0.5850280031249999 0.5395456281250001 0.6041373546875 0.53678345625
0 0.47263719374999996 0.5302700875 0.45518475 0.47914868437499997 0.434544321875 0.4832081453125 0.4540861203125 0.5335223640625 0.47263719374999996 0.5302700875
0 0.4670932546875 0.4258776609375 0.45947920625 0.405856496875 0.441381253125 0.41000904218749995 0.4485617109375 0.42980924218750005 0.4670932546875 0.4258776609375
1 0.48538028281249995 0.347767590625 0.41224888593750003 0.30817390312500004 0.4035104203125 0.2892846421875 0.38678405625 0.29335303437500004 0.3970412296875 0.3149514328125 0.405170334375 0.312245834375 0.47290407187500005 0.3494769265625 0.466309646875 0.35189820625 0.4784848265625 0.35910323593750004 0.5027116671875 0.3530395515625 0.4931728890625 0.345818315625 0.48538028281249995 0.347767590625
1 0.4318514140625 0.36003859375 0.4410958390625 0.36711514218749997 0.46777396875 0.3602823515625 0.45879928750000004 0.3518019078125 0.44320554218749997 0.3561678515625 0.4172472640625 0.349453571875 0.41010284218750004 0.3337568296875 0.3925850328125 0.3368811578125 0.403259784375 0.3571697796875 0.4318514140625 0.36003859375
1 0.398047428125 0.3675679875 0.40560216875000005 0.37406564375 0.43548100625 0.3671487875 0.42912335625000003 0.36137757812500004 0.40157151406249997 0.35995975625 0.3913883375 0.3425966609375 0.3778916921875 0.349870721875 0.38723210625000004 0.366012275 0.398047428125 0.3675679875
0 0.3792882640625 0.44633626406250004 0.34305063750000003 0.35349702031249997 0.3104946921875 0.361837853125 0.3453682515625 0.4533285546875 0.3792882640625 0.44633626406250004
1 0.24026428281249998 0.18707835625 0.20692646718750002 0.19570290625 0.21233776718750003 0.20727402968750003 0.2453953171875 0.199806434375 0.24026428281249998 0.18707835625
1 0.2752639484375 0.1728884484375 0.26555336875 0.1637016390625 0.138686225 0.19306894375 0.15352149375 0.20294894062500002 0.2752639484375 0.1728884484375
1 0.1111293921875 0.20246799375000002 0.11315082968750001 0.20894036875 0.1439211828125 0.20122145625 0.131337390625 0.1953336328125 0.119797684375 0.16593511562500002 0.10008174843749999 0.1712731515625 0.1082455578125 0.192717915625 0.11728962812499999 0.1928620328125 0.11502775000000001 0.20205348125000003 0.1111293921875 0.20246799375000002
1 0.10957278125 0.2130187140625 0.095156328125 0.2024023578125 0.046237984375 0.2155425390625 0.058962143749999994 0.2255329078125 0.058707445312499995 0.2249844859375 0.10957278125 0.2130187140625
0 0.0850131359375 0.1856610859375 0.0799060484375 0.174460103125 0.06096090625 0.17837003437500001 0.06601433749999999 0.1904766421875 0.0850131359375 0.1856610859375
3 0.190245940625 0.2285345546875 0.1907527546875 0.2140389140625 0.163840575 0.212630225 0.16333375781249998 0.227125865625 0.190245940625 0.2285345546875
3 0.17222846875 0.23501196093750001 0.17280124218749998 0.2186298609375 0.130287078125 0.21640450156250002 0.1297143046875 0.23278660312500002 0.17222846875 0.23501196093750001
3 0.13750222031249998 0.2511223234375 0.13840174375 0.225394728125 0.0801510375 0.22234565781249999 0.0792515125 0.248073253125 0.13750222031249998 0.2511223234375
3 0.0821289375 0.25902129218750003 0.0828910828125 0.2372228546875 0.0395483078125 0.23495412343750002 0.0387861609375 0.2567525609375 0.0821289375 0.25902129218750003
0 0.21813571875 0.2113173390625 0.20476909999999998 0.21345196406250003 0.21071378125 0.22823428906249998 0.2247589703125 0.22578734531250003 0.21813571875 0.2113173390625
0 0.3033403421875 0.157497284375 0.2858882328125 0.1602035921875 0.2918717078125 0.17156291562499998 0.3081655 0.1685635078125 0.3033403421875 0.157497284375
0 0.3587396734375 0.2434795796875 0.34567959843749996 0.23416788125000002 0.33417875625 0.2445482390625 0.3459475484375 0.25331117187499996 0.3587396734375 0.2434795796875
3 0.9179285390624999 0.68034100625 0.918689471875 0.6585772875 0.888427434375 0.656993253125 0.8876664999999999 0.6787569718750001 0.9179285390624999 0.68034100625
0 0.47040685781249997 0.26028152968749996 0.46469640781250005 0.247992696875 0.4485399734375 0.2519946859375 0.453759528125 0.2635505546875 0.47040685781249997 0.26028152968749996
2 0.6808102500000001 0.49192869375 0.6716713703125 0.49417156875 0.9654300546875 0.7239382125 0.9767132999999999 0.7200655 0.6808102500000001 0.49192869375
2 0.2987756703125 0.1891450984375 0.28728669375 0.1878219609375 0.18864803593749999 0.21315480781249999 0.196633328125 0.218641346875 0.28794256093750004 0.19704729062499998 0.296423084375 0.19932777031249999 0.6030044015625 0.43249379687499995 0.6108333874999999 0.43047801874999997 0.2987756703125 0.1891450984375
3 0.5346155375 0.388207915625 0.5353179984375 0.3681165484375 0.49472309687499993 0.3659916515625 0.494020634375 0.38608301875 0.5346155375 0.388207915625
3 0.496667971875 0.3924507625 0.49726542812499996 0.37536268437500003 0.46019035781250006 0.3734220296875 0.4595929015625 0.3905101078125 0.496667971875 0.3924507625
3 0.46533222187499995 0.4014862078125 0.46595375624999996 0.3837095140625 0.42719313437500006 0.38168063124999996 0.42657160000000005 0.39945732343749996 0.46533222187499995 0.4014862078125
1 0.70971344375 0.43708165781249997 0.71940985 0.45801764062499994 0.7091124359375 0.46585859531249996 0.7001332640625 0.4579530046875 0.6868998265624999 0.4596064734375 0.7146215312499999 0.48236425625 0.725901965625 0.4785719796875 0.7186118390625 0.4731913953125 0.7369426140625001 0.455378746875 0.72587418125 0.4319418875 0.70971344375 0.43708165781249997
1 0.7058391453125 0.40515095937499995 0.7141106609375 0.4259706171875 0.6763108515625 0.43982728125000004 0.6715742546875 0.436496359375 0.6588023171875 0.43984533593749997 0.681929425 0.45780828281249997 0.6926045984375 0.453773884375 0.6851980109375 0.4466103421875 0.7331607250000001 0.427136475 0.72514260625 0.4019102390625 0.7058391453125 0.40515095937499995
3 0.6308537328125 0.44695424843750003 0.63140586875 0.4311623875 0.6026169171875 0.42965546093749996 0.6020647796875 0.44544732187499997 0.6308537328125 0.44695424843750003
3 0.6552409140625 0.46924009218749996 0.6560698265625 0.44553204687500003 0.6185698265624999 0.4435691484375 0.6177409140625 0.46727719375000004 0.6552409140625 0.46924009218749996
3 0.688531703125 0.4980414390625 0.6895971296875001 0.4675687609375 0.6448733343749999 0.46522774218749996 0.6438079078125 0.49570042187499996 0.688531703125 0.4980414390625
1 1 0.7147446703125 0.8498688062499999 0.5979877375 0.8333822859375 0.602339415625 1 0.733343346875 1 0.7147446703125
1 1 0.6984496734375 0.7265806171875 0.48337112343750005 0.707538165625 0.48677681718750004 1 0.715550528125 1 0.6984496734375
5 0.3701744234375 0.5659885874999999 0.371691103125 0.5676396171875 0.37163625312500004 0.5692083875 0.3731522453125 0.5708588031249999 0.3729876984375 0.5755651140625 0.37450437812500004 0.5772161421875001 0.37423013125 0.5850599921875 0.3757468109375 0.586711021875 0.375417734375 0.596123065625 0.3769344140625 0.5977740921875 0.376769865625 0.6024804031250001 0.3782858390625 0.6041313984375 0.3781212890625 0.60883770625 0.3796379703125 0.6104887375 0.379473421875 0.615195046875 0.3809901015625 0.6168460765625 0.3809352515625 0.6184148453125 0.3824519328125 0.6200658765625 0.382397103125 0.6216340703125 0.3839130765625 0.6232850609375 0.3838582265625 0.62485383125 0.38537490625 0.6265048609375 0.38532005625 0.62807363125 0.3883534171875 0.6313756921875 0.3882985671875 0.6329444625 0.3913312203125 0.6362464859375 0.3912763703125 0.6378152546875 0.39279305 0.6394662859375 0.3927382015625 0.6410350546875 0.39425488125 0.6426860859375 0.3942000328125 0.6442548546875 0.395716003125 0.6459058484375 0.3956063234375 0.649042809375 0.3971230046875 0.650693840625 0.39701330625 0.6538313796875 0.3985299859375 0.655482409375 0.3984751359375 0.6570511812500001 0.399991815625 0.658702209375 0.3999369671875 0.6602709812499999 0.4014529390625 0.6619219734375 0.401398090625 0.6634907421875 0.4029147703125 0.6651417734375 0.4028599203125 0.6667105421875 0.4043766 0.6683615734374999 0.4043217515625 0.66993034375 0.40583843125 0.6715813749999999 0.4057836015625 0.673149565625 0.4088162546875 0.6764515890625 0.4087614046875 0.6780203578124999 0.4102780859375 0.6796713875 0.4102232359375 0.68124015625 0.4132558890625 0.68454218125 0.4132010390625 0.6861109515625 0.41471771874999996 0.68776198125 0.4146628703125 0.6893307515625 0.41617955 0.6909817796875 0.41612470156250003 0.69255055 0.41764138125 0.69420158125 0.41758653125 0.69577035 0.41910250312499997 0.6974213453125 0.419047675 0.698989534375 0.4205643546875 0.700640565625 0.42045465625 0.7037781046875 0.42197133593749997 0.7054291359375 0.4219164859375 0.70699790625 0.4234331671875 0.7086489359375 0.4233783171875 0.71021770625 0.424894290625 0.7118687 0.424784590625 0.7150062390625 0.4263012703125 0.7166572671875 0.4262464203125 0.7182260390625 0.4292797828125 0.7215281 0.4292249328125 0.7230968703125 0.43225760468749996 0.7263983140625 0.43220275468749997 0.7279670828125 0.4337194359375 0.7296181140625 0.43366458750000003 0.7311868828125 0.4351812671875 0.7328379125 0.4351264171875 0.734406684375 0.43664238906249997 0.7360576765625 0.4365875390625 0.737626446875 0.4381042203125 0.7392774765625 0.43804937187500004 0.740846246875 0.44866473593749995 0.7524028046875 0.45023626562499997 0.752485065625 0.45175294531250004 0.7541360953125 0.45332447499999995 0.754218353125 0.454840446875 0.7558693484375001 0.4721258578125 0.756774134375 0.4737515296875 0.7552875875 0.47532305937499997 0.7553698468750001 0.4769494390625 0.7538833375 0.4816633203125 0.75413008125 0.4832896984375 0.7526435703125001 0.48486122812500004 0.7527258296875 0.48648687968750004 0.7512398609375001 0.48805840937499995 0.7513221203125 0.4896847875 0.7498356109375 0.4912563171875 0.7499178718749999 0.4928819890625 0.748431325 0.4960250484375 0.7485958453125 0.497651428125 0.7471093343749999 0.49922224843749996 0.7471915578125 0.5008486296875 0.745705046875 0.502420159375 0.7457873078125 0.5040465375000001 0.7443007984375 0.505617359375 0.7443830203124999 0.5072437375 0.7428965109375001 0.5088152671875 0.7429787703125 0.510441646875 0.7414922609375 0.5120124671874999 0.741574484375 0.518517278125 0.73562840625 0.5200888078125 0.7357106671875 0.5217151859375 0.7342241578125 0.5217700359374999 0.7326553875 0.5233964140625 0.7311688765625 0.5234512640625 0.72960010625 0.5250769156249999 0.7281141390625 0.5255705609375 0.7139952093749999 0.5240545875 0.712344215625 0.5241642875 0.709206675 0.52264760625 0.70755564375 0.52270245625 0.705986875 0.5211857765625 0.70433584375 0.5212406046875 0.7027676546875 0.519723925 0.7011166234374999 0.519833625 0.6979790828125 0.5183176515625 0.696328090625 0.51842735 0.69319055 0.5169106703125 0.6915395203125 0.5169655203125 0.68997075 0.515448840625 0.6883197203125 0.5155585390625 0.68518218125 0.5140418578125 0.6835311500000001 0.5140967078124999 0.68196238125 0.5125807359375 0.6803113859375001 0.512635584375 0.6787426187500001 0.5096022046875001 0.675441134375 0.509657053125 0.6738723656250001 0.506624403125 0.67057034375 0.506679253125 0.6690015734375 0.499096559375 0.660746459375 0.4959535 0.6605819390625001 0.4944375265625 0.658930946875 0.4928659984375 0.6588486875 0.48831666562500003 0.6538956328125 0.4883715140625 0.6523268625 0.486799984375 0.6522446046875 0.485283284375 0.6505941515625 0.48214093281250003 0.65042966875 0.47455823906249994 0.6421745546875 0.4714151796875 0.6420100343749999 0.46989920781250005 0.6403590421875001 0.468327678125 0.6402767828125 0.46377834531250006 0.635323728125 0.462206815625 0.63524146875 0.46069013593749997 0.6335904390625 0.45911860468750004 0.633508178125 0.45760263281249997 0.6318571859375 0.45603110312500006 0.631774925 0.4545144234375 0.6301238953125 0.45294289374999996 0.6300416359375001 0.44536088906250004 0.6217871374999999 0.44541573906250004 0.62021836875 0.44389905937499996 0.6185673375 0.4439539078125 0.6169985687499999 0.442437228125 0.6153475375 0.4425469265625 0.6122099984375 0.44103024687500003 0.61055896875 0.4411947953125 0.6058526578125 0.43967882343750003 0.6042016640625001 0.43973367343750003 0.6026328953125 0.4367003125 0.5993308359375 0.43680999062500003 0.5961938734375 0.4352933109375 0.5945428421875001 0.435348159375 0.592974071875 0.4338321875 0.59132308125 0.4338870375 0.5897543109375001 0.43237035781250005 0.58810328125 0.43242520625 0.5865345093750001 0.4309085265625 0.5848834796875 0.430963375 0.583314709375 0.4294466953125 0.5816636796875 0.4295015453125 0.580094909375 0.427985571875 0.57844391875 0.428040421875 0.576875146875 0.42500706250000003 0.5735730875 0.425061890625 0.5720048953125 0.4235452109375 0.5703538671875 0.4236000609375 0.5687850953125 0.42208408750000004 0.567134103125 0.42213893750000003 0.5655653328125 0.42062225781249996 0.5639143015625 0.42067710625 0.56234553125 0.4191604265625 0.5606945015625 0.4192152765625 0.55912573125 0.41769859531250003 0.5574747015625 0.41786314375 0.55276839375 0.41634717187500003 0.5511173984375 0.4164020203125 0.5495486296875 0.414885340625 0.5478975984375001 0.4149401703125 0.5463294078125001 0.41342349062499995 0.544678378125 0.41347833906250003 0.5431096078125 0.41044568750000004 0.539807584375 0.4105005359375 0.5382388140625001 0.40898385625 0.536587784375 0.40903870624999994 0.5350190140625 0.407522025 0.533367984375 0.407631725 0.5302304453125 0.40611504375 0.5285794140625 0.40622474375 0.5254418734375 0.40470877187500004 0.52379088125 0.4047636203125 0.5222221109375 0.4017302390625 0.5189206296875 0.4017850890625 0.517351859375 0.3972357578125 0.5123988078124999 0.3972906078125 0.5108300359375 0.3942572453125 0.507527975 0.3943120953125 0.50595920625 0.392796125 0.5043082140624999 0.38808153437500004 0.5040614328124999 0.3865655625 0.5024104390625 0.383422503125 0.5022459203125 0.38038985 0.4989438953125 0.380664078125 0.49110062499999996 0.379147396875 0.48944959531250004 0.374433515625 0.489202853125 0.3728071375 0.49068936250000006 0.369664078125 0.49052484218750003 0.3664120265625 0.49349790000000004 0.3663571984375 0.49506609062500007 0.36473081875 0.49655259999999996 0.36467596874999997 0.49812137031250003 0.36304959062500003 0.4996078796875 0.3551933578125 0.49919665625 0.35356697812500004 0.5006831640625 0.353512128125 0.5022519359375 0.35188575 0.5037384453125 0.3518309 0.505307215625 0.3502045203125 0.506793725 0.350039971875 0.511500034375 0.3484143015625 0.5129865812500001 0.348249753125 0.517692890625 0.3497657453125 0.5193433062499999 0.3497108953125 0.5209120765625 0.35122757656250003 0.52256310625 0.3511727265625 0.5241318765625 0.35268940625 0.52578290625 0.35263455781249997 0.5273516765624999 0.355667209375 0.5306536984375 0.355612359375 0.53222246875 0.357129040625 0.5338735 0.357074190625 0.5354422703124999 0.36010755156249996 0.53874433125 0.3600527015625 0.5403131 0.3615686734375 0.5419640921875 0.3614589953125 0.5451010546874999 0.36297567656249996 0.5467520859375 0.3629208265625 0.5483208546875 0.36443750625 0.5499718859375 0.3643826578125 0.5515406546875 0.36589933750000003 0.553191684375 0.3658444875 0.554760453125 0.36736046093749997 0.556411446875 0.36725076093750003 0.5595489875 0.368767440625 0.5612000171875 0.36871259218749997 0.5627687875 0.370229271875 0.56441981875 0.3701744234375 0.5659885874999999
0 0.491719596875 0.4214766765625 0.49177444687499994 0.4199079046875 0.4902584734375 0.4182569140625 0.4903133234375 0.41668814374999996 0.4871702640625 0.41652362343749993 0.48565358437499995 0.41487259375 0.47936817343750004 0.414543590625 0.4777425015625 0.41603013593749993 0.47617097187499996 0.4159478765625 0.4712925421875 0.42040744375 0.4709086171875 0.4313882546875 0.47394126875 0.434690278125 0.47383156875 0.43782781875000004 0.47686493125 0.44112987812500004 0.47681008125 0.4426986484375 0.478326053125 0.44434964062500004 0.478271203125 0.4459184125 0.47978788437500003 0.447569440625 0.47945880625 0.45698148281249995 0.4809754875 0.45863251250000003 0.48092063749999997 0.4602012828125 0.483953290625 0.46350330624999997 0.483898440625 0.46507207656249994 0.4854151203125 0.46672310625 0.485305421875 0.46986064531249994 0.5073047140625 0.4710121765625 0.5089303843749999 0.46952562656249996 0.5093691796875001 0.45697546874999995 0.5033031484375 0.4503719640625 0.503412846875 0.447234425 0.501896875 0.44558342968750003 0.502006575 0.442445890625 0.4974565328125 0.43749279999999996 0.4977307796875 0.4296489515625 0.4962148078125 0.42799795625000003 0.4962696578125 0.4264291875 0.491719596875 0.4214766765625
0 0.6667405484375 0.548508140625 0.6667953984375 0.546939371875 0.6652787171875 0.545288340625 0.665333565625 0.543719571875 0.6638168859375 0.542068540625 0.6639265859375 0.538931 0.6593772328124999 0.533978525 0.6594320812500001 0.5324097562500001 0.6579154015625 0.5307587265625 0.6580799500000001 0.5260524171875 0.6535306171874999 0.5210993625 0.6535854671875 0.51953059375 0.6520687875 0.5178795640625 0.652233334375 0.513173253125 0.6507173625 0.5115222609375001 0.6507722125 0.5099534890624999 0.64773883125 0.506652009375 0.64779368125 0.5050832375 0.646277 0.5034322078125 0.64644155 0.4987258984375 0.644925578125 0.49707490468750004 0.644980425 0.49550613437499996 0.6404303859375 0.49055304531250005 0.6404852359375 0.48898427499999997 0.63745258125 0.48568225312499996 0.634309521875 0.48551773281250005 0.6327935515625 0.4838667375 0.626508140625 0.48353773593750005 0.6248817609375 0.48502424531250005 0.61859635 0.48469524374999995 0.6179381578124999 0.5035204828125 0.627036840625 0.5134260109375 0.6269271437499999 0.5165635515625 0.6284438234375 0.5182145828125 0.6283341234375001 0.521352121875 0.629850803125 0.52300315 0.6297959546875 0.5245719203125 0.6328286078125 0.52787394375 0.6327737578125 0.5294427140625 0.6342904375 0.5310937453125 0.634180759375 0.5342307046875 0.635697440625 0.5358817359375 0.635587740625 0.5390192765624999 0.6386203921875 0.5423212984375 0.63856554375 0.5438900671875 0.640082225 0.5455410984375 0.639972525 0.5486786390625 0.6414892046875 0.55032966875 0.6414343546875 0.5518984390624999 0.6444670078125 0.5552004625 0.6444121593750001 0.55676923125 0.664839921875 0.5578385015625 0.6664663015625 0.556351990625 0.66652115 0.554783221875 0.668147528125 0.5532967109375 0.668257228125 0.5501591718750001 0.6667405484375 0.548508140625
0 0.8157773390624999 0.7433305421874999 0.817294040625 0.7449809921874999 0.8172391921875001 0.7465497625 0.8187558718749999 0.7482007921875 0.818701021875 0.7497695625 0.8202169937500001 0.751420553125 0.82016214375 0.7529893249999999 0.821678825 0.75464035625 0.8215142765625 0.7593466640625001 0.8245476359374999 0.762648725 0.8244927875 0.764217496875 0.8260087593750001 0.7658684874999999 0.8258990609374999 0.7690060265625001 0.8274157609375001 0.7706564796875 0.8273609109375 0.7722252515625 0.8493602031249999 0.7733767796875 0.8574906625000001 0.7659447328125 0.8590621921875 0.7660269937499999 0.86231495 0.7630539749999999 0.862644046875 0.753641353125 0.8611273671875 0.7519903234374999 0.8611822171875 0.750421553125 0.85814885625 0.74711949375 0.8582585343750001 0.74398253125 0.8567425625 0.7423315390624999 0.8568522625 0.739194 0.8523022203125 0.734240909375 0.8524119203125 0.73110336875 0.85089595 0.7294523749999999 0.8509508 0.72788360625 0.8479174359374999 0.7245815453125 0.8479722859375001 0.7230127765625001 0.8464556062499999 0.7213617453125 0.846565284375 0.718224784375 0.8450493124999999 0.7165737921875001 0.8451041625 0.7150050218749999 0.8420708031249999 0.7117029609375 0.842125653125 0.710134190625 0.8406089734375 0.7084831609375 0.8407735203125 0.7037768515625 0.8392575484375 0.7021258593749999 0.8394220953125 0.6974195484375 0.836388715625 0.6941180671875 0.8364984156249999 0.690980528125 0.8349817359375 0.689329496875 0.8351462828124999 0.6846231875 0.8336303109375001 0.6829721921874999 0.8337400109375 0.679834653125 0.8307066484375 0.67653259375 0.8307614984375 0.6749638234375 0.82924481875 0.67331279375 0.8294641953124999 0.6670382906250001 0.8279482234375 0.6653873 0.8280030734375 0.663818528125 0.82648639375 0.6621674984375 0.8233433343750001 0.6620029781250001 0.8218273625 0.6603519859375 0.8155419515625001 0.66002298125 0.8125085890625 0.6567209218750001 0.801509296875 0.656145175 0.8013447499999999 0.6608514859375 0.7964663203125 0.665311053125 0.7948947890625 0.6652287921875 0.794839940625 0.6667975640625 0.7899615328125 0.6712565515625 0.7896872859374999 0.6791004015625 0.79120325625 0.6807513953125001 0.7911484062499999 0.682320165625 0.7926650859375 0.6839711937499999 0.7926102375 0.6855399640625001 0.7971595703125 0.6904930171875 0.7971047203125 0.6920617890625 0.7986214203124999 0.693712240625 0.7985117234375 0.6968497796875 0.800028403125 0.698500809375 0.799973553125 0.7000695796875 0.8030062046875001 0.703371603125 0.80289650625 0.7065091421874999 0.8044131875 0.708160171875 0.8043034875 0.7112977125 0.8058201671875 0.7129487421875 0.8057653171875 0.7145175140625 0.808797971875 0.7178195359374999 0.8086882921875 0.720956496875 0.810204971875 0.7226075265625 0.8100404250000001 0.7273138375 0.8115571046875001 0.7289648671875 0.8115022546875 0.7305336359375 0.8145349078124999 0.7338356609375001 0.8144800578125 0.73540443125 0.8159967390625 0.7370554609375 0.8157773390624999 0.7433305421874999
1 0.6039992109375001 0.40692249843750006 0.6055151859375 0.408573490625 0.607086715625 0.40865575156249995 0.610120075 0.41195781093750006 0.611690896875 0.4120400328125 0.6132075765625 0.41369106406249995 0.6163506359375 0.4138555859375 0.6178666078124999 0.4155065765625 0.6210096671875001 0.415671096875 0.622526346875 0.417322128125 0.62409716875 0.4174043515625 0.6286472109375 0.4223574421875 0.63021803125 0.4224396640625 0.6347680718750001 0.427392753125 0.6473388921875001 0.42805076093750005 0.6489645640624999 0.42656421250000004 0.6490194140625001 0.42499544218749996 0.6475034421875 0.4233444515625 0.6475582921874999 0.42177568125000003 0.6445249296875 0.4184736203125 0.6429534 0.418391359375 0.6414374281249999 0.4167403671875 0.6398658984375001 0.41665810625 0.63834921875 0.4150070765625 0.63840406875 0.41343830625000005 0.6353714171875 0.4101362828125 0.6337998859375 0.41005402343749997 0.6277338546875 0.40345052031249995 0.626162325 0.403368259375 0.621612990625 0.39841520625000004 0.6200414609375 0.3983329453125 0.6170088093749999 0.395030921875 0.6154372796875001 0.3949486640625 0.6108879484374999 0.3899956078125 0.60931641875 0.38991334843750003 0.6032504046875 0.383309265625 0.601678875 0.38322700468750004 0.5956128406250001 0.3766235015625 0.5940413109375 0.37654124218749996 0.5894919796875 0.3715881890625 0.58792045 0.371505928125 0.5848877953125 0.36820390468749997 0.5833162656249999 0.36812164531249997 0.5802836140625 0.364819621875 0.578712084375 0.3647373625 0.5771954046875 0.36308633281249997 0.575623875 0.3630040734375 0.5741079046875 0.3613530796875 0.572536375 0.36127081875 0.5695030109375 0.357968759375 0.5663606609375 0.35780427656249997 0.56484398125 0.3561532453125 0.5601301000000001 0.355906503125 0.5586134203124999 0.35425547343749997 0.5460425984375 0.353597465625 0.5456586515625 0.36457885624999997 0.54717533125 0.3662298859375 0.5487468609375 0.366312146875 0.551779515625 0.36961416874999997 0.5533510453125 0.3696964296875 0.554867725 0.3713474609375 0.556438546875 0.371429684375 0.5579552265625 0.3730807140625 0.55952675625 0.37316297187499997 0.564076090625 0.3781160265625 0.5656476203125 0.3781982875 0.5717136515625 0.384801790625 0.5732851812499999 0.38488405000000003 0.5748011515625 0.38653504375000003 0.57637268125 0.3866173046875 0.5778893640625 0.3882683328125 0.57946089375 0.38835059375 0.5824935453125 0.39165261875 0.584065075 0.39173487812499996 0.5901310890625 0.3983389609375 0.5917026187500001 0.398421221875 0.5947352703125001 0.40172324374999996 0.5963068 0.40180550468750004 0.5993394515625 0.40510752656250004 0.60091098125 0.4051897859375 0.60242768125 0.4068402390625 0.6039992109375001 0.40692249843750006
0 0.2019301625 0.5603253046875001 0.2034461546875 0.5619757187500001 0.2033364578125 0.5651132578125 0.2048531375 0.5667642890625 0.20468858750000002 0.5714705984374999 0.22825869999999998 0.5727043515625 0.2298850796875 0.5712178421874999 0.23145660937499998 0.571300103125 0.2330829890625 0.569813590625 0.23465381093749998 0.5698958140625 0.236280190625 0.5684093046875 0.2378517203125 0.568491565625 0.2394780984375 0.5670050546875001 0.2410489203125 0.5670872765625 0.2459280375 0.562628325 0.2459828875 0.56105955625 0.247608559375 0.5595730078125001 0.24777310625 0.5548666984375 0.24625713437500002 0.5532157046874999 0.246311984375 0.5516469359375 0.243278625 0.548344875 0.24333347343749998 0.5467761062500001 0.24030082031250002 0.5434740828125 0.2403556703125 0.5419053109374999 0.2358056078125 0.5369528 0.2358604578125 0.53538403125 0.23434448593749999 0.5337330375 0.2344541859375 0.5305954984375 0.231420825 0.5272934375 0.2314756734375 0.5257246671875 0.22995899375 0.5240736375 0.23006869375 0.5209360968750001 0.2285527234375 0.5192851046875 0.22860757187499997 0.5177163359375 0.22709089218749998 0.5160653046875 0.227145740625 0.514496534375 0.22562906093750001 0.5128455046875 0.225683890625 0.5112773125000001 0.224167209375 0.5096262828125 0.22444145624999998 0.5017824328125 0.2229254859375 0.5001314406249999 0.222980334375 0.49856266875 0.2153976421875 0.49030755625 0.2075407015625 0.4898962921875 0.205914321875 0.49138280312499993 0.2027719703125 0.4912183203125 0.201145590625 0.4927048296875 0.196431709375 0.49245808750000003 0.1948053296875 0.49394459843750005 0.18851991875000002 0.4936155953125 0.1868935390625 0.4951021046875 0.18532271875 0.49501988125 0.1836963390625 0.496506390625 0.182124809375 0.49642413124999996 0.18049843125 0.4979106421875 0.17892760937500002 0.49782841875 0.17567485 0.5008014390625 0.175455453125 0.50707651875 0.1769721328125 0.5087275484375 0.176917303125 0.5102957390625 0.1814666359375 0.51524879375 0.1814117875 0.5168175625 0.184445146875 0.5201196218749999 0.184390296875 0.5216883921875 0.18590626875 0.5233393859375 0.1858514203125 0.52490815625 0.1873681015625 0.5265591875 0.1873132515625 0.52812795625 0.18882993125 0.5297789875000001 0.18877508125 0.53134775625 0.191807734375 0.534649778125 0.19175290625000002 0.536217971875 0.19326958593750002 0.5378690015625 0.1931598859375 0.541006540625 0.194676565625 0.5426575703125 0.19462171718750002 0.5442263406250001 0.1976543703125 0.5475283640625 0.1975995203125 0.549097134375 0.19911620000000002 0.5507481640624999 0.1990065 0.553885703125 0.20052318281249998 0.5555367343750001 0.2004683328125 0.5571055031250001 0.2019850125 0.558756534375 0.2019301625 0.5603253046875001
0 0.7392966640624999 0.544447809375 0.7362640140625001 0.5411457859375 0.7331209546874999 0.5409812656249999 0.7316049812500001 0.539330271875 0.7300334515625 0.5392480109375 0.7270000703124999 0.53594653125 0.720714659375 0.535617528125 0.7190889874999999 0.5371040734375 0.715945928125 0.5369395531250001 0.7143195703125 0.5384254859375 0.713880775 0.5509756453125 0.7154523046875 0.55105790625 0.7215183171875 0.557661990625 0.73880301875 0.5585667390625 0.7388578671875 0.55699796875 0.740484246875 0.5555114578125 0.74075849375 0.547667609375 0.7392418140625 0.5460165781249999 0.7392966640624999 0.544447809375
0 0.4381675609375 0.3322350328125 0.4255967390625 0.33157702499999997 0.42397106874999996 0.333063575 0.42239953906250005 0.3329813140625 0.42185106250000004 0.348668434375 0.4233677421875 0.350319465625 0.4232580453125 0.35345700468749996 0.451542040625 0.3549375 0.4516517390625 0.35179995937499997 0.45013505781249996 0.35014893125 0.45018990781249996 0.3485801609375 0.4471572359375 0.3452787171875 0.4472120859375 0.343709946875 0.4456954046875 0.342058915625 0.44575025312500005 0.340490146875 0.4381675609375 0.3322350328125
0 0.20816616250000003 0.2919068953125 0.2082210125 0.2903381265625 0.21309944218750002 0.285878559375 0.214670971875 0.28596081875 0.2162973296875 0.2844748875 0.21679097500000002 0.2703559578125 0.208934034375 0.26994469374999996 0.20730765624999997 0.2714312046875 0.2010222453125 0.2711022015625 0.199506271875 0.2694512078125 0.1979347421875 0.269368946875 0.19630836406250002 0.2708554578125 0.194736834375 0.2707732 0.1931111625 0.272259746875 0.1915396328125 0.2721774859375 0.18991325312500001 0.2736639953125 0.186770903125 0.27349951250000004 0.1851445234375 0.2749860234375 0.184815446875 0.2843980640625 0.1878480984375 0.2877000875 0.18779325 0.2892688578125 0.1893099296875 0.2909198859375 0.20816616250000003 0.2919068953125
0 0.1619583578125 0.26277088125 0.16201320624999999 0.261202109375 0.1589798453125 0.2579000484375 0.157408315625 0.2578177890625 0.15589232343749998 0.25616737500000003 0.13860691249999998 0.25526258749999997 0.1374002640625 0.2897743734375 0.1389169453125 0.2914254015625 0.13880724687499998 0.2945629421875 0.144873259375 0.3011670265625 0.1464447890625 0.3012492875 0.15554347500000001 0.3111548140625 0.155433775 0.31429235312500003 0.15695045624999998 0.315943384375 0.15684075625 0.319080925 0.1583574375 0.320731953125 0.15830258749999998 0.3223007234375 0.1598192671875 0.323951753125 0.15970956875 0.3270892921875 0.1848512109375 0.3284053046875 0.18647688281250002 0.326918759375 0.186860828125 0.31593736875 0.18534485625 0.3142863765625 0.18539970625 0.3127176046875 0.1808496453125 0.30776509375 0.1810690421875 0.3014900140625 0.17500302968749998 0.29488593125 0.175222428125 0.2886108515625 0.16915639531249999 0.282007346875 0.16943064375 0.274163496875 0.16336463125 0.2675594125 0.1634743296875 0.2644218734375 0.1619583578125 0.26277088125
0 0.5399384359375 0.4381448296875 0.5399932859375001 0.436576059375 0.53842175625 0.43649379843749997 0.5369050765625001 0.4348427703125 0.536959925 0.43327399843750003 0.53544324375 0.43162296875 0.5355529437500001 0.42848542968750003 0.5340369515625001 0.42683501562500004 0.5340918015625 0.42526624375 0.5310584390625 0.421964184375 0.5311132890625 0.42039541406250003 0.529596609375 0.41874438437499995 0.52992570625 0.409331765625 0.528409734375 0.40768077031249994 0.528464584375 0.4061120015625 0.525431221875 0.402809940625 0.5254860515625001 0.40124174999999995 0.523969371875 0.39959071874999996 0.5241339203125001 0.394884409375 0.522617946875 0.393233415625 0.522672796875 0.391664646875 0.5181227578125001 0.38671155625 0.51817760625 0.3851427859375 0.5008929046875 0.3842380359375 0.5000701828125 0.40776900781250003 0.5015868625000001 0.4094200375 0.5031583921875 0.4095022984375 0.5046743640625 0.41115329218749996 0.5045646671874999 0.4142908328125 0.5060813468750001 0.4159418640625 0.50575225 0.42535448125 0.50726895 0.42700493437500003 0.5088404796875 0.4270871953125 0.51187313125 0.4303892171875 0.511544034375 0.4398018375 0.514577396875 0.443103896875 0.514522546875 0.44467266875 0.517555196875 0.447974690625 0.5172809703125 0.4558179625 0.51879765 0.45746899062499996 0.518633103125 0.4621753015625 0.5216657546875 0.465477325 0.5468073984374999 0.46679333749999996 0.5471913453125 0.45581194687500004 0.5456753734374999 0.454160953125 0.54578505 0.4510239921875 0.5427516906250001 0.4477219328125 0.542806540625 0.44615316250000003 0.541289859375 0.44450213125 0.5414544078125 0.43979582187500005 0.5399384359375 0.4381448296875
0 0.2398674421875 0.285708640625 0.2383507625 0.28405761093750004 0.2385701609375 0.27778253125 0.23705419062500002 0.2761315375 0.2371090390625 0.2745627671875 0.23407567812500002 0.2712607078125 0.234130528125 0.2696919375 0.232613846875 0.26804090625 0.2327783953125 0.263334596875 0.23126242343749998 0.261683603125 0.231372103125 0.25854664375 0.2268220625 0.25359355156249996 0.2270414609375 0.24731847187499997 0.22552548749999998 0.24566748125 0.2255803375 0.244098709375 0.222437278125 0.24393418906250003 0.2209205984375 0.24228315781249998 0.211492834375 0.24178967187499997 0.21028616718749998 0.2763020359375 0.211802846875 0.2779530640625 0.211747996875 0.279521834375 0.21478065000000002 0.282823859375 0.2147258 0.284392628125 0.220791834375 0.29099613281250003 0.220682134375 0.294133671875 0.22219881562500002 0.29578470156250003 0.222143965625 0.297353471875 0.2236606453125 0.29900450156249997 0.22360579687499998 0.3005732734375 0.22512176875 0.3022242671875 0.22506691874999998 0.30379303593749996 0.22658360000000002 0.3054440671875 0.226364221875 0.3117185671875 0.2278809015625 0.3133695984375 0.24516560312500002 0.3142743484375 0.24679198281249998 0.3127878359375 0.247121059375 0.3033757953125 0.24560437968749999 0.301724765625 0.245659228125 0.30015599375 0.2441425484375 0.2985049640625 0.244307096875 0.2937986546875 0.24279112343749998 0.2921476625 0.2428459734375 0.2905788921875 0.2398126140625 0.28727683125 0.2398674421875 0.285708640625
0 0.4209544078125 0.4193441875 0.41938287656249995 0.4192619296875 0.41883440156249996 0.43494905156249997 0.4408329875 0.43610054218750005 0.4408878359375 0.434531771875 0.442514215625 0.4330452625 0.4428433125 0.42363264375 0.4413266125 0.4219821921875 0.44138146093749997 0.420413421875 0.4398654890625 0.418762428125 0.4399203390625 0.4171936578125 0.43049186875 0.416700134375 0.4288654890625 0.4181866453125 0.42258007812500004 0.41785764218750004 0.4209544078125 0.4193441875
1 0.3771432171875 0.2316013515625 0.3787140390625 0.231683575 0.38326408125 0.2366366640625 0.384834903125 0.2367188875 0.38635158281250004 0.23836991875 0.38949464218749996 0.23853443749999997 0.3910106140625 0.24018542968749998 0.39258214375 0.240267690625 0.3956155046875 0.243569753125 0.3971863265625 0.243651975 0.40021970781249994 0.2469534546875 0.4017912375 0.24703571562499999 0.40634056875 0.25198876875 0.40948291875000004 0.2521532515625 0.41403296093749997 0.2571063421875 0.4156037828125 0.2571885640625 0.42015382187499994 0.26214165624999997 0.42172464375 0.26222387812500003 0.42475800625 0.2655259390625 0.4263295359375 0.2656081984375 0.4308788671875 0.27056125 0.43245039687500003 0.2706435109375 0.43851643124999995 0.2772470171875 0.44165878281250004 0.2774114984375 0.4431754625 0.279062528125 0.4494608734375 0.27939153125 0.4540102046875 0.2843445859375 0.45558173437500005 0.2844268453125 0.4616477484375 0.2910309296875 0.46159289843750007 0.2925997 0.46316442812499997 0.29268195937499997 0.46468040000000005 0.2943329515625 0.466251928125 0.2944152109375 0.46928529062499996 0.2977172703125 0.47085611250000003 0.29779949375000003 0.4845048375 0.3126581125 0.4844499875 0.3142268828125 0.48596666875 0.3158779140625 0.4859118203125 0.3174466828125 0.489054171875 0.31761116562499997 0.4905708515625 0.319262196875 0.4968562625 0.31959119999999996 0.4983729421875 0.321242228125 0.499944471875 0.3213244890625 0.5090431578125 0.3312300171875 0.5106146875 0.331312278125 0.5121313671875 0.3329633078125 0.5152737187499999 0.3331277890625 0.5167903984375 0.3347788203125 0.518361928125 0.33486108125 0.5229112609375 0.3398141328125 0.524482790625 0.3398963921875 0.54268085 0.3597080640625 0.544251671875 0.3597902875 0.5457683515625 0.3614413171875 0.575623875 0.3630040734375 0.5741079046875 0.3613530796875 0.5741627546875 0.359784309375 0.572591225 0.35970204843750003 0.5710745421875 0.35805101875 0.5663606609375 0.35780427656249997 0.56484398125 0.3561532453125 0.5601301000000001 0.355906503125 0.5358660296875 0.32949075 0.5342945 0.329408490625 0.53277781875 0.327757459375 0.5312069968750001 0.32767523593750003 0.5296902953125 0.32602478437500004 0.528118765625 0.3259425234375 0.5266020859375 0.32429149375 0.5250312640625 0.324209271875 0.523514584375 0.3225582421875 0.5203715250000001 0.3223937203125 0.5188555546875 0.32074272812500004 0.517284025 0.3206604703125 0.5157673453125 0.3190094390625 0.5141958140625 0.318927178125 0.5126798421875 0.3172761859375 0.5111083140625 0.317193925 0.50959163125 0.3155428953125 0.5064492796875 0.3153784125 0.5049326 0.31372738125 0.5033610703125 0.3136451203125 0.4988117390625 0.30869206875 0.497240209375 0.308609809375 0.49117419531250006 0.3020057265625 0.4912290453125 0.3004369546875 0.4897123453125 0.2987865046875 0.48976719375 0.297217734375 0.48825122031249996 0.295566740625 0.4851081609375 0.2954022203125 0.48359148125000007 0.2937511921875 0.4773060703125 0.2934221875 0.47579009843750003 0.2917711953125 0.4726470390625 0.29160667500000004 0.46809770781250004 0.2866536234375 0.4681525546875 0.2850848515625 0.460569865625 0.2768297375 0.45899833437500004 0.276747478125 0.4514163296875 0.26849298125 0.4498448 0.2684107203125 0.4483281203125 0.266759690625 0.446756590625 0.26667743125 0.44524061562500006 0.2650264375 0.4436690859375 0.26494417812500004 0.44215240624999996 0.26329314843749996 0.4405808765625 0.2632108875 0.4390649046875 0.26155989375 0.437493375 0.261477634375 0.43446001562500003 0.258175575 0.434514865625 0.25660680468749997 0.42693287968750004 0.248351728125 0.42536135 0.2482694671875 0.42384467031249995 0.2466184375 0.42227314062500004 0.246536178125 0.41469113437500005 0.23828167968749997 0.4131196046875 0.23819941875 0.41160292500000006 0.23654839062500002 0.4100313953125 0.23646613125 0.40851542343749997 0.2348151375 0.40694389375 0.2347328765625 0.40391053125000004 0.2314308171875 0.4023397109375 0.23134859375 0.3993063515625 0.2280465328125 0.396164 0.22788205156250002 0.3900979859375 0.22127796875 0.38852645625000004 0.22119570781250003 0.3870097765625 0.21954467656249999 0.383867425 0.21938019375 0.3762847109375 0.211125659375 0.37471318125 0.21104339843750003 0.3716805296875 0.20774137656249997 0.370109 0.20765911718750002 0.36252630625000004 0.1994040046875 0.36095477656249997 0.19932174375 0.357922125 0.196019721875 0.3563505953125 0.1959374609375 0.3533179421875 0.19263543593750002 0.3517464125 0.19255317656249998 0.34871303125 0.1892516953125 0.34714221093750003 0.18916947343749999 0.34562553125 0.18751844374999999 0.3440540015625 0.187436184375 0.34253732187499997 0.185785153125 0.3409665 0.1857029296875 0.3394498203125 0.1840519015625 0.3378782890625 0.183969640625 0.33636160937500004 0.182318609375 0.3316477265625 0.18207186718749999 0.330131046875 0.1804208359375 0.325417165625 0.1801740921875 0.3237907875 0.1816606046875 0.320648434375 0.1814961203125 0.3205935859375 0.183064890625 0.3189672078125 0.1845514 0.3188026578125 0.1892577109375 0.3203741875 0.189339971875 0.3218908875 0.1909904203125 0.32503323906250003 0.19115490468750002 0.326549921875 0.1928059359375 0.3281214515625 0.19288819375 0.3296374234375 0.1945391890625 0.3295825734375 0.19610795781249998 0.3326159328125 0.19941001875 0.3341874625 0.199492278125 0.3402534765625 0.2060963609375 0.3418242984375 0.2061785828125 0.3448576578125 0.20948064375 0.34642918749999996 0.2095629046875 0.3479451578125 0.2112138984375 0.35108821875 0.2113784171875 0.3556375515625 0.21633147187500001 0.35720908125 0.21641373125 0.3632751140625 0.2230172359375 0.36484664218749996 0.2230994953125 0.36636261718749996 0.22475049062500002 0.36793414687500003 0.22483274843749998 0.3694508265625 0.22648377812499998 0.37102235625 0.2265660390625 0.3740550078125 0.22986806249999997 0.37562653749999997 0.2299503203125 0.3771432171875 0.2316013515625
4 0.215644575 0.032983946874999996 0.20935916406250002 0.03265494375 0.20773351406249999 0.034140912499999995 0.187305753125 0.033071643750000004 0.185679371875 0.034558154687499995 0.17782243281250001 0.0341468921875 0.1761967609375 0.0356334375 0.17462523125 0.035551176562499995 0.1736379609375 0.0637884578125 0.22077818749999997 0.0662559625 0.22094273437499998 0.0615496546875 0.2225691140625 0.060063143750000006 0.2232272875 0.0412384828125 0.22171060781250002 0.039587453125 0.22176545781249998 0.038018681250000005 0.21873280624999997 0.034716659375 0.2171612765625 0.034634399999999996 0.215644575 0.032983946874999996
4 0.87681088125 0.43849058437500005 0.8784372609375 0.43700407343750003 0.836010915625 0.43478331406250004 0.8347494187500001 0.470863865625 0.8771757640625 0.47308462812499996 0.8781630140625 0.44484792500000003 0.8766463343750001 0.44319689375 0.87681088125 0.43849058437500005
1 0.853476178125 0.5205638109375 0.8504435062500001 0.5172623671875 0.8504983546875 0.515693596875 0.8474649953125001 0.5123915359375 0.8476843921875 0.5061164578125 0.8461684203125 0.5044654656249999 0.8462232703125 0.50289669375 0.844706590625 0.5012456640625 0.844761440625 0.49967689374999996 0.843244759375 0.4980258625 0.843299609375 0.49645709374999997 0.841782928125 0.49480606250000003 0.8418926078125001 0.491669103125 0.8403766359375 0.49001810937499996 0.840486334375 0.48688056875 0.8374529734375 0.483578509375 0.8375078234375 0.482009740625 0.8359911437499999 0.480358709375 0.8361008421875 0.47722116875 0.8330681890625 0.47391914531249996 0.8331230390625001 0.4723503765625 0.809552925 0.4711166234375 0.8085656546875001 0.49935390625 0.8100816265624999 0.5010048984375 0.8099719265624999 0.5041424375 0.8130052890625 0.5074444984375 0.8129504390625 0.50901326875 0.8174997703125 0.5139663203125 0.8174449234375001 0.5155350921874999 0.8189616031250001 0.517186121875 0.8189067734375 0.5187543140625 0.8219394250000001 0.5220563359375 0.821774878125 0.526762646875 0.8232915578125001 0.528413678125 0.8230721593749999 0.5346887578125 0.8245888406249999 0.5363397875 0.8245339906250001 0.5379085578125 0.8275666421875 0.5412105796875 0.8275117921874999 0.5427793484375 0.8290284937499999 0.5444298 0.857313196875 0.545910334375 0.8589388453125 0.5444243640625 0.8593776421875001 0.5318742046875 0.8578616718750001 0.5302232124999999 0.8579165218749999 0.528654440625 0.8548831578125 0.5253523828125 0.8549380078125 0.5237836109375 0.853421328125 0.52213258125 0.853476178125 0.5205638109375
4 0.7813619093749999 0.376916490625 0.781416759375 0.3753477203125 0.7753507468749999 0.3687436375 0.7376382828125 0.36676962031250004 0.736267065625 0.40598829218750004 0.7818357625 0.4083735359375 0.7834621421875 0.4068870265625 0.7842300140625 0.384924825 0.782713334375 0.3832737953125 0.7828778828125 0.378567484375 0.7813619093749999 0.376916490625
0 0.147338371875 0.365731603125 0.1458224 0.3640806109375 0.14587725 0.3625118390625 0.1428438890625 0.35920978125 0.14289873749999998 0.3576410109375 0.1413820375 0.355990559375 0.1414917375 0.3528530203125 0.1399757640625 0.3512020265625 0.1400306140625 0.34963325625 0.136997253125 0.3463311953125 0.137052103125 0.344762425 0.1355354234375 0.3431113953125 0.1356999703125 0.33840508593749996 0.1341839984375 0.33675409218749996 0.1342388484375 0.3351853234375 0.1312054875 0.3318832625 0.1312603171875 0.330315071875 0.1297436359375 0.3286640421875 0.1299081859375 0.32395773125 0.1283922125 0.3223067375 0.1284470625 0.32073796875 0.12238105156250001 0.31413388593749997 0.1113810515625 0.3135581015625 0.1097553796875 0.3150446484375 0.10818385 0.3149623890625 0.10807415000000001 0.318099928125 0.10644777187500001 0.3195864390625 0.1062283734375 0.32586151874999997 0.107745053125 0.32751255 0.10769020468749999 0.32908131875 0.110722878125 0.3323827625 0.11066802812500001 0.333951534375 0.1121847078125 0.3356025640625 0.11191046093749998 0.34344641249999996 0.11342714062499999 0.34509744375 0.11337229062500001 0.3466662125 0.11640494374999999 0.3499682359375 0.11635009375000001 0.3515370078125 0.1178667734375 0.3531880375 0.1177022453125 0.3578937671875 0.1192189265625 0.3595447984375 0.119164078125 0.36111356875 0.1237134078125 0.366066621875 0.12338431093749999 0.375479240625 0.12490099218749999 0.377130271875 0.12479129375 0.38026781249999997 0.12630799374999999 0.38191826406249996 0.148306578125 0.38306975625 0.1499329375 0.381583825 0.1500426359375 0.378446284375 0.1516690140625 0.376959775 0.15177871406250001 0.373822234375 0.14722867343749999 0.36886914375 0.147338371875 0.365731603125
3 0.3149663484375 0.163911225 0.256826121875 0.16086793906250002 0.2551997640625 0.16235387031249998 0.2504858828125 0.16210712656249998 0.24895011718750001 0.20603210781249998 0.313375753125 0.2094044 0.3149663484375 0.163911225
5 1 0.8119850703125 0.999167940625 0.8110789046875 0.999222790625 0.8095101359375001 0.9977061109375001 0.8078591046874999 0.9977609609375 0.8062903359375 0.9962442812500001 0.8046393046875 0.9963539578124999 0.80150234375 0.9948372781250001 0.7998513125 0.995056678125 0.7935762328125 0.9935407046875 0.7919252421875 0.9938698015625 0.7825126203125 0.9923531203125 0.780861590625 0.9924079703125 0.7792928203125 0.9908912703125001 0.7776423671875 0.9910558187499999 0.772936059375 0.9895391375000001 0.771285028125 0.9897036874999999 0.7665787203125001 0.9881877156250001 0.764927725 0.9882974125 0.7617901859375 0.9867807328125 0.7601391546875 0.9868355828125001 0.7585703859375 0.985318903125 0.75691935625 0.985373753125 0.7553505859375 0.96808905 0.7544458374999999 0.9632106203124999 0.7589054015625 0.9616390906250001 0.75882314375 0.9551342828125 0.7647692203124999 0.9550794328125001 0.7663379890625001 0.9534530531250001 0.7678245 0.9516979093750001 0.818023984375 0.9548409687499999 0.8181885046874999 0.956356940625 0.819839496875 0.9579284703125 0.81992175625 0.9639944828125 0.8265258390625 0.963939653125 0.82809403125 0.966973015625 0.831396090625 0.966918165625 0.8329648625000001 0.9684341375000001 0.8346158546875 0.9683244375 0.8377533937500001 0.96984111875 0.839404425 0.9697862703125001 0.8409731953125 0.9713029499999999 0.842624225 0.9712481000000001 0.8441929953124999 0.9727647796875001 0.8458440250000001 0.9726550812499999 0.8489815640625 0.9741710546875 0.850632559375 0.9741162046875 0.852201328125 0.9756329046875001 0.8538517796875 0.9752489578124999 0.8648331703125001 0.9767656375 0.8664842 0.9762171640625 0.8821713203125 0.9729644046875 0.8851443421875 0.9713935828125001 0.88506211875 0.9697672031250001 0.886548628125 0.9681956749999999 0.8864663687500001 0.9665692968749999 0.887952878125 0.964998475 0.88787065625 0.9568672875 0.8953032437499999 1 0.8975609796875 1 0.8119850703125
0 0.6608421359375 0.40204025468750004 0.6592157578125 0.40352676406250004 0.6586124343749999 0.42078265468750004 0.6853256062499999 0.42218092812499997 0.68576438125 0.409631346875 0.6842477015624999 0.40798031718749994 0.6843025515625001 0.4064115484375 0.682785871875 0.40476051718750006 0.682840721875 0.403191746875 0.6798080671875 0.3998897234375 0.6688080671875001 0.3993139421875 0.6671823953125 0.4008004875 0.6640393359375001 0.4006359671875 0.662412959375 0.4021224765625 0.6608421359375 0.40204025468750004
4 0.8928180749999999 0.3858938265625 0.8912465453125 0.3858115671875 0.8897298656249999 0.3841605375 0.8551604609375 0.3823510390625 0.853569865625 0.42784421093749997 0.9054246812500001 0.430558496875 0.9055343812500001 0.42742095625000004 0.9040177 0.4257699265625 0.904237078125 0.41949542500000003 0.9027203984375 0.4178443953125 0.9029946453125 0.4100005453125 0.901477965625 0.408349515625 0.9018070625 0.39893689375 0.9002910890625 0.397285903125 0.90040076875 0.39414893906250004 0.8928180749999999 0.3858938265625