0 0.38058688749999997 0.696230146875 0.40556159531249997 0.6972490312499999 0.4090777671875 0.6423129750000001 0.384103059375 0.641294090625 0.38058688749999997 0.696230146875
1 0.81090038125 0.41502078906250006 0.812565765625 0.4150887296875 0.8143366890625 0.4134919453125 0.816002071875 0.41355988750000006 0.8161086187500001 0.41189520156250004 0.8231943765624999 0.4055074328125 0.8233009234375 0.403842746875 0.82507285625 0.402246003125 0.8252859499999999 0.3989166296875 0.8305997312500001 0.3941263171875 0.830706278125 0.39246163125 0.8324782093750001 0.3908648875 0.8327978546875 0.38587083125 0.8398836093750001 0.3794830609375 0.8399901578125 0.3778183765625 0.84707586875 0.3714313171875 0.847182415625 0.3697666328125 0.8560400593749999 0.3617828296875 0.8561466062499999 0.3601181453125 0.8579185359375 0.3585214015625 0.8595829140625 0.358589303125 0.8613548906249999 0.3569918453125 0.8614614375 0.355327159375 0.86854715 0.348940103125 0.8686536968749999 0.34727541562500003 0.8721965515625 0.34408188906250003 0.8738619359375001 0.34414983125 0.875632859375 0.34255304531249997 0.87729824375 0.34262098750000003 0.8790701734375 0.34102424375 0.8797095078125 0.331035415625 0.8781506734375 0.3293027890625 0.8782572203125 0.3276381015625 0.8599430375000001 0.326890946875 0.8597299421875 0.3302203171875 0.8579580109375 0.3318170625 0.8578514171875 0.3334824609375 0.85076570625 0.3398695171875 0.850659159375 0.3415342046875 0.8471163046875001 0.34472773125 0.8454509203124999 0.3446597890625 0.843679996875 0.346256575 0.8435734484375 0.34792126093750003 0.8364877375 0.35430831875 0.8363811906249999 0.3559730046875 0.8310663593750001 0.3607639875 0.8309598093749999 0.3624286734375 0.8291878796875001 0.36402541718750003 0.8289747828125 0.367354790625 0.8254319265625 0.37054831875 0.8237675515625 0.3704804171875 0.8219956203125 0.3720771609375 0.8216759765624999 0.37707121875 0.8199040453125 0.3786679625 0.8197974953125 0.380332646875 0.8144836734374999 0.385123675 0.814377125 0.3867883578125 0.8072914140625 0.39317541718750004 0.8071848671874999 0.394840103125 0.803641003125 0.3980335890625 0.8035344546875001 0.3996982765625 0.7999915984375 0.40289180468749997 0.799778503125 0.4062211765625 0.79800758125 0.4078179609375 0.7979009875 0.40948335937499997 0.7961290562500001 0.41108010312500004 0.7960225078125001 0.41274478906249995 0.797687890625 0.4128127328125 0.8008045562499999 0.4162779453125 0.8091294578125 0.4166175734375 0.81090038125 0.41502078906250006
0 0.9938970359375 0.2422259125 0.9922326609375001 0.24215801093749997 0.9863723921875 0.33371786718749996 0.995976884375 0.3341096984375 0.9971027890625 0.2373496 0.9958820640624999 0.2372997984375 0.9956689687500001 0.24062916875 0.9938970359375 0.2422259125
0 0.3346215125 0.8145281171875001 0.3579308359375 0.8154790578125001 0.3601683859375 0.78051994375 0.3368590625 0.779569003125 0.3346215125 0.8145281171875001
0 0.8592505265625 0.4420295140625 0.8192924046875 0.4403993578125 0.8132190390625 0.535288584375 0.8498473984375 0.5367828968749999 0.8516193328125 0.5351861515625 0.8532837078125001 0.535254053125 0.8592505265625 0.4420295140625
3 0.8669753796874999 0.2170188359375 0.8679343125000001 0.20203666406249998 0.8196512874999999 0.20006687968749998 0.8177333796875 0.2300319359375 0.8610212609375001 0.231797934375 0.8645641171875 0.22860440624999998 0.8652034499999999 0.2186155796875 0.8669753796874999 0.2170188359375
5 0.303530771875 0.98732790625 0.31091364375 0.8719791984375 0.219341728125 0.8682433765625 0.2119588578125 0.9835920828125 0.303530771875 0.98732790625
0 0.52844828125 0.9159042718749999 0.528554828125 0.9142395859375 0.5320976843749999 0.9110460578125 0.537425215625 0.8278096312500001 0.489142190625 0.8258398484375 0.483068825 0.9207290734375 0.52469233125 0.922427171875 0.5264632546875 0.9208303875 0.52667635 0.9175010171875 0.52844828125 0.9159042718749999
0 0.1520914828125 0.9539606640624999 0.1937149890625 0.9556587609375 0.1998949484375 0.8591041374999999 0.1582714421875 0.8574060390625 0.1520914828125 0.9539606640624999
5 0.5030459984375 0.5042745046875 0.5879583921875 0.507738640625 0.5960562140625 0.381219671875 0.5111438203125 0.3777555359375 0.5030459984375 0.5042745046875
4 0.47679386562500004 0.7318673984374999 0.4817890078125 0.7320711828124999 0.4853318640625 0.728877653125 0.48699724843750003 0.7289455953124999 0.488768171875 0.7273488125 0.4888747203125 0.725684125 0.49064664999999996 0.72408738125 0.49160562656250006 0.709104496875 0.490046790625 0.7073718703125 0.446758909375 0.7056058703125 0.44516064687499995 0.7305768687499999 0.4668045875 0.73145986875 0.46857651718750004 0.729863125 0.4752360390625 0.7301348109375 0.47679386562500004 0.7318673984374999
0 0.7094192390625 0.5661050171875 0.7079275703125 0.58941061875 0.7262417515624999 0.5901577765625 0.727626875 0.5685168593750001 0.7293988062500001 0.566920115625 0.7094192390625 0.5661050171875
1 0.4255146640625 0.85495639375 0.4272855890625 0.8533596078125001 0.427498684375 0.8500302375000001 0.42927061718750004 0.84843349375 0.42937721093750003 0.8467680968750001 0.4346919953125 0.8419778234375 0.4363563703125 0.842045725 0.43812830468749997 0.84044898125 0.4414580640625 0.8405848234375 0.44322898750000006 0.8389880390625001 0.44333553437499995 0.837323353125 0.46813657343750004 0.81496798125 0.46980195937499997 0.8150359234375 0.4715728828125 0.8134391375 0.47167942968750004 0.8117744515625 0.4769942171875 0.8069841796875 0.47720731250000004 0.8036548078125 0.4789792453125 0.8020580640625001 0.47919234062499994 0.79872869375 0.4809632640625 0.7971319078125 0.4810698578125 0.795466509375 0.4881565765625 0.78907949375 0.4898209515625 0.7891473953125 0.491592884375 0.78755065 0.4916994328125 0.7858859640625 0.4934703546875 0.7842891796875 0.493576903125 0.78262449375 0.505977446875 0.771446453125 0.50608399375 0.769781765625 0.5078559234375 0.768185021875 0.5080690203125 0.7648556515625 0.5098399437500001 0.763258865625 0.509946490625 0.76159418125 0.5205760671874999 0.752013634375 0.5206826140625 0.7503489484375 0.5224535375 0.7487521625 0.522560084375 0.7470874796875 0.5243320640625 0.7454900234374999 0.5244386109375 0.7438253359375 0.5279814671875 0.7406318078125 0.5280880140625 0.7389671234375 0.53163086875 0.7357735953125 0.533296253125 0.7358415359375 0.5350671765625 0.73424475 0.54006231875 0.734448534375 0.5436051749999999 0.73125500625 0.545270559375 0.7313229484375 0.5470414828125 0.7297261640625 0.548706865625 0.72979410625 0.5557925765625 0.7234070484374999 0.557456953125 0.7234749500000001 0.561000815625 0.7202814609375 0.561107409375 0.7186160640625 0.5628783328125 0.717019278125 0.5630914296875 0.7136899078125001 0.5648633609375 0.712093165625 0.5653961 0.7037697359374999 0.5671670234375 0.70217295 0.5672735703125 0.7005082640625 0.569045503125 0.6989115203125 0.570709878125 0.6989794218750001 0.5724818093749999 0.697382678125 0.5725883578125 0.6957179906250001 0.576131259375 0.69252375 0.5777966421875 0.6925916921875 0.5831104203125 0.687801378125 0.5847758046875 0.6878693203124999 0.584882353125 0.6862046359375 0.5937399953125 0.678220834375 0.5938465421875 0.6765561484375 0.6062470875 0.66537810625 0.606353634375 0.66371341875 0.6081245578125001 0.6621166359374999 0.608337653125 0.6587872640625 0.6101095859375001 0.6571905203124999 0.6102161328125 0.655525834375 0.6119870578125 0.6539290484375 0.6136524390625 0.6539969906249999 0.6137589875 0.6523323046875 0.6226166296875 0.6443485046874999 0.6228297703125001 0.641018421875 0.6246006953125 0.6394216359375 0.62470724375 0.63775695 0.6282500984375 0.6345634203125 0.6299154828125 0.6346313625 0.6316874140625 0.6330346203125 0.6317939609375001 0.631369934375 0.6335648859375 0.6297731484375 0.63523026875 0.629841090625 0.6353368171875 0.6281764046875 0.651280215625 0.613804834375 0.6513867624999999 0.6121401484375 0.6549296171875 0.60894661875 0.6565939953125 0.6090145203125 0.658365925 0.6074177781250001 0.6584724734375 0.605753090625 0.670872971875 0.5945757609375 0.6709795187500001 0.5929110750000001 0.6745224203125 0.5897168359375 0.675055159375 0.58139340625 0.673389775 0.5813254640625 0.6716188515625 0.5829222484375001 0.66995346875 0.5828543046875 0.66818254375 0.584451090625 0.6665171609375 0.5843831500000001 0.6647462359375 0.5859799328124999 0.663080853125 0.5859119921875 0.6595379984374999 0.589105521875 0.6578726140625 0.5890375796875 0.656101690625 0.5906343625 0.6544363078125001 0.5905664203125001 0.6491224812499999 0.5953574484375 0.6474570984375 0.5952895046875 0.6456851671875 0.5968862500000001 0.6440207921875001 0.5968183484375 0.6404779359375 0.6000118765625 0.6403713890625 0.6016765625 0.6385994546875 0.60327330625 0.6384929078125 0.6049379921875 0.6331791296875 0.60972830625 0.63307258125 0.6113929921875 0.63130065 0.6129897359375 0.631194103125 0.614654421875 0.6294221234374999 0.6162518765625 0.6293155765625 0.6179165625 0.6222298671875001 0.6243036203125001 0.6205654921875 0.6242357203125 0.620352396875 0.627565090625 0.6185804640625 0.629161834375 0.618473915625 0.630826521875 0.61138820625 0.637213578125 0.6112816578125 0.6388782640625 0.609509725 0.640475009375 0.609296584375 0.643805090625 0.6039828046875 0.64859540625 0.602317421875 0.6485274640625 0.597002634375 0.6533177343750001 0.5968960859375 0.654982421875 0.5951251625 0.65657920625 0.595018615625 0.65824389375 0.593246684375 0.6598406375 0.5915823078125 0.6597727359375 0.5898103765625 0.661369478125 0.5881449921875 0.6613015359375 0.5792883140625 0.669286090625 0.579181765625 0.670950778125 0.5756389093750001 0.67414430625 0.5754258140624999 0.6774736765625 0.5736538828125 0.6790704203125 0.5735473328125 0.68073510625 0.5700044796875 0.6839286359375001 0.56989793125 0.685593321875 0.568126 0.6871900640625 0.567912903125 0.6905194375 0.56614198125 0.6921162234375 0.5660353875 0.6937816203125 0.5536348890625 0.7049589484375 0.5519695046875001 0.70489100625 0.5431118625 0.7128748093749999 0.5414474874999999 0.7128069078125 0.5272750140625 0.7255816953124999 0.527168465625 0.7272463796874999 0.5253975421875 0.7288431656250001 0.5250778984375 0.733837221875 0.5179921875 0.7402242796875 0.5178856390625 0.7418889656250001 0.5143417765625 0.745082453125 0.5126774000000001 0.745014553125 0.5109054234375 0.7466120078125 0.510798875 0.7482766921875 0.5090279515625 0.7498734781249999 0.50736256875 0.7498055359375 0.5038197140625 0.7529990640625 0.503713165625 0.7546637515625 0.4913126671875 0.7658410812499999 0.4912061203125 0.767505765625 0.489435196875 0.7691025515625001 0.4893286484375 0.7707672375 0.4875566703125 0.7723646953125 0.4874501234375 0.7740293781250001 0.4856781921875 0.775626121875 0.48401381718750003 0.775558221875 0.48390726875 0.7772229078125 0.47504962656250005 0.7852067093749999 0.47494307812500003 0.78687139375 0.46077161093749996 0.799646221875 0.4606650640625 0.8013109078125 0.45535027499999997 0.8061011812500001 0.45524372812499997 0.8077658671875 0.45347179843749996 0.809362609375 0.45336524999999994 0.8110272953125 0.44805147031250003 0.8158176109375 0.4463860859375 0.81574966875 0.44461415468750004 0.8173464125000001 0.44294977968750004 0.8172785109375 0.44117784687499995 0.818875253125 0.44107130000000005 0.8205399390625001 0.43752839843749997 0.8237341812500001 0.43742184999999995 0.8253988671875 0.4285642078125 0.83338266875 0.42845765937499997 0.8350473515625 0.42137195 0.8414344109374999 0.419707575 0.8413665109374999 0.4184289546875 0.861343453125 0.4217587140625 0.8614792953125001 0.4218652609375 0.859814609375 0.4254081171875 0.8566210796875 0.4255146640625 0.85495639375
4 0.9404185187499999 0.1649355640625 0.9422298781249999 0.1366351921875 0.9089312749999999 0.1352767234375 0.9066937234375001 0.1702358359375 0.93166843125 0.17125471875 0.9352112874999999 0.168061190625 0.9368756625 0.168129090625 0.9404185187499999 0.1649355640625
0 0.7639746453125 0.1310320171875 0.783954209375 0.1318471171875 0.7848065937500001 0.11852962812500001 0.7648270296875 0.1177145296875 0.7639746453125 0.1310320171875
1 0.3286405203125 0.5689298968750001 0.33331602031249996 0.5741277390625 0.333209471875 0.5757924265625001 0.3347673 0.5775250125 0.33455415781250003 0.5808550953125 0.34078849375 0.5877855656250001 0.34068194531249996 0.58945025 0.3422397734375 0.5911828375 0.342133225 0.592847525 0.3530420078125 0.60497650625 0.352935459375 0.6066411921875 0.357610959375 0.6118390359375 0.35927533437500003 0.6119069359375 0.3608341703125 0.6136395640625001 0.360727621875 0.61530425 0.36239199843750003 0.6153721484375 0.36395083437500003 0.6171047781250001 0.36561621875 0.6171727203125 0.378082875 0.631033578125 0.37974825624999997 0.6311015203125 0.381306084375 0.6328341078124999 0.3896309875 0.633173734375 0.39058991718749997 0.6181915625000001 0.3890310828125 0.616458934375 0.3891376296875 0.61479425 0.3844631390625 0.609596446875 0.3845696875 0.6079317609375 0.38301085156250003 0.6061991328125 0.3813464765625 0.6061312328125 0.37822885 0.602665265625 0.378335396875 0.6010005796875 0.3767775703125 0.5992679921875 0.3751121859375 0.59920005 0.3470612484375 0.56801236875 0.347167796875 0.56634768125 0.34560996875 0.5646150953125 0.3439445859375 0.564547153125 0.3423867578125 0.562814565625 0.34249330625 0.56114988125 0.340934471875 0.5594172515625 0.34104101875000004 0.5577525671875 0.33948218125 0.5560199390625 0.3395887296875 0.554355253125 0.3349142828125 0.549156740625 0.316600103125 0.548409584375 0.316173865625 0.5550690390625 0.32240719375000004 0.5619994671875 0.3240715703125 0.56206736875 0.32874706875 0.5672652125 0.3286405203125 0.5689298968750001
3 0.36151293125 0.5769471109375 0.40813158125 0.57884899375 0.4101560359375 0.54721925 0.3635373875 0.5453173671875 0.36151293125 0.5769471109375
0 0.943616240625 0.3236284 0.9425507171874999 0.34027596875 0.9625302828125 0.3410910671875 0.9643012046875 0.33949428125000003 0.9652601828125 0.3245113984375 0.943616240625 0.3236284
0 0.3507652171875 0.8752740421875 0.32745589218750004 0.8743231 0.3252183390625 0.9092822140625 0.34519790625 0.9100973124999999 0.3469698375 0.9085005687500001 0.3486342140625 0.9085684687500001 0.3507652171875 0.8752740421875
1 0.6278910265625 0.6662611046875 0.6412100656249999 0.6668044765625 0.6420624484374999 0.653486990625 0.628743409375 0.65294361875 0.6278910265625 0.6662611046875
4 0.556498021875 0.738457121875 0.5248648031250001 0.73716659375 0.5222010140625 0.7787851625 0.5237588421875 0.78051775 0.5503979250000001 0.781604534375 0.5539407796875 0.7784110046875 0.556498021875 0.738457121875
0 0.44097726249999997 0.5351243921875 0.4226630828125 0.5343772359375001 0.4218107 0.5476947203125 0.4351297359375 0.5482380921875001 0.4369016671875 0.5466413484375 0.440231428125 0.5467771921875 0.44097726249999997 0.5351243921875
5 0.8740218515624999 0.445970196875 0.85903743125 0.44535888437500004 0.855201615625 0.5052889984375 0.8585313749999999 0.505424840625 0.8603033046874999 0.503828096875 0.8702925828125 0.5042356265625 0.8740218515624999 0.445970196875
0 0.2366436109375 0.7804876515625 0.2116689046875 0.7794687687499999 0.2093247578125 0.8160932796875 0.23263408281250003 0.817044221875 0.2327406296875 0.8153795359375 0.23451256250000002 0.8137827921874999 0.2366436109375 0.7804876515625
4 0.477166690625 0.6217236015625 0.4821618328125 0.6219273859375 0.48393275625000004 0.6203306000000001 0.4853179234375 0.5986889734374999 0.48708985625 0.5970922296875 0.48772914375000004 0.5871041140625 0.45942467656249997 0.5859493890625 0.4571871234375 0.620908503125 0.4688417875 0.6213839734375 0.470400621875 0.6231166 0.4753957640625 0.6233203859375 0.477166690625 0.6217236015625
5 0.363551140625 0.46687125625 0.346901334375 0.46619200000000005 0.34295892499999997 0.5277875109375 0.3562779640625 0.5283308828125 0.3563845109375 0.5266661953125 0.3599284203125 0.523471996875 0.363551140625 0.46687125625
4 0.8974897078125 0.13147187968750002 0.89823554375 0.11981907812499999 0.869932084375 0.11866439375 0.8670552468749999 0.163611621875 0.893694328125 0.16469840625 0.897237184375 0.161504878125 0.8990485453125 0.13320450781249998 0.8974897078125 0.13147187968750002
0 0.3193313859375 0.9490995421875 0.3409753265625 0.949982540625 0.3417211625 0.938329740625 0.3200772203125 0.937446740625 0.3193313859375 0.9490995421875
0 0.6318598859375 0.44777403906249996 0.6518384421875 0.44858909843749994 0.6525842765625 0.436936296875 0.6326057203125 0.4361212390625 0.6318598859375 0.44777403906249996
5 0.7238187500000001 0.680189540625 0.748792453125 0.6812083828125 0.7572099625 0.54969464375 0.7322362625000001 0.5486758015625 0.7238187500000001 0.680189540625
4 0.3525763890625 0.6383388765625 0.35044538593749996 0.6716333046875 0.37708446875 0.6727200890625 0.3806273234375 0.669526559375 0.38254523125 0.6395615046875001 0.3525763890625 0.6383388765625
4 0.9777684687500001 0.52030350625 0.9781946609375 0.5136447609375 0.9799655828124999 0.5120479765625 0.9811376562499999 0.4937357203125 0.9829095875 0.49213897656250005 0.9833357796875 0.4854802328125 0.9817769437500001 0.48374760625 0.94681295625 0.4823211953125 0.9443623109375 0.520609678125 0.95768235625 0.521153090625 0.9592411921874999 0.5228857203125 0.9742256125000001 0.523497034375 0.9777684687500001 0.52030350625
5 0.3751231203125 0.9902486312500001 0.378243984375 0.94148878125 0.3399502375 0.9399265265625001 0.33682937343749997 0.988686375 0.3751231203125 0.9902486312500001
5 0.6520782234375 0.49700225312499996 0.6837124484375 0.49829282187499996 0.6875482640625 0.43836270781250003 0.6559140375 0.43707214062500005 0.6520782234375 0.49700225312499996
1 0.7770678421875 0.2133509140625 0.783302178125 0.220281384375 0.7849665546875 0.22034928437499998 0.7927586718749999 0.229013053125 0.79442405625 0.2290809953125 0.795981884375 0.23081358125 0.7958753359374999 0.2324782671875 0.7989919984375 0.23594348125 0.79888545 0.23760816875000002 0.8038805953124999 0.23781195312499998 0.8056525265625 0.2362152078125 0.807316903125 0.23628310937500002 0.809088834375 0.234686365625 0.8096215734375001 0.22636293749999997 0.8033872843750001 0.21943175468749998 0.8036003796875001 0.2161023828125 0.8020425515625 0.21436979687500002 0.8021490984374999 0.2127051109375 0.7974736 0.20750726875 0.7975801484375 0.20584258281249998 0.79290565625 0.20064478125 0.7729260906250001 0.1998296828125 0.7723933515625 0.20815311250000001 0.773951178125 0.2098857 0.7756165640625 0.209953640625 0.7771743921875001 0.211686228125 0.7770678421875 0.2133509140625
0 0.9004476531250001 0.2417515609375 0.878802703125 0.2408685203125 0.878056821875 0.2525220328125 0.8963720125 0.25326923125 0.8981429796875 0.2516717328125 0.899808365625 0.2517396765625 0.9004476531250001 0.2417515609375
4 0.5825370125 0.5141943125 0.58051255625 0.5458240546875001 0.610482409375 0.5470467234374999 0.61225333125 0.5454499375 0.6141712390625 0.51548488125 0.5825370125 0.5141943125
5 0.820063771875 0.2718535375 0.8202768671875 0.26852416562500003 0.805292446875 0.267912853125 0.8010303953125 0.33450241875 0.8160148156249999 0.3351137328125 0.8177867484375 0.3335169890625 0.8216226093750001 0.2735861640625 0.820063771875 0.2718535375
0 0.7033052515625 0.4790630375 0.7048640859375 0.4807956640625 0.7131889890625 0.48113529218749995 0.7202746999999999 0.47474823437499997 0.7204877953125 0.47141886250000004 0.7222597265624999 0.46982211874999996 0.7224728218750001 0.46649274687500003 0.697498115625 0.4654738625 0.695727190625 0.46707064843749996 0.695194453125 0.475394078125 0.6967522796875001 0.477126665625 0.6984176640624999 0.47719460781249995 0.699975490625 0.47892719375 0.7033052515625 0.4790630375
5 0.572708890625 0.8242412734375 0.596018215625 0.825192215625 0.6044357265625 0.6936784765625 0.5811264015625001 0.6927275359375 0.572708890625 0.8242412734375
5 0.82998670625 0.038588084375 0.8221019796875 0.1617776828125 0.8387507781249999 0.16245689531250002 0.8405227078124999 0.160860153125 0.8483008875 0.0393352421875 0.82998670625 0.038588084375
4 0.8749808281250001 0.4309873140625 0.8767527609375 0.42939056875 0.8797361921875 0.3827779421875 0.8781773562499999 0.3810453171875 0.849873896875 0.37989063125 0.846890465625 0.42650325625 0.8484482921875 0.42823584375 0.8501136765625 0.42830378593749996 0.851671503125 0.4300363734375 0.8749808281250001 0.4309873140625
5 0.30910668124999996 0.6531523203125 0.30884165625 0.6518449562499999 0.301731234375 0.7243108546875 0.331276265625 0.726975434375 0.33301745625 0.6547971234375 0.30910668124999996 0.6531523203125
0 0.25742118281250004 0.6645001671874999 0.2823958921875 0.6655190515625 0.28324832031249997 0.652200853125 0.25827361249999997 0.6511819703125 0.25742118281250004 0.6645001671874999
1 0.6729635843749999 0.58798420625 0.67307013125 0.5863195203125 0.67661399375 0.5831260328125001 0.6782783703125 0.5831939328125 0.680050303125 0.5815971906249999 0.68015685 0.5799325046875 0.68369970625 0.576738975 0.68536408125 0.5768068765625001 0.6871360125 0.5752101328125 0.687242559375 0.5735454468750001 0.694328271875 0.5671583890624999 0.6945414125 0.56382830625 0.69631334375 0.5622315625 0.696419890625 0.5605668765625 0.7017336703125 0.5557765625 0.7019467671874999 0.5524471906249999 0.7037186984375 0.550850446875 0.7039317953124999 0.5475210749999999 0.7057037265625 0.5459243328125 0.6907193031250001 0.54531301875 0.688947371875 0.5469097609375 0.6888408234375001 0.5485744484375 0.6835260375 0.5533647203125 0.683419490625 0.55502940625 0.6781057109375 0.5598197203125 0.6779991625 0.5614844046874999 0.6762272312500001 0.5630811515625 0.6761206375000001 0.564746546875 0.667262996875 0.5727303484374999 0.6671564484375 0.574395034375 0.6653855234375 0.5759918203125001 0.663720140625 0.5759238765625 0.6619492171875 0.5775206625 0.6602838328125 0.5774527203125001 0.6585119015625 0.5790494640625 0.6576594734375 0.5923676625 0.6659843765625 0.592707290625 0.6695272765625 0.58951305 0.6711926593750001 0.5895809921875 0.6729635843749999 0.58798420625
0 0.30871413593749997 0.462965059375 0.3079682546875 0.47461857343749997 0.3262824359375 0.475365728125 0.32805436875 0.47376898437500004 0.3286937 0.4637801578125 0.30871413593749997 0.462965059375
0 0.7609784687500001 0.256090796875 0.75138893125 0.4059160796875 0.7763626328125001 0.4069349203125 0.7799064953125 0.403741434375 0.7892829375 0.2572455234375 0.7609784687500001 0.256090796875
3 0.47767274375 0.5616576453125 0.51430110625 0.5631519593750001 0.5155797265625 0.5431750171874999 0.47895136406249994 0.541680703125 0.47767274375 0.5616576453125
1 0.852776221875 0.17805109531250002 0.8543350593750001 0.179783721875 0.9325869265625 0.1829761328125 0.9343588593750001 0.1813793890625 0.947677896875 0.18192276093749998 0.9494498281249999 0.18032601718750002 0.9844138140625001 0.1817524296875 0.9861847390625 0.18015564374999998 0.9895144968749999 0.1802914859375 0.9900472812500001 0.1719673453125 0.83687330625 0.1657183671875 0.8367667593749999 0.1673830546875 0.8445578671874999 0.17604678125 0.8495530125 0.17625056562500002 0.8511118468750001 0.17798319375 0.852776221875 0.17805109531250002
1 0.40506947968749996 0.8875036656249999 0.40496293281250006 0.8891683515625 0.4031910015625 0.8907650953124999 0.4022320234375 0.90574798125 0.4188818296875 0.9064272359375 0.42065275468749996 0.9048304500000001 0.4217182796875 0.88818288125 0.40506947968749996 0.8875036656249999
5 0.4471725453125 0.9860280749999999 0.473811628125 0.9871148578125 0.4824422359375 0.8522717484375001 0.4558031515625 0.8511849640625 0.4471725453125 0.9860280749999999
3 0.9214917328125001 0.2259190484375 0.9230505250000001 0.2276523875 0.9229439749999999 0.2293170734375 0.9379283984375 0.2299283875 0.9397003296875001 0.22833164374999998 0.9413647046875001 0.22839954218749997 0.9429235421875 0.230132171875 0.9629020984375 0.23094722812500001 0.965033146875 0.1976520890625 0.9150857468750001 0.19561440624999998 0.91359403125 0.21892071875000002 0.9151518578125 0.22065330468750002 0.9184816171874999 0.220789146875 0.9215982796875 0.22425436250000003 0.9214917328125001 0.2259190484375
3 0.665278975 0.5776565046875 0.6654920703125 0.5743271328125 0.667262996875 0.5727303484374999 0.66950059375 0.5377705234375 0.6029033859374999 0.5350535828125 0.599280621875 0.5916550359375 0.6458982640625 0.593556878125 0.64767019375 0.5919601328125 0.649335578125 0.592028075 0.665278975 0.5776565046875
1 0.65229131875 0.49367288125000003 0.6839255453125 0.49496345 0.6875482640625 0.43836270781250003 0.6559140375 0.43707214062500005 0.65229131875 0.49367288125000003
1 0.7840213296874999 0.15688605625000002 0.802335509375 0.1576332125 0.804679609375 0.1210094125 0.786365428125 0.1202622578125 0.7840213296874999 0.15688605625000002
0 0.41146253593750004 0.7876196703125 0.41323345937499995 0.786022884375 0.415257915625 0.7543931421875001 0.39527835 0.7535780437499999 0.393147346875 0.7868724734375 0.3964781125 0.78700835625 0.39824903906250003 0.785411571875 0.3998078734375 0.7871442 0.41146253593750004 0.7876196703125
1 0.39450702656250003 0.922123153125 0.3952528609375 0.9104703515624999 0.375273296875 0.909655253125 0.37410122343749996 0.927967509375 0.3907510296875 0.928646765625 0.392521953125 0.9270499796875 0.3927350953125 0.923719896875 0.39450702656250003 0.922123153125
2 0.3639409859375 0.5522133296875 0.415680265625 0.6259469531249999 0.43819902187500004 0.6254477828125 0.3857060921875 0.5566355703125 0.633523353125 0.56700326875 0.3963450890625 0.8138794203125 0.4062928390625 0.8337435078125001 0.8838921921875 0.3052436453125 0.871683109375 0.2878796921875 0.6394320875 0.5558072765625 0.376063528125 0.540799175 0.3639409859375 0.5522133296875
2 0.958029365625 0.19967974375 0.8329988703125 0.1983008875 0.8182826125 0.206685746875 0.9945824734375 0.4539450921875 0.9948001 0.4352422734375 0.8964434984375 0.2888999203125 0.9673581796875 0.2158701109375 0.958029365625 0.19967974375
2 0.8877359984375 0.27550843281250004 0.9468887671875 0.21381768281250002 0.8435097140625001 0.210141053125 0.8886556953125 0.277312640625 0.8877359984375 0.27550843281250004
1 0.7009468062499999 0.5740395984375 0.9907374062500001 0.23831082499999998 0.9792566 0.229497284375 0.683129965625 0.5634533796875 0.7009468062499999 0.5740395984375
1 0.442199175 0.7972016578125001 0.4513158984375 0.8099311390624999 0.6602358203125 0.588135709375 0.6480064328124999 0.570030959375 0.442199175 0.7972016578125001
1 0.9942214921874999 0.48496763437499996 0.8076522859375 0.225058115625 0.78639506875 0.22522342499999998 0.9929308656250001 0.5186237015625 0.9940296234374999 0.5014569078125 0.9942214921874999 0.48496763437499996
3 0.458116203125 0.665800496875 0.46099786875 0.6207778265624999 0.41124805625 0.6187482046875 0.4083663890625 0.6637708734375 0.458116203125 0.665800496875
3 0.4075975109375 0.8775205359375 0.41163485 0.8144418234374999 0.35445533125 0.81210909375 0.3504179890625 0.8751878062499999 0.4075975109375 0.8775205359375
1 0.398763371875 0.5846084703125001 0.6094052203125 0.598254709375 0.6219574484375 0.5822748421874999 0.39165613125 0.5709134546875 0.398763371875 0.5846084703125001
1 0.345682271875 0.5004298625 0.3474189703125 0.46735839375 0.3238350609375 0.46466513593750003 0.3217076015625 0.49945177812499997 0.345682271875 0.5004298625
5 0.396903228125 0.5381243437500001 0.4045661171875 0.39758745 0.3782424859375 0.40573709999999996 0.36647702031249996 0.537588775 0.396903228125 0.5381243437500001