3 0.153742434375 0.2772049984375 0.121161803125 0.28418201249999997 0.1320194046875 0.3280551328125 0.1646000359375 0.32107811875 0.153742434375 0.2772049984375
1 0.209966334375 0.30943565781250004 0.1820318828125 0.30079330937500004 0.18223708125 0.3232137515625 0.21305730781249999 0.34021736874999997 0.209966334375 0.30943565781250004
5 0.07659764687500001 0.2065752 0.0058630921875 0.1678970109375 0.0100927109375 0.289017409375 0.08449635 0.3195655515625 0.07659764687500001 0.2065752
5 0.090452134375 0.3815935828125 0.0912031515625 0.3823092890625 0.21788612812500002 0.4480223375 0.2169219234375 0.42250823593750003 0.08907368125000001 0.35719817656249997 0.090452134375 0.3815935828125
5 0.1867509953125 0.3377003890625 0.164221765625 0.3256905953125 0.1655102703125 0.3485219234375 0.191006415625 0.3636001265625 0.1867509953125 0.3377003890625
5 0.3602483484375 0.45003637812499997 0.30095430156249997 0.42078355 0.3021243734375 0.44414128281250004 0.36022849843750004 0.47356406250000005 0.3602483484375 0.45003637812499997
0 0.4710445859375 0.4838715890625 0.37784955 0.4381377015625 0.381668778125 0.48921786093749997 0.4749297109375 0.5350957375000001 0.4710445859375 0.4838715890625
1 0.49370329531249996 0.44839060625 0.49387687812500003 0.42196673125000006 0.47542883125 0.4130610859375 0.47446388749999996 0.4312401640625 0.49370329531249996 0.44839060625
0 0.4349218203125 0.38995707031250004 0.4220487796875 0.3836194484375 0.4246179703125 0.412679615625 0.436331784375 0.4183284953125 0.4349218203125 0.38995707031250004
1 0.294281909375 0.3703074109375 0.2954839890625 0.3672494984375 0.6159268015625 0.1837496296875 0.6131797359375 0.1586487078125 0.29234739374999996 0.34475231875 0.294281909375 0.3703074109375
5 0.7433325828124999 0.5445871515625 0.688222846875 0.5183326875 0.6900904484375 0.544662390625 0.7459177593749999 0.5743100140624999 0.7433325828124999 0.5445871515625
5 1 0.6347972953125 0.9167080078125001 0.587483334375 0.9255709171875001 0.70866984375 1 0.7477956625 1 0.6347972953125
1 0.9176818796875 0.6554631 0.8915148109375 0.6389033796875 0.8937765593749999 0.6642221562499999 0.9190442781250001 0.679520165625 0.9176818796875 0.6554631
1 0.7684463953125 0.5199916390625 0.76028403125 0.5441214234375 0.7467013203125 0.5288774796875 0.749705946875 0.54771310625 0.7752879312500001 0.5812743078125 0.77372199375 0.5618376406250001 0.7759392625 0.546624490625 0.7963857703125 0.558407196875 0.79638211875 0.5314783828125 0.7684463953125 0.5199916390625
0 0.875806596875 0.81963985625 0.8728968859374999 0.790466609375 0.8602324828125001 0.779978315625 0.860861990625 0.8113103875000001 0.875806596875 0.81963985625
1 0.9512020203124999 0.7798824359375 0.9519732609375 0.7567251109375001 0.9250151000000001 0.74321201875 0.92610426875 0.7646886921875 0.9261727687500001 0.7671199484375 0.9512020203124999 0.7798824359375
0 0.9594574609375 0.779363103125 0.94734969375 0.77746515 0.94987866875 0.8068919828125001 0.9630499796875001 0.8116044765625 0.9594574609375 0.779363103125
1 0.8756190703125 0.7727935734375 0.9298842546874999 0.7376006359375 0.918148078125 0.7183365515625 0.86526549375 0.7560257640625 0.8756190703125 0.7727935734375
1 0.8632443234375 0.782425625 0.8641319921875 0.7840025515625 0.8805260468749999 0.7937421421875 0.8771009015625 0.769694353125 0.862431521875 0.7610873953125 0.8632443234375 0.782425625
0 0.8454190203125 0.7705512531250001 0.84235460625 0.740670615625 0.8295894546874999 0.7374614609375 0.831852971875 0.761782421875 0.8454190203125 0.7705512531250001
1 0.79114988125 0.8151509234375001 0.7918249375 0.8184322859375 0.8011136921875 0.8308373625 0.7906228093750001 0.6538513 0.7783966875 0.6377634921875 0.79114988125 0.8151509234375001
0 0.748986996875 0.7689873484375 0.7473489125 0.739187221875 0.735899409375 0.7344640640625 0.736625440625 0.7612346921875 0.7370766453125001 0.7627644250000001 0.748986996875 0.7689873484375
0 0.70923618125 0.8214590671875 0.698177696875 0.8283144953124999 0.7068702796874999 0.8525246734374999 0.717820253125 0.84504845 0.70923618125 0.8214590671875
1 0.606199634375 0.9280560156250001 0.65932283125 0.8879484015625 0.6497606296875 0.8753833312499999 0.5957331515625001 0.9111054578125 0.606199634375 0.9280560156250001
1 0.6184574390625001 0.943889421875 0.5905245453125 0.49629957031250005 0.5759774328125 0.47350121874999995 0.608479009375 0.9275969578125001 0.6184574390625001 0.943889421875
1 0.5892229906249999 0.6836764953125 0.5764994140625 0.4745298625 0.563744134375 0.45493647187499997 0.576895965625 0.6634345500000001 0.5892229906249999 0.6836764953125
0 0.5753253265625 0.7811172046875 0.5722652953125 0.7563413796875 0.557428665625 0.750869496875 0.5592385531249999 0.7691018734374999 0.5594728078125 0.7733390546875001 0.5753253265625 0.7811172046875
2 0.5889218234375 0.8747022171875001 0.5588227546875 0.44642289062499996 0.6181930296875 0.24126554687500001 0.6051814125 0.224445003125 0.30255725624999996 0.40198307812499995 0.28504287968750003 0.22528275781249998 0.2722413984375 0.21412049843749997 0.1562360875 0.27667796718750004 0.1613459421875 0.3039025078125 0.2778473546875 0.23808025625 0.293311946875 0.4097417734375 0.306664821875 0.424077025 0.6032927875 0.24606878124999998 0.5452322390625 0.43761744843750006 0.5784958 0.8812873546875 0.5889325109375 0.897279403125 0.771835990625 0.7832141640625 0.76407043125 0.6234192968750001 0.842299521875 0.727997078125 0.8913303890625001 0.7001816890625 0.8802229046875001 0.6756783828125 0.8389725625000001 0.7077122375 0.7609509578125 0.5961509890625 0.7512352921875001 0.5982315609375 0.7593169765625001 0.773749134375 0.5889218234375 0.8747022171875001
1 0.624988790625 0.9400564578124999 0.6261383640625 0.938180440625 0.629203084375 0.9375241421875 0.63111875625 0.9387437500000001 0.632651378125 0.9384155453125 0.6345667749999999 0.9396340500000001 0.6360993984375 0.9393058453125 0.6380150687499999 0.9405254546874999 0.6395471703125 0.9401973609375001 0.6414628390625 0.9414169687499999 0.6429954625 0.9410887640625001 0.6441450359374999 0.9392127453124999 0.6487423796875 0.9382282421875001 0.6567896906249999 0.925099534375 0.6583223125 0.9247713296875 0.6594713640625 0.9228954234375 0.6640692296874999 0.9219108078125 0.66636865 0.9181598734374999 0.66790075 0.91783178125 0.669050596875 0.915956865625 0.6705832203125001 0.9156286609375 0.6717327921875 0.9137526421875 0.67939538125 0.9121117296874999 0.680545228125 0.9102368140625 0.68207785 0.909908609375 0.684376746875 0.9061577875 0.687441990625 0.9055013765625001 0.6885915640625 0.9036253593750001 0.69472153125 0.90231265 0.69587110625 0.9004366328125 0.7142610031250001 0.8964985078125001 0.71541085 0.8946235921874999 0.716943471875 0.8942953875 0.7180930453125 0.8924193671875 0.719625665625 0.8920911625000001 0.7230744125 0.8864654265624999 0.724607034375 0.8861372218750001 0.7257566062499999 0.8842612031250001 0.7272892296875 0.883932996875 0.72843828125 0.8820570906249999 0.731503525 0.88140068125 0.732653371875 0.879525765625 0.73571809375 0.8788694687499999 0.736867665625 0.87699345 0.7384002890625 0.8766652453124999 0.7395501359375001 0.8747903296875 0.745680103125 0.873477621875 0.7468296750000001 0.8716016015625 0.7514270187500001 0.8706170984374999 0.752576865625 0.8687421843750001 0.7541094875 0.8684139796875 0.7564089078125 0.8646630468750001 0.7579410078125 0.864334953125 0.75909058125 0.8624589328125 0.7759483796875 0.8588489015624999 0.7770979546875 0.8569728828125 0.778630575 0.8566446781250001 0.7782478 0.85509796875 0.7793973734375 0.85322195 0.7809294718750001 0.8528938578125 0.7820793203124999 0.8510189421875 0.7851445640625 0.8503625328125001 0.7862941375 0.8484865125000001 0.79089148125 0.8475020093750001 0.794340475 0.841875059375 0.7958725734375001 0.841546965625 0.7970224203125 0.8396720484375001 0.7966393734375 0.8381242359375 0.7977892203125 0.836249321875 0.7951086984375 0.8254179374999999 0.791277628125 0.822979825 0.7851476625 0.8242925328125 0.783997815625 0.826167446875 0.7732705046875 0.828464659375 0.77212093125 0.8303406765625001 0.7705883109375 0.8306688812499999 0.7682888906249999 0.834419815625 0.7621589234374999 0.8357325250000001 0.7610093499999999 0.8376085421875 0.7502820390625 0.8399057546875 0.7491321921874999 0.84178066875 0.747599571875 0.8421088749999999 0.746449996875 0.8439848937500001 0.744917375 0.8443130984374999 0.743767528125 0.8461880140625 0.7422354296875 0.84651610625 0.74108585625 0.8483921249999999 0.7288254000000001 0.851017653125 0.7276760765625 0.85289245625 0.7246108312499999 0.8535488671874999 0.7234612593749999 0.8554248843750001 0.7219286359375 0.8557530890624999 0.7207793140625001 0.8576278937499999 0.719246690625 0.8579560984375 0.7180971171875 0.8598321171875 0.70890190625 0.8618012359374999 0.7077523343750001 0.8636772531249999 0.7046876109375 0.8643335515624999 0.7035377640625 0.8662084671875 0.7020051421875 0.866536671875 0.70085556875 0.8684126921875001 0.697790846875 0.8690689890625001 0.696641 0.8709439046874999 0.6889784125 0.8725848171875 0.6878288390625 0.8744608359375 0.686296215625 0.8747890406250001 0.6828477453125 0.88041588125 0.678249878125 0.881400496875 0.6748011359375 0.8870262328124999 0.6732685125 0.8873544375 0.6721189390625 0.8892304578125 0.6675215953125 0.8902149609375 0.6663717484375 0.8920898749999999 0.6633065046875 0.8927462859374999 0.66100760625 0.89649710625 0.6564097390625 0.897481721875 0.6552601671875 0.8993577390624999 0.650662821875 0.9003422437499999 0.6495132484374999 0.9022182624999999 0.6479806265625 0.9025464671875 0.6468307796875 0.9044213828125001 0.64529868125 0.904749475 0.64414910625 0.90662549375 0.642616484375 0.9069536984375001 0.6414666390625 0.9088286140624999 0.6322714281249999 0.91079773125 0.6311223765625 0.9126736390625 0.6219271671875 0.9146427578124999 0.6200114953125 0.9134231484375 0.61694625 0.914079559375 0.615030853125 0.9128610546875 0.613498753125 0.913189146875 0.6077520140625 0.909531425 0.606219390625 0.9098596296875 0.6050698171875 0.91173565 0.613111109375 0.944228696875 0.61502678125 0.94544830625 0.6180920249999999 0.9447918968750001 0.620007696875 0.9460115046875 0.6215403203125 0.9456832984375 0.6226893703124999 0.9438073921875001 0.624221990625 0.9434791875 0.625371565625 0.94160316875 0.624988790625 0.9400564578124999
4 0.23737473593749997 0.09760048125000001 0.250777346875 0.1517574015625 0.27683035624999996 0.1461782515625 0.2645766203125 0.09666366875 0.2607455515625 0.09422555625 0.2603625015625 0.0926777421875 0.23737473593749997 0.09760048125000001
0 0.7008933390625 0.5620896125 0.698978640625 0.554352753125 0.6970632421875 0.5531342484375 0.6966801953124999 0.5515864359375 0.694765046875 0.5503667140624999 0.6943822703125 0.5488200046875 0.6905512015624999 0.5463818921875 0.6859538578125 0.5473663953125001 0.693229325 0.57676491875 0.7008919140625001 0.57512400625 0.7001260890625 0.5720294828125 0.7012754140624999 0.5701546796875 0.699743765625 0.5639656328125 0.7008933390625 0.5620896125
1 0.46837170937500006 0.300681021875 0.46952128125000003 0.29880500312499997 0.47871649375 0.29683588437499997 0.47986554375 0.29495997812499997 0.48293078749999996 0.2943035671875 0.4852302078125 0.2905526328125 0.48676230781249996 0.290224540625 0.487912153125 0.288349625 0.4971073640625 0.2863805078125 0.501705409375 0.2788776484375 0.5109006203125 0.2769085296875 0.5120504671874999 0.2750336140625 0.5135830890624999 0.274705409375 0.5147326624999999 0.2728293921875 0.5162647609375 0.27250129843750004 0.5174146093750001 0.270626384375 0.5189472296875 0.27029817968750003 0.5200968031250001 0.26842215937499997 0.5262267703125 0.2671094515625 0.5273766171875 0.2652345359375 0.5304418609375 0.2645781265625 0.532740759375 0.2608273046875 0.53427338125 0.2604991 0.5354229546875 0.25862308125 0.5369555781249999 0.2582948765625 0.5381046281249999 0.25641896875 0.53389245625 0.23939853906250003 0.5323603578125 0.23972663125000002 0.530444959375 0.23850812812500002 0.52431499375 0.23982083593749998 0.5231651453125 0.24169575000000001 0.521632525 0.2420239546875 0.5204829515625 0.24389997343749997 0.5097551171875 0.246197296875 0.5086057937499999 0.2480721 0.50554055 0.24872850937500002 0.5032411296875 0.2524794453125 0.5017090296875 0.25280753749999996 0.5005594546875 0.25468355625 0.4913642453125 0.256652675 0.4902146703125 0.25852869218749996 0.48868204843749996 0.258856896875 0.48638315312499997 0.2626077203125 0.4833179078125 0.2632641296875 0.4821680609375 0.2651390453125 0.4791033390625 0.26579534374999997 0.47795376718749993 0.2676713609375 0.47642114375 0.267999565625 0.47412172343750003 0.2717505 0.472589625 0.27207859375 0.4714400515625 0.27395461249999997 0.4653095609375 0.2752674328125 0.46416023749999996 0.27714223437499996 0.46262761562500004 0.27747044062500004 0.46147804218750005 0.2793464578125 0.4599454203125 0.27967466406249997 0.4587955734375 0.28154957812500003 0.45726347343749996 0.2818776703125 0.45611389999999996 0.283753690625 0.446918690625 0.285722809375 0.45227973437499996 0.3073855765625 0.46300756875 0.305088253125 0.46415661718749995 0.303212346875 0.4656892390625 0.30288414218750004 0.4668390859375 0.3010092265625 0.46837170937500006 0.300681021875
4 0.7564555203125 0.4866471109375 0.780975909375 0.481396165625 0.7675732984375 0.427239246875 0.7656579 0.4260207421875 0.742670134375 0.4309434828125 0.7564555203125 0.4866471109375
0 0.69972368125 0.7269029921875 0.7008732546875 0.725026975 0.69934160625 0.7188379281249999 0.7004911796875 0.7169619093749999 0.7001084046875 0.7154152 0.7012579765625 0.7135391796875 0.69627998125 0.6934242265624999 0.690533240625 0.6897665046875 0.6890006203125 0.6900947093750001 0.6832546749999999 0.6864379796875 0.681722053125 0.6867661843749999 0.6798063828124999 0.6855465765625001 0.678274284375 0.68587466875 0.67252754375 0.682216946875 0.6709949203125001 0.682545153125 0.669079525 0.681326646875 0.6675474218749999 0.681654740625 0.665631753125 0.6804351328125 0.6640991296875 0.6807633375 0.6621837328125 0.67954483125 0.660651109375 0.6798730374999999 0.643412209375 0.6689007515625 0.6418795859374999 0.66922895625 0.639963915625 0.6680093484375 0.6368991937499999 0.668665646875 0.6292375781249999 0.6637893078125 0.6246397124999999 0.6647739234375 0.609316209375 0.6550201421875 0.6062509656249999 0.6556765515625 0.6039515453125001 0.6594274859375 0.60241944375 0.6597555796875 0.6001202984375 0.663507615625 0.5970550546875 0.664164025 0.605096346875 0.696657075 0.608927415625 0.6990951875 0.6093104640625 0.7006430015625 0.6112261343750001 0.701862609375 0.6116089109375 0.7034093203125 0.617355128125 0.707067153125 0.617737903125 0.7086138625 0.6192705265625 0.7082856578125 0.6365094265625 0.71925794375 0.6380420484375 0.7189297390625 0.641873390625 0.72136895625 0.6422561671875 0.722915665625 0.6437887890625 0.7225874609375 0.6533660765625 0.7286834078125 0.654898175 0.7283553140625 0.6587292437500001 0.7307934265625 0.660261865625 0.7304652218750001 0.6640929343749999 0.7329033359375 0.6656250328125 0.73257524375 0.66754070625 0.7337948515625 0.6690733265625 0.733466646875 0.68248168125 0.7420007078124999 0.6840137828125 0.7416726140625001 0.6859291796875 0.74289111875 0.6874618031249999 0.7425629140625001 0.6912928703125 0.7450010265625 0.69167591875 0.746548840625 0.6955064656250001 0.748987065625 0.7016369546875 0.7476742453125 0.7027862796875 0.7457994421875 0.7024032296875 0.7442516296874999 0.703552803125 0.742375609375 0.69972368125 0.7269029921875
4 0.6062698953125001 0.5057746875 0.627725040625 0.501180153125 0.6162371281250001 0.45476009375000004 0.612406059375 0.45232198125 0.5940161609375 0.45626010624999996 0.6062698953125001 0.5057746875
1 0.588647425 0.49325470156250006 0.5878816 0.4901601765625 0.5890311734375 0.4882841578125 0.5886484000000001 0.48673744843750005 0.5897979703125 0.48486142968749996 0.5894151953125 0.4833147203125 0.59056476875 0.4814387015625 0.5901817203124999 0.47989088906250005 0.59133156875 0.4780159734375 0.59094851875 0.476468159375 0.5932474156249999 0.47271733749999995 0.5928646390625001 0.471170628125 0.5951637875 0.467418590625 0.5947810125 0.46587188125 0.595930584375 0.4639958625 0.595164759375 0.46090133906249997 0.5963146078125 0.4590264234375 0.5959315578125 0.45747861093750003 0.5970808828124999 0.4556038078125 0.59861350625 0.45527560312500004 0.5997630765624999 0.4533995828125 0.599380028125 0.4518517703125 0.60167945 0.4481008375 0.6032115484375 0.44777274375 0.6089594390624999 0.43839496875000006 0.608576665625 0.43684825937499994 0.6097262375 0.43497224062499995 0.6093434609374999 0.43342553125 0.61279245625 0.427798578125 0.6116435828125 0.423156240625 0.6150923265625 0.41753050468749997 0.614709278125 0.4159826921875 0.6158591234374999 0.414107778125 0.6150930265625 0.41101215 0.6162428734375001 0.40913723593749995 0.6158598234375 0.4075894203125 0.6193085671875 0.40196368437499996 0.6181596953125 0.397321346875 0.61930926875 0.3954453296875 0.6189264921875 0.3938986203125 0.6223749640625 0.38827177968750004 0.6216091390625 0.38517725625 0.6227587125 0.3833012359375 0.6223759375 0.38175452656250003 0.6246753578125 0.37800359375000003 0.6242923078125 0.3764557796875 0.6254421546875 0.3745808640625 0.62467633125 0.3714863421875 0.6269749546875001 0.36773441562500003 0.6265921796875 0.36618770624999997 0.6288915984375001 0.36243677343749997 0.62850855 0.360888959375 0.6296583984375 0.35901404375 0.6292753484375 0.35746623125 0.6315742453125 0.353715409375 0.6311911968749999 0.35216759531249997 0.6334906171875 0.3484166625 0.6331078421874999 0.346869953125 0.6354072609375 0.34311901875 0.6350242125000001 0.3415712046875 0.6361732640625 0.3396952984375 0.6354074390625 0.336600775 0.6377068578125 0.3328498421875 0.637324084375 0.3313031328125 0.63847365625 0.3294271125 0.6380906078125 0.3278793 0.6392404546875 0.326004384375 0.63885740625 0.324456571875 0.64230615 0.31883083437500004 0.6419231015625 0.317283021875 0.6430729484375 0.31540810625 0.641924075 0.31076576875 0.6465223921875001 0.3032640140625 0.64575629375 0.3001683859375 0.6469061421875 0.29829347031250003 0.6465230921875 0.2967456578125 0.6488225125 0.292994725 0.6484397375000001 0.291448015625 0.6495887875 0.2895721078125 0.6492060125 0.28802539843749997 0.6503555859375 0.2861493796875 0.6480581125 0.276865809375 0.64422729375 0.2744264796875 0.6411639953125 0.2620483859375 0.63350140625 0.2636893 0.6354165546874999 0.264909021875 0.63579933125 0.26645573125 0.6377150015625 0.2676753390625 0.6388636015625 0.27231657187499997 0.637714028125 0.274192590625 0.6380968031250001 0.2757393015625 0.633498759375 0.28324215937499997 0.6319661375 0.28357036406249997 0.6273678203124999 0.2910721203125 0.62813364375 0.2941666421875 0.626984071875 0.2960426625 0.627366846875 0.297589371875 0.6262172734375 0.299465390625 0.6266000484375 0.3010121 0.6243011515625 0.3047629203125 0.6246842 0.3063107359375 0.6235346265625 0.308186753125 0.6250662765625 0.3143758 0.620467959375 0.32187755625 0.6208510078125 0.32342536875 0.617401740625 0.32905121875 0.6177847890625 0.33059903125 0.6166349421875 0.332473946875 0.617401040625 0.3355695734375 0.616251715625 0.33744437656250004 0.616634765625 0.338992190625 0.61548491875 0.3408671046875 0.613952296875 0.34119530937500003 0.612802721875 0.3430713296875 0.6143343703124999 0.34926037499999996 0.609736053125 0.3567621296875 0.610119103125 0.3583099453125 0.6055207859375 0.3658116984375 0.606669659375 0.37045403593750004 0.6055198125000001 0.3723289515625 0.605902859375 0.373876765625 0.6047532875 0.37575278437500004 0.603220665625 0.3760809890625 0.6020713421874999 0.3779557921875 0.6036029890625 0.3841448390625 0.5990044218749999 0.391647809375 0.599387196875 0.39319451875 0.598237625 0.3950705375 0.5986204015625 0.396617246875 0.596321503125 0.40036806875000003 0.596704553125 0.40191588281249996 0.595554978125 0.40379190156250006 0.596320803125 0.406886425 0.5917224859375 0.4143881796875 0.5932541328125 0.420577228125 0.5909547140625 0.4243281609375 0.5894220906250001 0.42465636562500003 0.5882730406250001 0.42653227187500004 0.5886558156249999 0.42807898125 0.5852068234375001 0.433705934375 0.585589871875 0.43525374843750003 0.5809915546875 0.442755503125 0.5813743296875 0.44430221249999996 0.58022475625 0.44617823124999995 0.5825222296875 0.45546180156249993 0.5813726578125 0.45733782031250003 0.58175570625 0.45888563437499996 0.5794568078125 0.46263645468750003 0.5798395828125 0.464183165625 0.578690009375 0.466059184375 0.5790727859375 0.46760589374999995 0.5779232140625 0.46948191250000004 0.5783059875000001 0.47102862187500005 0.5771564140625001 0.47290464062500004 0.5851979796875 0.5053987921875 0.586730603125 0.5050705875 0.5859647796874999 0.5019760640625 0.58711435 0.5001000453125 0.5863485265625 0.49700552187499997 0.588647425 0.49325470156250006
5 0.8403557218750001 0.512671996875 0.8388231015625 0.513000203125 0.8311614859375 0.5081238640625 0.8296288625000001 0.50845206875 0.821967246875 0.5035757296875001 0.8204346250000001 0.5039039359374999 0.8185189546875 0.5026843265625 0.8169863328125 0.5030125328125 0.8131552640624999 0.5005744171875001 0.8116231640624999 0.5009025109375 0.8097074921875 0.49968290312499997 0.8081748687499999 0.5000111078125 0.8062594734375 0.49879260312499996 0.80472685 0.4991208078125 0.8028117015625 0.4979010875 0.8012790796875 0.49822929218749995 0.79936368125 0.4970107875 0.7978310609375 0.49733899218750005 0.79208484375 0.493681159375 0.790552221875 0.49400936562500003 0.7886368218750001 0.492790859375 0.7871042 0.4931190640625 0.7851885296875001 0.49189945625 0.7821238078125 0.4925557546875 0.7802081375000001 0.4913361453125 0.7786755140625 0.4916643515625 0.77484496875 0.48922612499999996 0.773312346875 0.4895543296875 0.7675658796875 0.4858977125 0.7660337796875 0.48622580624999995 0.7564564953125 0.480129859375 0.754923871875 0.48045806406249997 0.7472617359375 0.47558183749999994 0.7468786859375001 0.4740340234375 0.7411324671874999 0.47037619062499997 0.7395998453125 0.47070439531249997 0.7223609453125001 0.459732109375 0.7208283234375 0.46006031406250003 0.715082378125 0.456403584375 0.7135497562500001 0.45673178906249995 0.711634084375 0.45551218125000004 0.70550411875 0.4568248890625 0.7032046984375 0.460575821875 0.7047363484375 0.46676486875 0.7035867734375 0.46864088906249995 0.7043525984375 0.4717354109375 0.7032035484375 0.4736113171875 0.705117971875 0.48134707499999996 0.710864190625 0.4850049078125 0.7112472390625 0.486552721875 0.7131626359375 0.4877712265625 0.714695259375 0.487443021875 0.720441475 0.49110085625 0.721974096875 0.49077265 0.7238894953125 0.49199115468750004 0.725421596875 0.49166306249999997 0.727337265625 0.492882671875 0.7288698890624999 0.49255446562499994 0.7346166281250001 0.4962121875 0.736148728125 0.49588409375 0.738064125 0.49710259843750004 0.739596746875 0.49677439375 0.74151241875 0.497994003125 0.74189519375 0.4995407125 0.743810865625 0.5007603203125 0.745342965625 0.500432228125 0.7587513203125 0.5089662890625 0.760283940625 0.508638084375 0.7679455578125001 0.513514421875 0.771010803125 0.5128580125 0.772926471875 0.5140776203125 0.774458571875 0.5137495265625 0.7821207109375 0.5186257546874999 0.783652809375 0.5182976609375001 0.787483878125 0.5207357734375 0.7878669281249999 0.5222835875 0.78939955 0.5219553828125 0.791314946875 0.5231738874999999 0.792847046875 0.5228457953125 0.79476271875 0.524065403125 0.7962953390624999 0.5237371984375 0.8020418062499999 0.527393815625 0.8035739046874999 0.527065721875 0.816982259375 0.5355997828125 0.8185148828125 0.5352715781249999 0.822345703125 0.5377109078125 0.8238783249999999 0.5373827015625 0.829624790625 0.5410393203125 0.830007840625 0.542587134375 0.8415005234375 0.5499015859374999 0.843032625 0.5495734921875 0.8506947609375001 0.55444971875 0.851077809375 0.5559975328125 0.8568240265625 0.5596553671875 0.8721492046874999 0.556373540625 0.8656392859375 0.5300684343750001 0.8541466046874999 0.5227539828125 0.8537635546875 0.52120616875 0.8403557218750001 0.512671996875
0 0.7487365031250001 0.9445140703125 0.74643875625 0.9352293953125 0.744523359375 0.934010890625 0.738396490625 0.9092535984375001 0.7364808203125001 0.908033990625 0.736097771875 0.906486178125 0.72843615625 0.9016098390625 0.726903534375 0.9019380437500001 0.724988134375 0.9007195390625 0.723455515625 0.9010477437500001 0.721540365625 0.899828025 0.713877778125 0.9014689375 0.714260825 0.9030167515624999 0.713110978125 0.904891665625 0.713876803125 0.9079861890625001 0.7104278093749999 0.913613140625 0.7108108578125 0.9151609546874999 0.709661534375 0.9170357578124999 0.7180861484375 0.9510777234375001 0.7200010234375 0.952296340625 0.7203840734375 0.9538441531249999 0.726130540625 0.9575007718749999 0.7265135875000001 0.9590485859375001 0.7284292609375 0.9602681937499999 0.7299613593750001 0.9599401000000001 0.733792428125 0.9623782140625 0.7341752031250001 0.9639249234375 0.736090875 0.96514453125 0.73647365 0.9666912421875 0.7381203890625 0.9677394265625001 0.7674532296875001 0.9614579125 0.7671240046875 0.9601275875 0.763292934375 0.9576894749999999 0.762910159375 0.956142765625 0.7609950109375 0.95492304375 0.759462390625 0.9552512500000001 0.7575469921875 0.9540327453125 0.7571639421875 0.9524849312500001 0.755248271875 0.9512653234374999 0.7548654953125 0.9497186125000001 0.75103495 0.9472803875 0.7506519015625 0.9457325750000001 0.7487365031250001 0.9445140703125
0 0.21243592812499998 0.3880750484375 0.20860486093750003 0.385636934375 0.20822181093749997 0.3840891203125 0.2063069359375 0.38287050312500004 0.20477431250000003 0.383198709375 0.2028586421875 0.3819791015625 0.20247559218750003 0.3804312859375 0.19864452500000002 0.3779931734375 0.19711242499999998 0.3783212671875 0.1932813578125 0.3758831546875 0.19289858124999998 0.37433644374999997 0.190982909375 0.373116834375 0.1894502859375 0.373445040625 0.185619740625 0.37100681562500004 0.18523669062499998 0.3694590015625 0.18332129531250002 0.36824049531249997 0.178723428125 0.3692251109375 0.1768082796875 0.368005390625 0.17527565625 0.368333596875 0.173360259375 0.3671150921875 0.172977209375 0.365567278125 0.17144458906249999 0.365895484375 0.1695291890625 0.3646769796875 0.16799709062499998 0.36500507187500003 0.1622503515625 0.36134735 0.15918562812499998 0.3620036484375 0.1580357828125 0.3638785625 0.1565031609375 0.36420676875 0.15535358593749998 0.3660827859375 0.1614804546875 0.390840078125 0.16301307812500002 0.3905118734375 0.1668441453125 0.39294998593749997 0.16722719531250002 0.3944978 0.174888809375 0.3993741375 0.17527158437499998 0.40092084687499996 0.1768042078125 0.4005926421875 0.18446609687499999 0.4054700859375 0.18599871875 0.40514188124999995 0.189829265625 0.4075801046875 0.1913618875 0.4072519 0.20093917343749998 0.413347846875 0.2013219484375 0.41489455625 0.215114503125 0.411940934375 0.21626434843750003 0.4100660203125 0.2143496515625 0.4023291609375 0.215499225 0.4004531421875 0.21243592812499998 0.3880750484375
0 0.218593396875 0.1651665125 0.2155300984375 0.15278841875 0.213614428125 0.151568809375 0.212848603125 0.1484742875 0.20327131875 0.14237834062500002 0.2017386953125 0.1427065453125 0.19599275 0.1390498140625 0.19446012968749998 0.1393780203125 0.19254445781250001 0.1381584109375 0.1910118375 0.1384866171875 0.1890966859375 0.1372668953125 0.197904078125 0.172855571875 0.199436178125 0.172527478125 0.20135184687500002 0.1737470859375 0.20173489687499999 0.1752949 0.205565965625 0.1777330140625 0.20594874062500002 0.1792797234375 0.2074813640625 0.17895151874999998 0.211311909375 0.18138974218749998 0.211694959375 0.1829375578125 0.22242279062499998 0.18064023437500001 0.2197422703125 0.16980884999999998 0.2178265984375 0.1685892421875 0.21744382187500003 0.16704253125 0.218593396875 0.1651665125
0 0.192120540625 0.4690036734375 0.1791009796875 0.41639456875 0.1760357359375 0.4170509796875 0.1741203390625 0.41583247500000003 0.1664577515625 0.4174733875 0.164542078125 0.41625377812500003 0.1630099796875 0.41658187187499995 0.157263240625 0.41292415 0.1557306171875 0.41325235625 0.1538157421875 0.4120337390625 0.15228312187499998 0.41236194375 0.14653638125 0.408704221875 0.14500428125 0.40903231562500003 0.13734214375 0.4041560890625 0.1358095203125 0.40448429375000006 0.131978975 0.40204606875 0.1304463515625 0.40237427343750004 0.12853068125 0.4011546640625 0.126998059375 0.40148286874999994 0.11742077343749999 0.395386921875 0.11588815 0.395715128125 0.11205760468749999 0.39327690312499997 0.1105249828125 0.3936051078125 0.106693915625 0.39116699375 0.10516181250000001 0.3914950875 0.0974996765625 0.386618859375 0.095967578125 0.386946953125 0.0940519046875 0.38572734531249997 0.0925192828125 0.38605554999999997 0.09060388593749999 0.38483704531249996 0.0890712640625 0.38516525 0.086772365625 0.388916071875 0.08523974375 0.3892442765625 0.084089896875 0.3911191921875 0.084472946875 0.39266700625 0.08332310000000001 0.3945419203125 0.083706146875 0.396089734375 0.082556575 0.397965753125 0.0921297890625 0.4366489515625 0.0940451875 0.43786745624999995 0.095577809375 0.43753925000000005 0.1032394234375 0.4424155890625 0.104772046875 0.442087384375 0.1086033890625 0.4445266015625 0.10898616406249999 0.4460733109375 0.1105187875 0.44574510624999997 0.11818040156250001 0.4506214453125 0.11971302343750001 0.45029324062500004 0.12162817343750001 0.451512959375 0.12316079375 0.45118475468749997 0.130822409375 0.45606109375 0.1323550328125 0.4557328890625 0.134270703125 0.45695249687499995 0.135803325 0.4566242921875 0.1377187234375 0.45784279687499996 0.138101771875 0.4593906109375 0.13963439375 0.45906240625 0.14346494062499998 0.46150063125 0.1449975625 0.461172425 0.14691323437499998 0.4623920328125 0.147296009375 0.46393874375 0.14882863125 0.46361053906249994 0.1526591765625 0.4660487640625 0.1541918 0.46572055937499995 0.1599385390625 0.46937828125000003 0.161470640625 0.46905018906249996 0.1691327765625 0.4739264140625 0.1721974984375 0.473270115625 0.1779442390625 0.4769278375 0.1794763375 0.47659974531250004 0.18330740625 0.479037859375 0.1909699953125 0.4773969453125 0.1905869453125 0.47584913125000006 0.1917367921875 0.47397421562500003 0.19097096875 0.47087969375 0.192120540625 0.4690036734375
4 0.8364940531249999 0.757899709375 0.8135062874999999 0.76282245 0.8269086234374999 0.816978265625 0.8452990453125 0.8130400281249999 0.84759794375 0.8092892078125 0.8468321203125001 0.8061946828125001 0.8479816921875001 0.8043186656250001 0.8364940531249999 0.757899709375
4 0.5391915765624999 0.7629089953125 0.5388088 0.7613622859375 0.5372761796875001 0.761690490625 0.533445109375 0.759252378125 0.5319130109375 0.7595804703125 0.5299973390625 0.7583608609375 0.5131395390625 0.7619708937499999 0.5108401203125 0.765721828125 0.527306028125 0.8322568390624999 0.557956903125 0.8256930734375001 0.552213084375 0.802483596875 0.5502974125 0.8012639890625 0.541107246875 0.7641286046875 0.5391915765624999 0.7629089953125
1 0.3304378765625 0.382357684375 0.3315874484375 0.38048166562499997 0.3331200703125 0.3801534609375 0.3342696453125 0.37827744218750003 0.3358017453125 0.3779493484375 0.3381011640625 0.374198415625 0.35189371875000003 0.37124479374999997 0.3530435640625 0.3693698796875 0.35457618750000003 0.36904167499999996 0.3557257625 0.3671656546875 0.35725838125 0.36683745 0.35266316249999996 0.3482692046875 0.3388700859375 0.3512229390625 0.3377205125 0.353098959375 0.3361884140625 0.3534270515625 0.335038840625 0.3553030703125 0.3197136625 0.358584896875 0.3185638171875 0.3604598109375 0.31549857187499997 0.36111622187500003 0.3120501015625 0.3667430625 0.30898485625 0.367399471875 0.307835009375 0.3692743875 0.3047702875 0.3699306859375 0.30247086875 0.37368161718750004 0.299406146875 0.374337915625 0.298256571875 0.37621393593749997 0.29672394999999996 0.376542140625 0.2944245296875 0.38029307343749996 0.29289243125 0.3806211671875 0.2917428578125 0.38249718593750004 0.2902102359375 0.3828253921875 0.29250770937500004 0.39210896093750003 0.29633877656249996 0.394547075 0.297870875 0.39421898125 0.2997865484375 0.39543859062500003 0.32124221406250003 0.39084394375 0.3223912640625 0.38896803593749996 0.32545650937500004 0.388311625 0.32890525312499996 0.382685890625 0.3304378765625 0.382357684375
1 0.35879048281250003 0.36650935625000003 0.361089903125 0.3627584234375 0.364155146875 0.36210201406250003 0.3653047203125 0.36022599375 0.3729673078125 0.35858508125 0.37411663281249996 0.356710278125 0.377181878125 0.3560538671875 0.37833145 0.35417785 0.37986407187500004 0.3538496453125 0.381013396875 0.3519748421875 0.3840786421875 0.35131843125 0.385228215625 0.3494424140625 0.39135818125 0.3481297046875 0.392508028125 0.34625479062500003 0.39404065 0.3459265859375 0.396339546875 0.34217576250000004 0.3978721703125 0.3418475578125 0.39902174375 0.3399715390625 0.40668433125 0.3383306265625 0.40783390468749997 0.33645460625 0.4093665265625 0.3361264015625 0.4116654234375 0.33237558125 0.41473067031250005 0.3317191703125 0.41588051562499995 0.32984425625 0.42201048124999996 0.3285315484375 0.42316005468749995 0.3266555296875 0.424692678125 0.32632732343750004 0.426991575 0.3225765015625 0.42852419687500004 0.322248296875 0.429673771875 0.320372278125 0.4465315703125 0.316762246875 0.44768141562499997 0.31488733281250003 0.4522787609375 0.313902828125 0.4545781796875 0.31015189374999996 0.45611027968749995 0.3098238015625 0.45725985312499995 0.3079477828125 0.451516034375 0.28473830625 0.446918690625 0.285722809375 0.44576884375 0.2875977234375 0.44270360000000003 0.28825413437499997 0.44155454687500006 0.290130040625 0.44002192500000004 0.29045824531250003 0.438872078125 0.292333159375 0.43733945625 0.292661365625 0.4361898828125 0.294537384375 0.4269951953125 0.296506390625 0.425845621875 0.298382409375 0.424313 0.2987106140625 0.4220135796875 0.302461546875 0.42048095781250006 0.302789753125 0.4193316328125 0.30466455468750003 0.4009412125 0.3086027921875 0.3997916390625 0.3104788125 0.3982590171875 0.31080701718750003 0.39481054531250004 0.3164338578125 0.3886805796875 0.317746565625 0.38753073437499996 0.3196214796875 0.3859981109375 0.3199496859375 0.38369869218749997 0.32370061875 0.38216606875000003 0.3240288234375 0.3810170171875 0.3259047296875 0.37182180625 0.3278738484375 0.3706719609375 0.3297487625 0.3691393375 0.33007696875 0.366840440625 0.333827790625 0.36530781874999996 0.3341559953125 0.36415824531249996 0.3360320140625 0.3595609015625 0.33701651718750003 0.3584113265625 0.3388925375 0.35687870625 0.3392207421875 0.355728859375 0.34109565625 0.3541962375 0.3414238609375 0.3530466625 0.34329987968750003 0.3515145625 0.34362797343749996 0.3503647171875 0.3455028875 0.34116950468749996 0.34747200624999997 0.3472963734375 0.3722292984375 0.35189371875000003 0.37124479374999997 0.3530435640625 0.3693698796875 0.356108809375 0.3687134703125 0.35725838125 0.36683745 0.35879048281250003 0.36650935625000003
0 1 0.8267704828125 0.992799375 0.822186675 0.98973413125 0.8228430843749999 0.98858455625 0.8247191031250001 0.9855198359375 0.8253754015625001 0.9843699890625001 0.827250315625 0.97977264375 0.82823481875 0.978623071875 0.8301108375 0.97709045 0.8304390421875001 0.9759408781250001 0.8323150625 0.9893432140625 0.886470878125 1 0.88418876875 1 0.8267704828125
4 0.6553237640625 0.38447444375 0.6752468078125 0.3802080015625 0.662227246875 0.327598896875 0.6583961765625 0.3251607828125 0.641538378125 0.32877081406249997 0.6553237640625 0.38447444375
4 0.789357709375 0.8608657109375001 0.76790204375 0.8654603578125 0.7832190765625 0.9273530328125 0.8092720859375 0.9217738828125001 0.7954867 0.8660702546874999 0.7935710312500001 0.864850646875 0.7931882546875 0.8633039359374999 0.789357709375 0.8608657109375001
4 0.9406933562500001 0.8333449749999999 0.9387789312500001 0.82560921875 0.9368632609375 0.8243896093749999 0.9364802125 0.8228417953125 0.9326496656250001 0.8204035718749999 0.9203892093749999 0.8230291 0.919240159375 0.8249050062500001 0.9177075359375 0.8252332109375 0.9165576906249999 0.8271081265625 0.9288114265624999 0.8766227078125001 0.9307270984375 0.8778423171874999 0.9314929218750001 0.880936840625 0.9334085921874999 0.8821564484375 0.93379136875 0.883703159375 0.9552465140624999 0.879108625 0.9452905234375001 0.838878715625 0.94337485 0.83765910625 0.9426090265625 0.8345645828125001 0.9406933562500001 0.8333449749999999
5 0.138131671875 0.2182431390625 0.1392812453125 0.2163671203125 0.138132371875 0.211724784375 0.139281696875 0.20984998125 0.137750046875 0.203660934375 0.13583489843750002 0.20244121406249999 0.13545184999999998 0.2008934 0.129705384375 0.19723678125 0.12817276093750002 0.1975649875 0.1205111453125 0.1926886484375 0.11897852187499999 0.193016853125 0.11514770468749999 0.190577525 0.1147649296875 0.189030815625 0.11284925781249999 0.18781120625 0.1113166359375 0.1881394109375 0.10557069062499999 0.18448268125 0.10403806874999999 0.18481088750000002 0.100206728125 0.18237166875 0.0986741046875 0.182699875 0.0929281625 0.1790431453125 0.0913955390625 0.17937134999999998 0.0837339234375 0.1744950109375 0.0822013015625 0.1748232171875 0.07645508437500001 0.1711653828125 0.0749224625 0.17149358750000002 0.067260846875 0.1666172484375 0.065728225 0.166945453125 0.063812553125 0.1657258453125 0.06227993281250001 0.16605405 0.054618315625000004 0.1611777125 0.0530856953125 0.16150591718750001 0.0492546265625 0.15906780468749998 0.0477225265625 0.159395896875 0.040060115624999997 0.154518565625 0.039677340625 0.15297185625 0.0381452390625 0.1532999484375 0.030483101562499997 0.14842372343750002 0.028951003125000003 0.1487518171875 0.0251196609375 0.1463125984375 0.0247368859375 0.1447658890625 0.0228212140625 0.1435462796875 0.021288590625 0.14387448593750002 0.01937319375 0.1426559796875 0.0147758484375 0.14364048437500002 0.0128601796875 0.142420875 0.0097954578125 0.14307717343749998 0.0113271046875 0.1492662203125 0.01285920625 0.148938128125 0.0147748765625 0.15015773593749998 0.017840121875 0.149501325 0.0216706671875 0.1519395515625 0.022053715625 0.153487365625 0.0278001828125 0.1571439828125 0.029332804687500002 0.1568157765625 0.031248474999999998 0.15803538749999999 0.032780575 0.15770729375 0.03661164375 0.16014540625 0.0369946921875 0.1616932203125 0.038910090625 0.162911725 0.040441740625 0.169100771875 0.039292165625 0.17097679062499999 0.040823814062500005 0.17716583749999998 0.042739484375 0.1783854453125 0.043122260937500004 0.17993215625 0.044654884374999995 0.17960395 0.059978387499999994 0.18935773125 0.0615110078125 0.1890295265625 0.0749193625 0.1975635875 0.0753021390625 0.19911029687499998 0.079132959375 0.201549625 0.08066558124999999 0.2012214203125 0.088327196875 0.20609775937500002 0.08985981875 0.20576955312499998 0.09177521718750001 0.2069880578125 0.0933078390625 0.206659853125 0.0971383859375 0.2090980796875 0.09867100625 0.208769875 0.10250235 0.211209090625 0.10403497187499999 0.21088088593749998 0.1155271328125 0.21819544999999999 0.11705975625000001 0.21786724531249999 0.12280649375 0.22152496562500001 0.1231892703125 0.223071675 0.12510494218749998 0.2242912859375 0.125487715625 0.22583799531249998 0.1274028640625 0.227057715625 0.1277856390625 0.22860442500000003 0.1293182625 0.22827621874999998 0.13314960468749998 0.2307154375 0.13774694999999998 0.22973093437499997 0.13889652187499998 0.227854915625 0.1377476484375 0.223212578125 0.1388974953125 0.2213376640625 0.138131671875 0.2182431390625
0 0.31203931093750004 0.451470425 0.3101241625 0.45025070312500004 0.3097413875 0.44870399375 0.3039946453125 0.445046271875 0.300929403125 0.44570268124999995 0.2990145265625 0.44448406562500004 0.29748190625 0.4448122703125 0.295182484375 0.4485632046875 0.302841003125 0.47950954218749997 0.3151014578125 0.47688401249999995 0.31625103125 0.4750079953125 0.31433660625000004 0.46727223906250004 0.3154856578125 0.46539633281250004 0.31203931093750004 0.451470425
3 0.786682409375 0.8044115796875 0.76600433125 0.7208561359375001 0.72309404375 0.73004520625 0.743772121875 0.81360065 0.786682409375 0.8044115796875
5 0.5357605421875 0.625151334375 0.5280986546875 0.6202738921875001 0.52656603125 0.620602096875 0.524650634375 0.6193835921875 0.523118534375 0.6197116859375 0.5097101796875 0.6111776265625 0.5081775578125 0.61150583125 0.5024313390625 0.607847996875 0.5020485640625 0.6063012875 0.5001328921875 0.605081678125 0.498600271875 0.6054098828125001 0.4966845984375 0.604190275 0.4963018234375 0.602643565625 0.49438615312499995 0.60142395625 0.49285405468750004 0.60175205 0.49093865625 0.6005335453125 0.48940603281249995 0.6008617515625 0.48557496406249995 0.5984236359375 0.48404286562500004 0.5987517296875 0.4802115234375 0.5963125125000001 0.4798287484375 0.5947658015624999 0.477913075 0.5935461937500001 0.4767644765625 0.5889049625 0.48136252031250004 0.5814021015625 0.48097974531250004 0.5798553921875 0.47140245937499997 0.5737594453125 0.46987035937500005 0.5740875375 0.4679546890625 0.5728679296875 0.45722685625 0.575165253125 0.454927709375 0.5789172921875 0.455310484375 0.5804640015625 0.4541614328125 0.5823399078125 0.4549272578125 0.5854344296875 0.4537774109375 0.5873093453125 0.45416046093749995 0.588857159375 0.4495616203125 0.5963590265625001 0.4545398890625 0.616475084375 0.4560725109375 0.6161468796875 0.4694805921875 0.6246798359375 0.4710132140625 0.6243516312499999 0.47675943125 0.6280094640625 0.478292053125 0.627681259375 0.480207725 0.6289008671875 0.481740346875 0.6285726625 0.48748629218749995 0.63222939375 0.4890189140625 0.6319011875 0.49285025468750004 0.6343404046875001 0.49438235468749997 0.6340123109375 0.5001288203125 0.6376689296875 0.50166144375 0.6373407249999999 0.5035765921875 0.6385604453125 0.5051092140625 0.6382322406250001 0.51085568125 0.6418888593750001 0.5123883046875 0.641560653125 0.5143034515625 0.6427803734374999 0.5158360734375 0.64245216875 0.51966714375 0.64489028125 0.5200501921875 0.6464380953125 0.5215828140625 0.646109890625 0.5254133609375 0.6485481156249999 0.5257961359375 0.650094825 0.5273287578125 0.6497666203125 0.5311600984375 0.6522058375 0.5326922 0.65187774375 0.534607596875 0.6530962484375 0.5349906468750001 0.6546440625 0.5407371125 0.65830068125 0.5411201609375 0.65984849375 0.542652259375 0.6595204015625 0.544567659375 0.66073890625 0.54610028125 0.6604107 0.5480159515625 0.661630309375 0.5572111640624999 0.6596611921875 0.5583607359375 0.657785171875 0.5526169171875 0.6345756953125 0.5372931640624999 0.6248231296875 0.5357605421875 0.625151334375
0 0.6043733359375 0.34813497031249996 0.6055229093750001 0.346258953125 0.604374309375 0.34161771875 0.6055238843749999 0.3397417 0.6051411078125 0.338194990625 0.6032254359375 0.33697538125 0.6009279624999999 0.3276918109375 0.59901229375 0.32647220312499997 0.5986295171875 0.32492549375 0.5909676296875 0.3200480515625 0.58943500625 0.32037625625 0.5859865375 0.3260030953125 0.5844539140625 0.3263313 0.5833043390625 0.3282073203125 0.59096285625 0.35915365781249997 0.5940281015625 0.358497246875 0.59862641875 0.3509954921875 0.600159040625 0.3506672875 0.6013086140625 0.34879126875 0.6043733359375 0.34813497031249996
1 0.8250159578125 0.633269540625 0.8242501328125 0.6301750171875 0.8185033921875 0.6265172953125 0.8181203453125001 0.62496948125 0.81620546875 0.6237508640625 0.8146738203125 0.6175618171874999 0.8127581484374999 0.6163422093750001 0.8123751 0.614794396875 0.8085440328125 0.6123562828125 0.80816125625 0.6108095734375001 0.8062455843749999 0.6095899640625 0.8043308874999999 0.6018531046875 0.79858494375 0.5981963734375 0.7982018953125001 0.5966485609375 0.7943708265625 0.5942104484375 0.793987778125 0.5926626328125 0.7882418328125 0.5890059046875 0.787858784375 0.5874580890625001 0.7859433874999999 0.586239584375 0.7855603375 0.584691771875 0.7817297921875 0.582253546875 0.7809639671874999 0.5791590234374999 0.7790482953125 0.5779394156250001 0.7767508234375 0.5686558453125 0.77483515 0.5674362359375 0.7744523765625 0.5658895265624999 0.7637245421875 0.56818685 0.766405065625 0.579018234375 0.7683204640625 0.5802367390625001 0.7702351609375 0.5879735984375001 0.7721508312500001 0.5891932062499999 0.77368248125 0.595382253125 0.7755978781249999 0.5966007578125 0.7759809265625 0.5981485734375 0.7798114734375 0.6005867968749999 0.780577296875 0.6036813203125 0.7824929703125 0.6049009296875 0.7828757453125 0.6064476390625 0.7847914140625 0.6076672484375 0.785174190625 0.6092139578125 0.7870898609375 0.6104335671875 0.7878556875 0.6135280890625 0.7897713578125 0.6147476968750001 0.7909199578125 0.6193889312499999 0.79283510625 0.6206086515625 0.7932181546875 0.6221564640625 0.7970492234375001 0.6245945796875 0.797815046875 0.6276891015625 0.7997304453125 0.6289076062500001 0.80126236875 0.63509775625 0.8031777640625 0.6363162625000001 0.8035608140624999 0.6378640765625 0.805475690625 0.6390826921875 0.8058587390625 0.6406305062500001 0.8077741359375 0.6418490109375 0.808157184375 0.6433968250000001 0.81007285625 0.6446164328124999 0.8108386812499999 0.64771095625 0.812754078125 0.6489294625 0.813137128125 0.650477275 0.8169676718750001 0.6529155 0.817350446875 0.654462209375 0.8192661203125 0.65568181875 0.8200319437499999 0.6587763421874999 0.8257786843750001 0.6624340640625 0.8261614609375 0.6639807734375001 0.8280766078124999 0.66520049375 0.82922548125 0.66984283125 0.8311408796875 0.6710613359375001 0.8345872249999999 0.6849872421875001 0.845315059375 0.68268991875 0.8349760187499999 0.640912196875 0.827314403125 0.636035859375 0.82693135625 0.6344880453124999 0.8250159578125 0.633269540625
4 0.9123397750000001 0.8557105546875 0.9115739515625 0.85261603125 0.9096582796874999 0.8513964218750001 0.9092755046875001 0.8498497125 0.9073603562500001 0.8486299921875 0.9058277328125 0.8489581968750001 0.9019966640625 0.8465200828125001 0.8989314203125 0.8471764937499999 0.897016271875 0.8459567734375 0.8939510265624999 0.8466131828125001 0.8928014531249999 0.8484892015625001 0.8866714874999999 0.8498019093750001 0.90428626875 0.9209792609375 0.9303392781250001 0.9154001109375001 0.9177024921875001 0.8643377140625 0.9157870953125 0.863119209375 0.9142554453124999 0.8569301625 0.9123397750000001 0.8557105546875
4 0.8157996890625 0.804693271875 0.8142670671875001 0.8050214765625 0.8131174937500001 0.8068974953125 0.8054549046874999 0.8085384078125 0.804305059375 0.8104133234375 0.81847349375 0.867664765625 0.8429938828125 0.8624138203125 0.8269110234375001 0.797426621875 0.8177163359374999 0.799395628125 0.8180991109375 0.8009423390625001 0.8157996890625 0.804693271875
4 0.236191190625 0.3732112234375 0.2350416171875 0.3750872421875 0.23197637499999998 0.375743653125 0.24576175937500003 0.43144728125 0.2476774296875 0.4326668890625 0.27373044062499996 0.4270877390625 0.26032783125000003 0.3729308203125 0.2564967609375 0.3704927078125 0.2561137109375 0.3689448921875 0.236191190625 0.3732112234375
5 0.743795303125 0.6245932890625 0.744944878125 0.622717271875 0.7430294796875 0.6214987671875 0.7426464312500001 0.619950953125 0.738815884375 0.617512728125 0.7384328359375 0.6159649140625 0.7365174390625 0.614746409375 0.736134390625 0.6131985953125 0.7303879234374999 0.609541978125 0.7288553 0.6098701828124999 0.7192780140624999 0.6037742359375 0.717745915625 0.6041023296875 0.7158302421875 0.6028827203125 0.7154474671875 0.6013360109375 0.713531796875 0.6001164015625 0.711999175 0.6004446078125001 0.7043375593750001 0.59556826875 0.7028049375000001 0.5958964734375 0.6913119812499999 0.58858091875 0.6909292046875 0.587034209375 0.6890135328125 0.5858146 0.6874814328125 0.5861426921875 0.679819296875 0.581266465625 0.6782866734375 0.5815946703125 0.6763715265625 0.5803749515625001 0.6748389046875001 0.58070315625 0.6710078359375 0.57826504375 0.6694752125 0.5785932484375 0.6675603390625 0.57737463125 0.6660277171875 0.5777028359374999 0.6602809765625001 0.5740451140625 0.6587488765625 0.5743732078125 0.656833478125 0.5731547031249999 0.6553008546875 0.5734829078125 0.6476389671875 0.5686054656249999 0.646106346875 0.5689336703125 0.6384447296875 0.5640573328125 0.6369121078125 0.5643855375 0.6349964375 0.563165928125 0.633463815625 0.5634941328124999 0.6296332703124999 0.5610559078125 0.6235027796875 0.5623687281249999 0.6200543093750001 0.56799556875 0.6185216859375 0.5683237734375 0.6173721125 0.5701997921874999 0.6177548890625 0.5717465015625 0.6154559921875 0.575497325 0.607793403125 0.5771382375 0.605493984375 0.5808891703125 0.6093253265625 0.5833283890625001 0.6108574250000001 0.5830002953125 0.6127728234375 0.5842188 0.6143054453125 0.5838905953125 0.6162211156249999 0.585110203125 0.6177537390625 0.584781996875 0.621584284375 0.5872202234375 0.62311690625 0.58689201875 0.6269479734375001 0.58933013125 0.628480596875 0.5890019265625 0.6303954734375 0.5902205421875 0.6319280953125 0.5898923375 0.633843765625 0.5911119453125 0.6353763890625 0.5907837406249999 0.64112260625 0.594441575 0.6426552265625001 0.5941133703125 0.6484011734374999 0.5977701 0.64993379375 0.5974418953125 0.651849465625 0.598661503125 0.6533820875 0.5983332984375 0.6552977578125 0.59955290625 0.6568303796875 0.5992247015625 0.660660928125 0.601662928125 0.6621935484375 0.6013347234374999 0.6660246187500001 0.6037728359375001 0.6675567171875 0.6034447421875 0.6752188546875 0.60832096875 0.6767509546875 0.6079928765625 0.690159309375 0.6165269375 0.6916919328125 0.61619873125 0.693607603125 0.6174183390625 0.6951402250000001 0.6170901343749999 0.708547784375 0.625623203125 0.71008040625 0.6252949984375 0.72540443125 0.6350486671875 0.72693653125 0.6347205734375 0.73459866875 0.6395968 0.742261259375 0.6379558875 0.7434111046874999 0.636080971875 0.744943203125 0.6357528796875 0.7460927765625 0.6338768609375001 0.743795303125 0.6245932890625
4 0.35916016562499997 0.47885442031250003 0.3468997109375 0.48147995000000005 0.3457501375 0.4833559671875 0.3442180390625 0.4836840609375 0.35800342343749997 0.5393876890625 0.3809911875 0.53446495 0.3691202265625 0.4864970765625 0.36720483125 0.485278571875 0.36682178125 0.48373075937500004 0.35916016562499997 0.47885442031250003
1 0.19674468750000002 0.2529417 0.20134203281250002 0.25195719687499996 0.2024916046875 0.2500811765625 0.20402422812499998 0.249752971875 0.2051740734375 0.2478780578125 0.20670669687499998 0.247549853125 0.20785627031249998 0.245673834375 0.2139862359375 0.2443611265625 0.21513608125 0.24248621093749997 0.22126604843750003 0.24117350312500002 0.22241562187500002 0.23929748437499998 0.22394772187499998 0.23896939218750002 0.2285465625 0.23146752343750002 0.22471716718749998 0.21599380156249998 0.22280176875 0.21477529843749998 0.2074765921875 0.218057125 0.2063267453125 0.2199320390625 0.2001967796875 0.221244746875 0.19904720468749998 0.2231207671875 0.1975145828125 0.22344897187499999 0.1952151640625 0.2271999046875 0.19061781875 0.2281844078125 0.189468246875 0.230060428125 0.1756756921875 0.23301405000000003 0.17452584531249998 0.23488896406249998 0.172993221875 0.23521717031249997 0.179885915625 0.263068984375 0.1906137484375 0.26077166093750004 0.190230971875 0.2592249515625 0.1925303921875 0.255474015625 0.19559511406250002 0.25481771875 0.19674468750000002 0.2529417
5 0.52927238125 0.4228732625 0.5281237828124999 0.4182320296875 0.5262081109375 0.41701242031249997 0.5254422859375001 0.41391789687499997 0.5239101875000001 0.414245990625 0.52007911875 0.41180787656250006 0.5185464953125 0.41213608125 0.516630825 0.4109164734375 0.51624805 0.4093697625 0.5147159484375 0.40969785625000005 0.5128002796875 0.4084782484375 0.51126765625 0.40880645312499997 0.503606040625 0.40393011406249996 0.50207341875 0.4042583203125 0.4944118046875 0.39938198125 0.4928791828125 0.39971018593749996 0.4890478390625 0.39727096875 0.4886650640625 0.395724259375 0.48674939375 0.39450465 0.48521729375 0.39483274375 0.47755515624999995 0.3899565171875 0.474490434375 0.390612815625 0.47257476406250004 0.38939320624999996 0.4710421421875 0.38972141250000003 0.4714251890625 0.391269225 0.47027561562500003 0.39314524375 0.4710414390625 0.3962397671875 0.46989159375 0.3981146828125 0.47257211562499996 0.408946065625 0.4714230640625 0.4108219734375 0.4721888890625 0.41391649687500004 0.47410376562499995 0.41513511249999996 0.4748698625 0.418230740625 0.476785259375 0.4194492453125 0.4771683078125 0.42099705781249996 0.4809993796875 0.423435171875 0.48253199999999996 0.42310696718749996 0.49210928593750003 0.4292029140625 0.49364190937499997 0.42887470937499994 0.499387853125 0.43253143749999995 0.500920475 0.4322032328125 0.5028361453125 0.43342284218750005 0.50436824375 0.43309475 0.50628364375 0.43431325468750004 0.507816265625 0.43398504843749997 0.5212246203124999 0.4425191078125 0.5216076703125 0.4440669234375 0.529269284375 0.4489432625 0.53539925 0.44763055312500005 0.535016475 0.44608384375 0.5361660484375 0.444207825 0.531188053125 0.42409287031250004 0.52927238125 0.4228732625
5 0.157299859375 0.11963656874999999 0.1588324796875 0.11930836250000001 0.16457869687499999 0.12296619687499999 0.1661113203125 0.1226379921875 0.1756886046875 0.1287339390625 0.17722122812500002 0.128405734375 0.1791366265625 0.1296242390625 0.1795196765625 0.131172053125 0.181051775 0.13084395937499999 0.1829671734375 0.1320624640625 0.18603241718750002 0.1314060546875 0.1879480875 0.13262566250000002 0.1894801875 0.13229756875 0.19139558437499998 0.133516075 0.19177863281250002 0.1350638875 0.19369403125 0.1362823921875 0.195226653125 0.1359541875 0.20288854218750002 0.14083162968750002 0.2044211640625 0.140503425 0.2254911328125 0.15391382343749999 0.22702375625000001 0.15358561875 0.22893863125 0.15480423593749998 0.2304712546875 0.15447602968750002 0.23813366406249997 0.15935336093750002 0.24119838593749998 0.15869706249999999 0.24311378437500003 0.1599155671875 0.25077637343750003 0.158274653125 0.2519262203125 0.1563997390625 0.253458840625 0.15607153437500002 0.2557577390625 0.1523207125 0.25384206875 0.151101103125 0.2526931953125 0.1464587671875 0.25077832031249997 0.14524014999999998 0.2492456984375 0.14556835625 0.24733002499999998 0.144348746875 0.24694725156250003 0.1428020375 0.2450315796875 0.141582428125 0.24426575625 0.1384879046875 0.24235008281249998 0.137268296875 0.24196730781250003 0.1357215859375 0.2400521609375 0.13450186718749998 0.2385195375 0.134830071875 0.236604140625 0.1336115671875 0.23622109062500002 0.1320637515625 0.232390021875 0.12962564062499998 0.23085792343749997 0.1299537328125 0.21744956875 0.121419671875 0.21591694687500002 0.1217478765625 0.21400154843750002 0.12052937187499999 0.21246892499999998 0.120857578125 0.2048070375 0.1159801359375 0.203274415625 0.11630834062499999 0.1956128 0.1114320015625 0.1940801796875 0.11176020625000001 0.17684127656249998 0.10078792031249999 0.17530865625 0.101116125 0.17147810937500002 0.0986779015625 0.1710950609375 0.0971300859375 0.1691796625 0.0959115828125 0.1676470390625 0.09623978749999999 0.15998515156249998 0.09136234531250001 0.1584525296875 0.09169055000000001 0.15270606250000002 0.08803393281250001 0.1511739640625 0.088362025 0.1435118265625 0.08348579843750001 0.141979203125 0.0838140046875 0.1343173140625 0.0789365625 0.1327846921875 0.0792647671875 0.128954146875 0.076826540625 0.1274215234375 0.0771547453125 0.11728461875 0.070703171875 0.10087469375 0.07421729375 0.10596470625000001 0.0947848890625 0.1078801046875 0.09600339375 0.109412728125 0.09567518750000001 0.1132432734375 0.0981134140625 0.11477589531250001 0.097785209375 0.13393046875 0.109977103125 0.1369957125 0.1093206921875 0.13891138593750002 0.11054030156250001 0.140443484375 0.11021220937500001 0.1538515640625 0.118745165625 0.1553841859375 0.11841696093750001 0.157299859375 0.11963656874999999
5 0.5063202609374999 0.14102567187499998 0.5036397390625 0.1301942890625 0.5017243421875001 0.12897578437499999 0.5013412921875 0.1274279703125 0.4994258953125 0.1262094640625 0.499042846875 0.1246616515625 0.497127175 0.12344204375000001 0.49674439843749996 0.121895334375 0.4948292515625 0.1206756125 0.49329662812499997 0.1210038171875 0.49138123125 0.11978531249999999 0.48984860937499997 0.12011351875000001 0.480271321875 0.11401757187499999 0.4787387015625 0.1143457765625 0.4729924828125 0.1106879421875 0.4714598609375 0.11101614687500001 0.46571391718750005 0.10735941874999999 0.46418129375 0.1076876234375 0.462265625 0.10646801406249999 0.4607330015625 0.10679621875 0.45498678437500006 0.1031383859375 0.45345416250000004 0.10346659062500001 0.4515387640625 0.10224808593750001 0.45000614375000003 0.102576290625 0.444259925 0.0989184578125 0.442727303125 0.0992466625 0.4235727296875 0.0870547671875 0.42204010937499997 0.087382971875 0.4162941640625 0.08372624375 0.4147615421875 0.0840544484375 0.40709992812499995 0.079178109375 0.4055673046875 0.0795063140625 0.4036516328125 0.07828670625 0.403268584375 0.07673889218749999 0.4013531875 0.0755203875 0.3998205640625 0.0758485921875 0.3864127328125 0.0673144203125 0.36955493281249996 0.070924453125 0.37146963125 0.0786613125 0.3703197859375 0.08053622656250001 0.3707028328125 0.082084040625 0.3695529859375 0.0839589546875 0.3806581234375 0.1288323046875 0.3844891921875 0.13127041875 0.3848719671875 0.132817128125 0.3867876390625 0.1340367359375 0.3883197390625 0.13370864375 0.390235409375 0.1349282515625 0.39330065468750003 0.1342718421875 0.3952160515625 0.13549034531249998 0.40134601718749996 0.1341776375 0.405176565625 0.13661586406249998 0.4067091859375 0.136287659375 0.41245592656249996 0.13994538125 0.4139880265625 0.1396172875 0.41590342343750003 0.1408357921875 0.42203391406249996 0.139522971875 0.43161119843750007 0.14561891875 0.43620854375 0.14463441562499998 0.4419552828125 0.1482921375 0.44502000468749997 0.147635840625 0.448851075 0.150073953125 0.45038369375 0.149745746875 0.454214240625 0.152183971875 0.45574686406250003 0.1518557671875 0.457662534375 0.1530753765625 0.45919515625 0.152747171875 0.46494110156249996 0.1564039015625 0.4680063453125 0.15574749062499998 0.4676235703125 0.15420078125 0.4710720390625 0.148573940625 0.470689265625 0.14702723125 0.4718388390625 0.14515121250000002 0.47145606406249996 0.143604503125 0.47375521093749995 0.139852465625 0.47528730937499997 0.139524371875 0.500188621875 0.1553739875 0.5063185890625 0.1540612796875 0.5059355390625 0.152513465625 0.5070853843750001 0.1506385515625 0.5051706874999999 0.14290169218749998 0.5063202609374999 0.14102567187499998
0 0.3001903796875 0.2275306875 0.301339953125 0.22565466875 0.2959789109375 0.20399190156250002 0.2921478421875 0.20155378750000003 0.28908311875 0.2022100859375 0.287167721875 0.20099158125 0.282570378125 0.20197608437499998 0.28142053125 0.20385099843750001 0.2783552859375 0.20450740937499998 0.2867799015625 0.238549375 0.297507734375 0.2362520515625 0.29980663125 0.23250122968750003 0.2994235828125 0.230953415625 0.30057315625 0.229077396875 0.3001903796875 0.2275306875
0 0.4821472765625 0.4345947609375 0.48061465625000005 0.43492296562500005 0.47869898437499997 0.4337033578125 0.469504296875 0.4356723640625 0.4779289109375 0.46971432812499997 0.4917214671875 0.46676070625 0.49133841718750004 0.46521289374999997 0.4924879890625 0.463336875 0.48597834687499997 0.437032875 0.4821472765625 0.4345947609375
5 0.46107226093750003 0.46028886562500004 0.4595396421875 0.4606170703125 0.4557090953125 0.4581788453125 0.454176471875 0.45850704999999997 0.4484302546875 0.454849215625 0.44689763125 0.45517742187500004 0.4258276625 0.44176702343749996 0.4242950421875 0.442095228125 0.42046397031250005 0.4396571140625 0.41893187187500003 0.43998520625 0.4112697359375 0.43510897968749995 0.40973711249999994 0.435437184375 0.4078219640625 0.434217465625 0.4074391890625 0.43267075625 0.40590656562499994 0.43299896093749995 0.3963292796875 0.42690301406250003 0.3947966578125 0.42723121875 0.3890504390625 0.42357338437500003 0.3737247390625 0.4268553234375 0.37793691093750004 0.44387575312500005 0.3798525828125 0.44509536250000004 0.3802353578125 0.44664207187500005 0.38981264375 0.45273801875 0.391345265625 0.4524098140625 0.3990068828125 0.457286153125 0.4005395046875 0.4569579484375 0.40245517499999994 0.45817755625 0.40398779687499997 0.45784935156250006 0.4097340140625 0.4615071859375 0.4112666375 0.4611789796875 0.41701257968750005 0.46483570937499996 0.4173956296875 0.4663835234375 0.42505776875 0.47125975000000003 0.42544081718750004 0.47280756406249996 0.43310243125000003 0.477683903125 0.4361676765625 0.4770274921875 0.4399982234375 0.47946571718750003 0.44153084218750005 0.47913751250000003 0.443446515625 0.480357121875 0.44497913906250003 0.48002891718749996 0.446894534375 0.481247421875 0.44842663437499997 0.480919328125 0.4503423046875 0.4821389359375 0.45187492812499996 0.48181073124999996 0.455705996875 0.48424884375 0.45723809531250004 0.48392074999999996 0.45915376874999997 0.485140359375 0.46068638906250003 0.48481215468750005 0.466432334375 0.488468884375 0.4679649546875 0.48814067968749997 0.46988062656249996 0.4893602890625 0.47141325 0.48903208437499995 0.4649033328125 0.46272697812499997 0.463370709375 0.46305518437500004 0.4614553109375 0.4618366796875 0.46107226093750003 0.46028886562500004
4 0.593240246875 0.5313745890625 0.5840450359375 0.5333437078125 0.596298771875 0.5828582890625 0.620819159375 0.57760734375 0.6100973453125 0.5342829124999999 0.604351128125 0.530625078125 0.595155915625 0.532594196875 0.593240246875 0.5313745890625
0 0.6093791078125 0.1466552015625 0.612827578125 0.1410283625 0.6124448015625 0.1394816515625 0.6135943765625 0.1376056328125 0.6128285515624999 0.134511109375 0.6139781234374999 0.132635090625 0.60785125625 0.1078778 0.6059358593749999 0.1066592953125 0.6044039359375 0.10046914375 0.6024885390625 0.099250640625 0.5994249671875 0.08687144218750001 0.5975100921875 0.08565282656249999 0.59712704375 0.0841050109375 0.595594421875 0.084433215625 0.5898479546875001 0.0807765984375 0.5837179890625 0.0820893078125 0.58141856875 0.085840240625 0.57988646875 0.0861683328125 0.5775870484375 0.08991926875 0.5779698234375 0.091465978125 0.5768202515625 0.09334199531250001 0.5775860749999999 0.09643651875 0.5764365031249999 0.09831253749999999 0.5825633703124999 0.123069828125 0.5844787671875 0.1242883328125 0.5913714609375 0.152140146875 0.59328713125 0.1533597578125 0.5936699078125 0.1549064671875 0.595585578125 0.156126075 0.6047807890625 0.15415695625 0.6059303625 0.1522809375 0.6074624625 0.1519528453125 0.6097618828125 0.1482019109375 0.6093791078125 0.1466552015625
3 0.7468626734375 0.6043841328124999 0.7449470015624999 0.6031645234375 0.7583496109375 0.65732144375 0.7905325890625 0.650429584375 0.777129978125 0.596272665625 0.7587400796875 0.600210790625 0.75759050625 0.602086809375 0.7468626734375 0.6043841328124999
5 0.54111201875 0.725022996875 0.5422613421875 0.72314819375 0.539197771875 0.710768996875 0.54034761875 0.70889408125 0.5395817953125001 0.7057995578125 0.5407313671875 0.7039235390624999 0.5346044984375 0.6791662484375001 0.5326891015624999 0.6779477421875 0.531540228125 0.67330540625 0.5296245578125001 0.672085796875 0.52924178125 0.6705390875 0.5277096828125 0.67086718125 0.5238786125 0.66842906875 0.5223459921875 0.6687572734375 0.5204303203125 0.667537665625 0.5188982203125 0.6678657578125 0.5169825484375 0.6666461484374999 0.515449928125 0.666974353125 0.5135345296875 0.66575585 0.5104692843749999 0.666412259375 0.5085541375 0.6651925390625 0.5070215140625 0.6655207437499999 0.5058719390624999 0.6673967625 0.4966767296875 0.66936588125 0.49284618281250003 0.6669276562500001 0.49208035937499994 0.6638331328125 0.4901646890625 0.6626135234375 0.4897819140625 0.6610668140625 0.47828895468750005 0.6537512578125 0.47714008281250003 0.649108921875 0.47828992968749995 0.6472340078125 0.47790688125 0.6456861921875 0.4740758125 0.6432480796875 0.4736930375 0.6417013703125 0.47177736562500006 0.6404817609375 0.47139458906250004 0.6389350515625 0.46947891875 0.63771544375 0.46794681875000005 0.6380435359375001 0.4641157515625 0.6356054234374999 0.45798578437500004 0.6369181312500001 0.45607011249999996 0.635698521875 0.45377069375 0.63944945625 0.45415374062499997 0.6409972703125 0.4530041671875 0.6428732875 0.45338694375 0.6444199984375001 0.4522378921875 0.64629590625 0.45262066875 0.647842615625 0.4514710953125 0.6497186328125 0.46295900625 0.6961386921875 0.4706206234375 0.7010150312500001 0.47215324531249997 0.7006868265625 0.47406864375 0.70190533125 0.47560074218750004 0.7015772375 0.4832631546875 0.7064545671875 0.484795775 0.7061263624999999 0.49245738906250003 0.7110027015625 0.4939900125 0.7106744968750001 0.499736228125 0.7143323296874999 0.5012688515625 0.714004125 0.5050999203125001 0.7164422390625 0.50663201875 0.7161141453125001 0.5123784859375 0.7197707624999999 0.5139111093750001 0.7194425578125 0.5158262578125 0.7206622796875 0.5173588812500001 0.7203340734375 0.51927455 0.7215536828125 0.5196573250000001 0.7231003921875 0.5273189406250001 0.72797673125 0.5277019890625 0.72952454375 0.5296176609375001 0.7307441531250001 0.5300004375 0.7322908625 0.5319161078125 0.7335104703125 0.5395786953124999 0.7318695578125001 0.5407282703125 0.7299935390625001 0.5403454937500001 0.7284468296875 0.54149506875 0.726570809375 0.54111201875 0.725022996875
1 0.8736715593750001 0.640772584375 0.8717558890625 0.6395529765625 0.8702242390625001 0.6333639296875 0.8683088421875 0.6321454234375 0.8679257921874999 0.6305976109375 0.866010121875 0.6293780015625 0.8656273453125 0.6278312921875 0.861796278125 0.6253931796875001 0.8614132296875001 0.623845365625 0.859498353125 0.6226267484375 0.8591153046875 0.6210789343750001 0.8575826828125 0.621407140625 0.8480053968749999 0.61531119375 0.8476226203125 0.6137644843750001 0.8380453359375 0.6076685359375 0.83344746875 0.6086531515625 0.8322976203125 0.6105280671875 0.8330637187500001 0.6136236921875 0.8319143953125 0.615498496875 0.8322974437499999 0.6170463109375001 0.8311475968750001 0.618921225 0.8361258656249999 0.6390372828124999 0.8376584875 0.638709078125 0.8395733625 0.63992769375 0.8399564125 0.6414755078125001 0.841871809375 0.6426940140624999 0.84340443125 0.6423658078125001 0.8472355 0.6448039203125 0.8480013265625 0.64789844375 0.849916475 0.649118165625 0.850299521875 0.6506659781249999 0.8522149203125 0.6518844828125 0.8525979687499999 0.6534322953125 0.854513365625 0.654650803125 0.854896415625 0.6561986156249999 0.858727484375 0.6586367281250001 0.8602601062499999 0.6583085234375 0.8698373937499999 0.6644044703125 0.8744347359375 0.6634199671875 0.8767341562500001 0.659669034375 0.874819459375 0.6519321734375 0.8759690328125 0.6500561546875 0.8736715593750001 0.640772584375
0 0.5219361421875 0.8822869296875 0.52040351875 0.8826151359375001 0.51848864375 0.8813965187499999 0.512358153125 0.8827093390625 0.52231414375 0.9229392484375 0.53763984375 0.919657309375 0.529981325 0.8887109703125 0.5280659296875 0.8874924656250001 0.52768288125 0.885944653125 0.5219361421875 0.8822869296875
1 0.2683715203125 0.3858722234375 0.2706709390625 0.382121290625 0.26990511562499997 0.3790267671875 0.27105468906249996 0.37715074843749996 0.2699060890625 0.372509515625 0.2710556625 0.37063349687499997 0.27028983906250004 0.36753897343749997 0.2714394109375 0.3656629546875 0.2710566359375 0.36411624531250003 0.2722056859375 0.3622403390625 0.27067403749999996 0.356051290625 0.2718236125 0.3541752734375 0.267611440625 0.337154840625 0.2687612875 0.3352799265625 0.26761241562500004 0.330637590625 0.26876198906250004 0.328761571875 0.2683792125 0.32721486093749996 0.2695287859375 0.32533884375 0.2683801859375 0.32069760937499997 0.2695292359375 0.318821703125 0.2637854171875 0.29561222656249997 0.26187026874999997 0.2943925046875 0.2611044453125 0.29129798125 0.259188771875 0.2900783734375 0.2588059984375 0.2885316640625 0.2568903265625 0.2873120546875 0.2565075515625 0.28576534531250003 0.2545918796875 0.2845457359375 0.2542091046875 0.2829990265625 0.24846288749999998 0.27934119218750003 0.2480798390625 0.2777933796875 0.2465472171875 0.278121584375 0.24463181875 0.2769030796875 0.24309919687499998 0.277231284375 0.23735297812499997 0.2735734515625 0.234287734375 0.2742298609375 0.23237233750000003 0.27301135625 0.2308402359375 0.27333945000000004 0.23734988124999998 0.29964345 0.24118042812499998 0.302081675 0.2427130515625 0.3017534703125 0.24845926718750003 0.3054113046875 0.2542030859375 0.32862078125 0.25305403593750003 0.3304966875 0.254202909375 0.33513902500000003 0.2519034890625 0.33888995781250003 0.2526693140625 0.3419844828125 0.251519465625 0.343859396875 0.2534341640625 0.3515962578125 0.2522845890625 0.3534722765625 0.253050415625 0.3565668 0.251901090625 0.358441603125 0.258027959375 0.38319889375 0.261858778125 0.3856382234375 0.2645393 0.39646960781249996 0.26645470000000004 0.3976881109375 0.26722052343749997 0.40078263437499995 0.26875314375000003 0.4004544296875 0.26990299218749997 0.39857951406250003 0.2679882953125 0.3908426546875 0.2691373453125 0.3889667484375 0.2683715203125 0.3858722234375
5 0.5771047578124999 0.8900250796875 0.575572134375 0.8903532843749999 0.5736569859375 0.889133565625 0.5732742109375 0.887586853125 0.5694431421874999 0.8851487406249999 0.56791051875 0.885476946875 0.56024890625 0.8806006078124999 0.5587162828125 0.8809288125 0.55105439375 0.8760513703124999 0.5495217718750001 0.876379575 0.547606375 0.8751610703124999 0.5460737515625 0.8754892765625 0.5326659203124999 0.866955103125 0.531133296875 0.8672833078125001 0.529217628125 0.8660637 0.5276850046875 0.8663919046874999 0.5238544578125001 0.8639536796874999 0.5223218375 0.8642818859375 0.5204064390625 0.8630633812499999 0.51274385 0.86470429375 0.51963654375 0.892556109375 0.5211691640625 0.892227903125 0.5230840406249999 0.8934465203125 0.526149284375 0.892790109375 0.5280649562499999 0.8940097187499999 0.5295975796875 0.8936815125 0.535343521875 0.8973382437499999 0.5368761453124999 0.8970100390625 0.5445380328125 0.90188748125 0.5460706546874999 0.9015592765625 0.555647940625 0.907655221875 0.5571805640624999 0.9073270171875001 0.568673246875 0.91464146875 0.5690560234375 0.9161881781250001 0.5728868421875 0.9186275078125 0.5732696171875 0.9201742171875 0.5870626953125 0.917220484375 0.5813188734375 0.8940110078125001 0.579403203125 0.8927913984375 0.5790204265625001 0.8912446875000001 0.5771047578124999 0.8900250796875
1 0.22931645937499998 0.201974796875 0.23084907968750001 0.201646590625 0.23314797656250003 0.19789576874999998 0.2346806 0.1975675640625 0.2369800203125 0.19381663124999998 0.23851211874999997 0.1934885375 0.23966169375000002 0.19161251875000002 0.25345477031249997 0.18865878593750002 0.2546038203125 0.186782878125 0.25613644375 0.1864546734375 0.2572862890625 0.1845797578125 0.26035153437499997 0.1839233484375 0.26150058593750003 0.1820474421875 0.2630332078125 0.18171923750000002 0.264183053125 0.179844321875 0.2718456421875 0.178203409375 0.2741450609375 0.174452475 0.275677684375 0.17412426875 0.2791261546875 0.1684974296875 0.27836033125 0.16540290625 0.2795099046875 0.1635268875 0.2775952078125 0.155790028125 0.25460744218750003 0.1607127671875 0.25345786718749996 0.16258878593749998 0.25192524375 0.162916990625 0.249625825 0.1666679234375 0.246561103125 0.167324221875 0.24541153124999998 0.16920024218750002 0.2423462859375 0.16985665156250002 0.24119696249999997 0.1717314546875 0.23353385000000002 0.1733724796875 0.2323848 0.1752483859375 0.2262543109375 0.17656120625 0.22510498750000002 0.17843600937499998 0.223572365625 0.1787642140625 0.22127294375 0.1825151484375 0.219740325 0.182843353125 0.21859074843749998 0.184719371875 0.2155260265625 0.1853756703125 0.2143764546875 0.1872516875 0.206713865625 0.1888926015625 0.20556401875 0.190767515625 0.20249929687499998 0.1914238140625 0.20134972499999998 0.193299834375 0.19981710156250002 0.19362803906249998 0.19866725624999998 0.195502953125 0.1956025328125 0.1961592515625 0.194452959375 0.19803527031249998 0.19866513125000002 0.2150557015625 0.20249567656249998 0.2174939265625 0.2013466265625 0.2193698328125 0.1998140046875 0.2196980375 0.2001967796875 0.221244746875 0.22471716718749998 0.21599380156249998 0.22318551874999998 0.20980475625 0.22663398906249999 0.204177915625 0.2281666125 0.2038497109375 0.22931645937499998 0.201974796875