0 0.6843349421875 0.60049410625 0.6684148859375 0.60049410625 0.6684148859375 0.627683590625 0.6843349421875 0.627683590625 0.6843349421875 0.60049410625
5 0.9488525156250001 0.6996917500000001 0.8901137140625 0.6996917500000001 0.8901137140625 0.7161559390625001 0.9488525156250001 0.7161559390625001 0.9488525156250001 0.6996917500000001
3 0.08877670625 0.6051405265625001 0.048301171875 0.6051405265625001 0.048301171875 0.676854034375 0.08877670625 0.676854034375 0.08877670625 0.6051405265625001
2 0.6931247421875 0.6536636453125 0.8399813921874999 0.7650770625 0.8405430734375001 0.74329193125 0.69407925625 0.6352348140624999 0.6836237078125 0.6431713515624999 0.6804996546875001 0.7555330921875 0.44805168906250004 0.9299184046875 0.0686044109375 0.6484270171875 0.064536871875 0.6381740703125 0.0721467953125 0.375685403125 0.2428049625 0.248670896875 0.249323225 0.2321414328125 0.247957959375 0.11865911093749999 0.24181461093749998 0.1061958296875 0.22381185312500002 0.0903671796875 0.2196533421875 0.1043871265625 0.2382226046875 0.1187561203125 0.235975878125 0.23571532187500002 0.0609848375 0.36903535781249996 0.0515286015625 0.6513961921875 0.4447518953125 0.947622846875 0.4546547203125 0.9461042609374999 0.692767746875 0.7632737984375 0.6931247421875 0.6536636453125
3 0.4801033765625 0.91300090625 0.41170916562500004 0.91300090625 0.41170916562500004 0.9458567546875001 0.4801033765625 0.9458567546875001 0.4801033765625 0.91300090625
1 0.220347346875 0.803700815625 0.2984300484375 0.8608132359375 0.3123673328125 0.8510154125 0.2337904890625 0.7923064375 0.220347346875 0.803700815625
1 0.144221915625 0.7455349046874999 0.2196533421875 0.8025684500000001 0.23522605156249998 0.7943336359375001 0.15837698125 0.7335893015625 0.144221915625 0.7455349046874999
1 0.10027842812500001 0.691976428125 0.08534596875 0.7030154125 0.1446416265625 0.74595195 0.15772088281250002 0.7357252953125 0.10027842812500001 0.691976428125
1 0.7197456921875001 0.6978803265625 0.7216368015625 0.665655484375 0.70632046875 0.6548467812500001 0.7028028953125001 0.6846255671875 0.7197456921875001 0.6978803265625
1 0.7020861468749999 0.769285584375 0.7182970359375 0.7872892109375 0.7195161953125 0.6931142343750001 0.7033824953125001 0.6872103359375 0.7020861468749999 0.769285584375
1 0.81381805625 0.75718495 0.7837422468749999 0.75718495 0.7837422468749999 0.7771033546874999 0.81381805625 0.7771033546874999 0.81381805625 0.75718495
0 0.6749069609375 0.6823028109375 0.6618401109375001 0.6823028109375 0.6618401109375001 0.7053490484375 0.6749069609375 0.7053490484375 0.6749069609375 0.6823028109375
0 0.5109724328125 0.867807796875 0.500242590625 0.8768902984375 0.5062708484375 0.8949564828125001 0.5190647828125 0.8855367187500001 0.5109724328125 0.867807796875
0 0.13952791250000002 0.6240480500000001 0.12535148125 0.6240480500000001 0.12535148125 0.645163190625 0.13952791250000002 0.645163190625 0.13952791250000002 0.6240480500000001
1 0.2196533421875 0.06278331875 0.24728738749999998 0.08567452343750001 0.249006203125 0.0632003625 0.2183797375 0.0417805984375 0.2196533421875 0.06278331875
1 0.27708821562499997 0.046142339062499996 0.2449517578125 0.046142339062499996 0.2449517578125 0.06301450625 0.27708821562499997 0.06301450625 0.27708821562499997 0.046142339062499996
0 0.2940213640625 0.15885312812500002 0.27830117187500003 0.15885312812500002 0.27830117187500003 0.1830870359375 0.2940213640625 0.1830870359375 0.2940213640625 0.15885312812500002
5 0.25 0.184375340625 0.2777746375 0.18593925625000002 0.2789786359375 0.184899365625 0.27872019375 0.1850825015625 0.2778304625 0.18228105156250002 0.27420744375 0.16163282031249998 0.25 0.159375340625 0.25 0.184375340625
0 0.2562508609375 0.2776110609375 0.24208132343750002 0.2776110609375 0.24208132343750002 0.302914778125 0.2562508609375 0.302914778125 0.2562508609375 0.2776110609375
1 0.036225362500000004 0.6641423390625001 0.0555982078125 0.6496400718750001 0.0551674703125 0.5165865828125 0.0398980015625 0.5277107890625 0.036225362500000004 0.6641423390625001
1 0.045780840625 0.38149048125 0.029134390625 0.39953490468749997 0.0200379046875 0.678715321875 0.036407304687499996 0.664624659375 0.045780840625 0.38149048125
0 0.0624562375 0.4317688125 0.0491316328125 0.43185494062499996 0.047150929687499996 0.43267633749999995 0.046416264062500004 0.451684496875 0.061937284375 0.4523635546875 0.0624562375 0.4317688125
1 0.0954514125 0.31542973750000003 0.1108580296875 0.3316872171875 0.19002274218749998 0.2722511328125 0.17582494843750002 0.25992747031249996 0.0954514125 0.31542973750000003
1 0.1092873875 0.329790571875 0.09253411406249999 0.3171350859375 0.043682043749999996 0.356697025 0.06070158437499999 0.367360834375 0.1092873875 0.329790571875
0 0.8828125437500001 0.66406255625 0.8828125437500001 0.7 0.9796878015624999 0.7 0.9796878015624999 0.66406255625 0.8828125437500001 0.66406255625
0 0.1734376296875 0.5265621031250001 0.1734376296875 0.5031251140624999 0.175 0.501562103125 0.175 0.48906255625000006 0.07968780156250001 0.48906255625000006 0.07968780156250001 0.5265621031250001 0.1734376296875 0.5265621031250001
0 0.2484376296875 0.376562103125 0.2484376296875 0.33593744375 0.1515623703125 0.33593744375 0.1515623703125 0.3781251140625 0.24687525781250003 0.3781251140625 0.2484376296875 0.376562103125
0 0.256250171875 0.7359374437499999 0.256250171875 0.773437896875 0.3546878015625 0.773437896875 0.3546878015625 0.7359374437499999 0.256250171875 0.7359374437499999
0 0.1625003453125 0.223437896875 0.1625003453125 0.2062502265625 0.160937284375 0.2046872171875 0.160937284375 0.18750045312500002 0.1625003453125 0.18593744375000001 0.068749828125 0.18593744375000001 0.068749828125 0.225 0.1343749140625 0.225 0.135937284375 0.223437896875 0.1531247421875 0.223437896875 0.1546878015625 0.225 0.15937491406249998 0.225 0.160937284375 0.223437896875 0.1625003453125 0.223437896875
0 0.506250171875 0.8218748859374999 0.506250171875 0.78593744375 0.40937491406250004 0.78593744375 0.40937491406250004 0.823437896875 0.5046878015625 0.823437896875 0.506250171875 0.8218748859374999
5 0.05 0.0781251140625 0.05 0.1921876703125 0.20156237031250002 0.1921876703125 0.20156237031250002 0.0781251140625 0.05 0.0781251140625
1 0.1765623703125 0.237499546875 0.175 0.23906255625 0.1734376296875 0.23906255625 0.1734376296875 0.24062465937500002 0.1718752578125 0.24218767031250002 0.1703121984375 0.24218767031250002 0.16718745625 0.2453127828125 0.1656250859375 0.2453127828125 0.1625003453125 0.248437896875 0.160937284375 0.248437896875 0.15937491406249998 0.25 0.15781254375 0.25 0.156250171875 0.251562103125 0.1546878015625 0.251562103125 0.1515623703125 0.2546872171875 0.15 0.2546872171875 0.14843762968750002 0.2562502265625 0.1453121984375 0.2562502265625 0.139062715625 0.262499546875 0.1375003453125 0.262499546875 0.13281254375 0.2671876703125 0.13125017187500002 0.2671876703125 0.12968780156249998 0.2687497734375 0.1265623703125 0.2687497734375 0.1218752578125 0.27343789687500003 0.1203121984375 0.27343789687500003 0.11874982812499998 0.275 0.11562508593750001 0.275 0.114062715625 0.27656210312499996 0.1124996546875 0.27656210312499996 0.1124996546875 0.27812511406249996 0.11093728437499999 0.2796872171875 0.1093749140625 0.2796872171875 0.10625017187500001 0.2828123296875 0.10468780156249999 0.2828123296875 0.1 0.287500453125 0.0984376296875 0.287500453125 0.0906250859375 0.2953127828125 0.089062715625 0.2953127828125 0.07968780156250001 0.3046872171875 0.0781247421875 0.3046872171875 0.0765623703125 0.3062502265625 0.075 0.3062502265625 0.0703121984375 0.31093744375 0.068749828125 0.31093744375 0.06718745625 0.312500453125 0.06562508593750001 0.312500453125 0.064062715625 0.31406255625 0.06250034531250001 0.31406255625 0.06250034531250001 0.315624659375 0.060937284375 0.3171876703125 0.05937491406249999 0.3171876703125 0.05 0.326562103125 0.0484376296875 0.326562103125 0.0484376296875 0.3281251140625 0.0468752578125 0.3296872171875 0.0453121984375 0.3296872171875 0.04218745625 0.33281232968749996 0.04218745625 0.33437534062499996 0.0406250859375 0.33593744375 0.039062715625 0.33593744375 0.035937284375 0.33906255625 0.0343749140625 0.33906255625 0.0343749140625 0.340624659375 0.03281254375 0.3421876703125 0.03281254375 0.35 0.0484376296875 0.35 0.05 0.34843789687500004 0.05 0.34687488593750004 0.0531247421875 0.3437497734375 0.054687801562500006 0.3437497734375 0.060937284375 0.337500453125 0.06250034531250001 0.337500453125 0.064062715625 0.33593744375 0.06562508593750001 0.33593744375 0.06718745625 0.33437534062499996 0.06718745625 0.33281232968749996 0.0703121984375 0.3296872171875 0.07187525781250001 0.3296872171875 0.07343762968749999 0.3281251140625 0.075 0.3281251140625 0.075 0.326562103125 0.0765623703125 0.325 0.0781247421875 0.325 0.07968780156250001 0.323437896875 0.08281254375 0.323437896875 0.089062715625 0.3171876703125 0.0906250859375 0.3171876703125 0.0968752578125 0.31093744375 0.0984376296875 0.31093744375 0.10312474218750001 0.3062502265625 0.10468780156249999 0.3062502265625 0.10625017187500001 0.3046872171875 0.10781254375 0.3046872171875 0.114062715625 0.298437896875 0.11718745625 0.298437896875 0.1218752578125 0.2937497734375 0.12343762968750001 0.2937497734375 0.125 0.29218767031250004 0.1265623703125 0.29218767031250004 0.13281254375 0.28593744375 0.1343749140625 0.28593744375 0.139062715625 0.2812502265625 0.1406250859375 0.2812502265625 0.14218745625 0.2796872171875 0.1453121984375 0.2796872171875 0.1515623703125 0.27343789687500003 0.1531247421875 0.27343789687500003 0.15937491406249998 0.2671876703125 0.1625003453125 0.2671876703125 0.16406271562500002 0.265624659375 0.1656250859375 0.265624659375 0.1703121984375 0.26093744375 0.175 0.26093744375 0.1765623703125 0.259375340625 0.17812474218750002 0.259375340625 0.18281254375 0.2546872171875 0.1843749140625 0.2546872171875 0.193749828125 0.2453127828125 0.193749828125 0.24374977343749998 0.2 0.237499546875 0.20156237031250002 0.237499546875 0.210937284375 0.22812511406249997 0.210937284375 0.22656210312499997 0.21562508593750002 0.22187488593750002 0.21562508593750002 0.2203127828125 0.1984376296875 0.2203127828125 0.19687525781249998 0.22187488593750002 0.1953121984375 0.22187488593750002 0.18750034531249998 0.22968721718750001 0.18750034531249998 0.2312502265625 0.18281254375 0.23593744375 0.1796878015625 0.23593744375 0.17812474218750002 0.237499546875 0.1765623703125 0.237499546875
0 0.8374996546875 0.8046872171875 0.839062715625 0.8031251140625001 0.8406250859375 0.8031251140625001 0.8406250859375 0.7812502265625 0.78281254375 0.7812502265625 0.78281254375 0.8046872171875 0.8374996546875 0.8046872171875
1 0.714062715625 0.625 0.71718745625 0.6281251140624999 0.718749828125 0.6281251140624999 0.7203121984374999 0.6296872171875 0.7218752578125 0.6296872171875 0.725 0.6328123296875 0.725 0.634375340625 0.7265623703124999 0.6359374437499999 0.7281247421875 0.6359374437499999 0.731250171875 0.6390625562500001 0.731250171875 0.640624659375 0.7328125437499999 0.6421876703125 0.7328125437499999 0.6437497734375001 0.7359372843750001 0.6468748859375 0.7359372843750001 0.648437896875 0.7375003453125 0.65 0.7375003453125 0.6515621031250001 0.739062715625 0.6531251140625 0.739062715625 0.6546872171875 0.7406250859375 0.6546872171875 0.7453121984375 0.659375340625 0.7468752578125 0.659375340625 0.7484376296875 0.66093744375 0.75 0.66093744375 0.7515623703125 0.662500453125 0.7531247421875 0.662500453125 0.7546878015625 0.66406255625 0.756250171875 0.66406255625 0.7656250859375 0.673437896875 0.7656250859375 0.675 0.7671874562500001 0.676562103125 0.7671874562500001 0.6781251140625 0.7640627156249999 0.6812502265625 0.7640627156249999 0.684375340625 0.7656250859375 0.684375340625 0.7671874562500001 0.6828123296874999 0.7671874562500001 0.6812502265625 0.768749828125 0.6796872171875 0.785937284375 0.6796872171875 0.7875003453125 0.6812502265625 0.7906250859374999 0.6812502265625 0.79218745625 0.6828123296874999 0.7953121984375 0.6828123296874999 0.7984376296875 0.68593744375 0.8 0.68593744375 0.8015623703125 0.687500453125 0.8031247421875 0.687500453125 0.8078125437500001 0.6921876703125001 0.8093749140625001 0.6921876703125001 0.8125003453125 0.6953127828125 0.8125003453125 0.6968748859375 0.8171874562499999 0.701562103125 0.8171874562499999 0.7031251140625 0.8203121984375 0.7062502265624999 0.8218752578125 0.7062502265624999 0.8234376296875 0.7078123296875 0.8234376296875 0.7093753406250001 0.825 0.7093753406250001 0.83281254375 0.7171876703125 0.8343749140625001 0.7171876703125 0.8374996546875 0.7203127828125 0.8374996546875 0.7218748859375 0.839062715625 0.7234378968749999 0.8406250859375 0.7234378968749999 0.8437498281250001 0.726562103125 0.8437498281250001 0.7296872171875 0.8468752578125001 0.7328123296875 0.8484376296875 0.7312502265624999 0.8531247421874999 0.7312502265624999 0.8546878015624999 0.7296872171875 0.8546878015624999 0.7281251140625 0.856250171875 0.726562103125 0.856250171875 0.715624659375 0.8546878015624999 0.71406255625 0.8546878015624999 0.712499546875 0.8531247421874999 0.71093744375 0.8531247421874999 0.7093753406250001 0.8421874562499999 0.698437896875 0.8421874562499999 0.6968748859375 0.839062715625 0.6937497734375 0.8374996546875 0.6937497734375 0.835937284375 0.6921876703125001 0.8343749140625001 0.6921876703125001 0.8312501718749999 0.68906255625 0.8312501718749999 0.687500453125 0.8296878015625 0.68593744375 0.8296878015625 0.684375340625 0.8203121984375 0.675 0.8187498281250001 0.675 0.814062715625 0.6703127828125 0.8125003453125 0.6703127828125 0.810937284375 0.6687497734375001 0.8062501718749999 0.6687497734375001 0.8031247421875 0.6656246593749999 0.8015623703125 0.6656246593749999 0.8 0.66406255625 0.7984376296875 0.66406255625 0.7968752578125 0.662500453125 0.7953121984375 0.662500453125 0.7906250859374999 0.6578123296875 0.789062715625 0.6578123296875 0.7875003453125 0.6562502265625 0.785937284375 0.6562502265625 0.7843749140625 0.6546872171875 0.78281254375 0.6546872171875 0.781250171875 0.6531251140625 0.7796878015625001 0.6531251140625 0.7765623703125 0.65 0.7734376296875001 0.65 0.7703121984375 0.6468748859375 0.7671874562500001 0.6468748859375 0.7656250859375 0.6453127828125 0.7625003453125 0.6453127828125 0.760937284375 0.6437497734375001 0.7546878015625 0.6437497734375001 0.7531247421875 0.6421876703125 0.7515623703125 0.6421876703125 0.7484376296875 0.6390625562500001 0.7484376296875 0.637500453125 0.7296878015625 0.6187497734375 0.7296878015625 0.6171876703125 0.7234376296875 0.6109374437499999 0.7218752578125 0.6109374437499999 0.7156250859375 0.6046872171875 0.714062715625 0.6046872171875 0.710937284375 0.601562103125 0.706250171875 0.601562103125 0.7046878015625 0.6 0.7015623703125 0.6 0.7015623703125 0.6171876703125 0.7031247421875 0.6171876703125 0.706250171875 0.6203127828125 0.706250171875 0.6218748859375001 0.70781254375 0.623437896875 0.710937284375 0.623437896875 0.7124996546875 0.625 0.714062715625 0.625
5 0.8734376296875 0.75 0.8734376296875 0.8281251140625001 0.9953121984375001 0.8281251140625001 0.9953121984375001 0.75 0.8734376296875 0.75
3 0.25 0.087500453125 0.2125003453125 0.087500453125 0.2125003453125 0.159375340625 0.2484376296875 0.159375340625 0.25 0.1578123296875 0.25 0.098437896875 0.2484376296875 0.0968748859375 0.2484376296875 0.090624659375 0.25 0.08906255625000001 0.25 0.087500453125
1 0.681250171875 0.7921876703125 0.6781247421875001 0.7953127828125 0.6765623703125 0.7953127828125 0.6765623703125 0.809375340625 0.68281254375 0.809375340625 0.685937284375 0.8062502265625 0.689062715625 0.8062502265625 0.6906250859374999 0.8046872171875 0.6953121984374999 0.8046872171875 0.7015623703125 0.798437896875 0.7046878015625 0.798437896875 0.7124996546875 0.7906246593749999 0.7124996546875 0.78906255625 0.7156250859375 0.78593744375 0.7156250859375 0.7718748859375 0.7046878015625 0.7718748859375 0.7 0.7765621031250001 0.7 0.7781251140625 0.6968752578124999 0.7812502265625 0.6953121984374999 0.7812502265625 0.689062715625 0.787500453125 0.6875003453125 0.787500453125 0.68281254375 0.7921876703125 0.681250171875 0.7921876703125
0 0.5718752578124999 0.7078123296875 0.5781247421875 0.7078123296875 0.5796878015625 0.7062502265624999 0.58281254375 0.7062502265624999 0.585937284375 0.7031251140625 0.585937284375 0.687500453125 0.5718752578124999 0.687500453125 0.5718752578124999 0.7078123296875
0 0.2546878015625 0.08593744375 0.2546878015625 0.10781232968750001 0.256250171875 0.10781232968750001 0.25781254374999996 0.10625022656250001 0.260937284375 0.10625022656250001 0.2625003453125 0.1046872171875 0.2656250859375 0.1046872171875 0.2656250859375 0.08593744375 0.2546878015625 0.08593744375
5 0.26718745625 0.1046872171875 0.26718745625 0.123437896875 0.3156250859375 0.123437896875 0.3156250859375 0.1046872171875 0.26718745625 0.1046872171875
0 0.518749828125 0.7546872171875 0.518749828125 0.7906246593749999 0.6125003453125 0.7906246593749999 0.6125003453125 0.7546872171875 0.518749828125 0.7546872171875
1 0.32031219843750003 0.8859374437499999 0.32187525781250004 0.8859374437499999 0.325 0.8890625562500001 0.325 0.890624659375 0.3265623703125 0.8921876703124999 0.3296878015625 0.8921876703124999 0.331250171875 0.8937497734375001 0.33281254374999997 0.8937497734375001 0.3375003453125 0.8984378968750001 0.339062715625 0.8984378968750001 0.3406250859375 0.9 0.34218745625 0.9 0.343749828125 0.901562103125 0.3453121984375 0.901562103125 0.3484376296875 0.9046872171875 0.35 0.9046872171875 0.35156237031250004 0.9062502265625 0.3531247421875 0.9062502265625 0.3593749140625 0.9125004531249999 0.360937284375 0.9125004531249999 0.3625003453125 0.91406255625 0.3625003453125 0.9156246593749999 0.364062715625 0.9171876703124999 0.3656250859375 0.9171876703124999 0.36718745625000004 0.9187497734375001 0.368749828125 0.9187497734375001 0.3703121984375 0.9203127828125 0.381250171875 0.9203127828125 0.381250171875 0.9031251140625001 0.3781247421875 0.9 0.3765623703125 0.9 0.3718752578125 0.8953127828125 0.3703121984375 0.8953127828125 0.368749828125 0.8937497734375001 0.36718745625000004 0.8937497734375001 0.3625003453125 0.8890625562500001 0.360937284375 0.8890625562500001 0.3593749140625 0.8875004531249999 0.35781254375 0.8875004531249999 0.35156237031250004 0.8812502265625 0.35 0.8812502265625 0.3453121984375 0.8765621031249999 0.343749828125 0.8765621031249999 0.34218745625 0.875 0.3406250859375 0.875 0.3343749140625 0.8687497734375 0.33281254374999997 0.8687497734375 0.331250171875 0.8671876703124999 0.3296878015625 0.8671876703124999 0.3265623703125 0.8640625562500001 0.325 0.8640625562500001 0.32187525781250004 0.8609374437499999 0.32031219843750003 0.8609374437499999 0.310937284375 0.8515621031249999 0.3093749140625 0.8515621031249999 0.30625017187500003 0.848437896875 0.293749828125 0.848437896875 0.293749828125 0.8609374437499999 0.2953121984375 0.8625004531249999 0.2968752578125 0.8625004531249999 0.2984376296875 0.8640625562500001 0.2984376296875 0.865624659375 0.30625017187500003 0.8734378968750001 0.30781254375 0.8734378968750001 0.32031219843750003 0.8859374437499999
3 0.2125003453125 0.2 0.2125003453125 0.262499546875 0.2484376296875 0.262499546875 0.2484376296875 0.2 0.2125003453125 0.2
4 0.16718745625 0.29062465937500004 0.1656250859375 0.29218767031250004 0.1656250859375 0.33593744375 0.2046878015625 0.33593744375 0.206250171875 0.33437534062499996 0.206250171875 0.2828123296875 0.16718745625 0.2828123296875 0.16718745625 0.29062465937500004
3 0.8703121984375001 0.78593744375 0.8703121984375001 0.7437497734375 0.8421874562499999 0.7437497734375 0.8421874562499999 0.784375340625 0.8437498281250001 0.784375340625 0.8453121984375 0.7828123296875 0.8468752578125001 0.7828123296875 0.8484376296875 0.784375340625 0.8531247421874999 0.784375340625 0.8546878015624999 0.78593744375 0.8703121984375001 0.78593744375
0 0.08281254375 0.3953127828125 0.089062715625 0.3953127828125 0.0906250859375 0.3937497734375 0.093749828125 0.3937497734375 0.0953121984375 0.3921876703125 0.0953121984375 0.375 0.08281254375 0.375 0.08281254375 0.3953127828125
1 0.3906250859375 0.9421876703125 0.39218745625 0.9421876703125 0.393749828125 0.9437497734375 0.3953121984375 0.9437497734375 0.3968752578125 0.9453127828125 0.39843762968749996 0.9453127828125 0.4 0.9468748859374999 0.40156237031249997 0.9468748859374999 0.40781254375 0.9531251140625001 0.40781254375 0.9546872171875 0.40937491406250004 0.9562502265624999 0.40937491406250004 0.9578123296875001 0.41562508593749997 0.96406255625 0.41718745625000003 0.96406255625 0.418749828125 0.965624659375 0.42187525781249996 0.965624659375 0.42343762968750004 0.96406255625 0.425 0.96406255625 0.4265623703125 0.9625004531249999 0.4296878015625 0.9625004531249999 0.43125017187500003 0.96093744375 0.435937284375 0.96093744375 0.43750034531250004 0.9593753406250001 0.44062508593749994 0.9593753406250001 0.44062508593749994 0.9453127828125 0.439062715625 0.9453127828125 0.43750034531250004 0.9437497734375 0.435937284375 0.9437497734375 0.43437491406250006 0.9421876703125 0.43281254375 0.9421876703125 0.4281247421875 0.937500453125 0.4265623703125 0.937500453125 0.42031219843749995 0.9312502265625 0.418749828125 0.9312502265625 0.41562508593749997 0.9281251140625001 0.41406271562499997 0.9281251140625001 0.4125003453125 0.926562103125 0.410937284375 0.926562103125 0.40937491406250004 0.925 0.40781254375 0.925 0.40156237031249997 0.9187497734375001 0.4 0.9187497734375001 0.3953121984375 0.91406255625 0.393749828125 0.91406255625 0.3906250859375 0.91093744375 0.389062715625 0.91093744375 0.3874996546875 0.909375340625 0.3734376296875 0.909375340625 0.3734376296875 0.926562103125 0.375 0.9281251140625001 0.375 0.9296872171875 0.3781247421875 0.9328123296875 0.3796878015625 0.9328123296875 0.38281254374999996 0.93593744375 0.3843749140625 0.93593744375 0.3906250859375 0.9421876703125
5 0.63281254375 0.7218748859375 0.6343749140625 0.7203127828125 0.635937284375 0.7203127828125 0.635937284375 0.7046872171875 0.575 0.7046872171875 0.575 0.7218748859375 0.63281254375 0.7218748859375
5 0.5218752578125 0.8062502265625 0.5484376296875 0.8062502265625 0.55 0.8046872171875 0.5796878015625 0.8046872171875 0.581250171875 0.8031251140625001 0.581250171875 0.78906255625 0.5218752578125 0.78906255625 0.5218752578125 0.8062502265625
5 0.07968780156250001 0.5265621031250001 0.07968780156250001 0.5421876703125 0.1406250859375 0.5421876703125 0.1406250859375 0.5265621031250001 0.07968780156250001 0.5265621031250001
5 0.12343762968750001 0.237499546875 0.125 0.23593744375 0.1281247421875 0.23593744375 0.1281247421875 0.223437896875 0.068749828125 0.223437896875 0.068749828125 0.237499546875 0.12343762968750001 0.237499546875
1 0.0484376296875 0.690624659375 0.05156237031250001 0.6937497734375 0.0531247421875 0.6937497734375 0.05781254375 0.698437896875 0.05937491406249999 0.698437896875 0.06250034531250001 0.701562103125 0.06250034531250001 0.7031251140625 0.064062715625 0.7046872171875 0.06562508593750001 0.7046872171875 0.06718745625 0.7062502265624999 0.068749828125 0.7062502265624999 0.08281254375 0.7203127828125 0.08281254375 0.7218748859375 0.0843749140625 0.7218748859375 0.0968752578125 0.734375340625 0.0984376296875 0.734375340625 0.1 0.7359374437499999 0.1015623703125 0.7359374437499999 0.10781254375 0.7421876703125 0.1093749140625 0.7421876703125 0.11562508593750001 0.748437896875 0.11718745625 0.748437896875 0.11874982812499998 0.75 0.1203121984375 0.75 0.125 0.7546872171875 0.1281247421875 0.7546872171875 0.13281254375 0.759375340625 0.1343749140625 0.759375340625 0.135937284375 0.7609374437499999 0.1375003453125 0.7609374437499999 0.14374982812499998 0.7671876703125 0.1453121984375 0.7671876703125 0.15 0.7718748859375 0.1515623703125 0.7718748859375 0.1531247421875 0.773437896875 0.1546878015625 0.773437896875 0.160937284375 0.7796872171875 0.1625003453125 0.7796872171875 0.1656250859375 0.7828123296875 0.16718745625 0.7828123296875 0.1703121984375 0.78593744375 0.1718752578125 0.78593744375 0.17812474218750002 0.7921876703125 0.1796878015625 0.7921876703125 0.181250171875 0.7937497734375001 0.18281254375 0.7937497734375001 0.18906271562500002 0.8 0.1906250859375 0.8 0.19218745625 0.801562103125 0.19218745625 0.8031251140625001 0.2 0.81093744375 0.2 0.812500453125 0.2046878015625 0.8171876703125 0.206250171875 0.8171876703125 0.20781254374999997 0.8187497734375 0.2125003453125 0.8187497734375 0.21406271562499998 0.8203127828125 0.21562508593750002 0.8203127828125 0.21718745625000002 0.8218748859374999 0.21718745625000002 0.823437896875 0.2203121984375 0.8265621031249999 0.2203121984375 0.8281251140625001 0.2218752578125 0.8296872171875 0.22343762968749997 0.8296872171875 0.225 0.8312502265624999 0.2265623703125 0.8312502265624999 0.23125017187500002 0.83593744375 0.2343749140625 0.83593744375 0.235937284375 0.8374995468750001 0.23750034531250003 0.8374995468750001 0.2406250859375 0.840624659375 0.24687525781250003 0.840624659375 0.25 0.8437497734375 0.25 0.8453127828125 0.264062715625 0.859375340625 0.264062715625 0.8609374437499999 0.2656250859375 0.8609374437499999 0.26718745625 0.8625004531249999 0.268749828125 0.8625004531249999 0.2718752578125 0.865624659375 0.27343762968749996 0.865624659375 0.2765623703125 0.8687497734375 0.2781247421875 0.8687497734375 0.2796878015625 0.8703127828125 0.281250171875 0.8703127828125 0.2843749140625 0.8734378968750001 0.285937284375 0.8734378968750001 0.2906250859375 0.8781251140625 0.29218745625000003 0.8781251140625 0.2953121984375 0.8812502265625 0.2968752578125 0.8812502265625 0.3015623703125 0.8859374437499999 0.30312474218749996 0.8859374437499999 0.30625017187500003 0.8890625562500001 0.30625017187500003 0.890624659375 0.30781254375 0.890624659375 0.3156250859375 0.8984378968750001 0.31718745625 0.8984378968750001 0.32031219843750003 0.901562103125 0.32031219843750003 0.9031251140625001 0.32187525781250004 0.9031251140625001 0.3265623703125 0.9078123296875 0.3281247421875 0.9078123296875 0.331250171875 0.91093744375 0.33281254374999997 0.91093744375 0.339062715625 0.9171876703124999 0.3406250859375 0.9171876703124999 0.34218745625 0.9187497734375001 0.343749828125 0.9187497734375001 0.3484376296875 0.9234378968750001 0.35 0.9234378968750001 0.35156237031250004 0.925 0.3531247421875 0.925 0.356250171875 0.9281251140625001 0.35781254375 0.9281251140625001 0.3593749140625 0.9296872171875 0.360937284375 0.9296872171875 0.364062715625 0.9328123296875 0.3656250859375 0.9328123296875 0.368749828125 0.93593744375 0.3703121984375 0.93593744375 0.3734376296875 0.93906255625 0.3734376296875 0.940624659375 0.375 0.9421876703125 0.3765623703125 0.9421876703125 0.389062715625 0.9546872171875 0.3906250859375 0.9546872171875 0.39218745625 0.9562502265624999 0.4125003453125 0.9562502265624999 0.410937284375 0.9546872171875 0.410937284375 0.9531251140625001 0.4 0.9421876703125 0.39843762968749996 0.9421876703125 0.393749828125 0.937500453125 0.3906250859375 0.937500453125 0.385937284375 0.9328123296875 0.3843749140625 0.9328123296875 0.3781247421875 0.926562103125 0.3765623703125 0.926562103125 0.375 0.925 0.3734376296875 0.925 0.36718745625000004 0.9187497734375001 0.3656250859375 0.9187497734375001 0.360937284375 0.91406255625 0.3593749140625 0.91406255625 0.35781254375 0.9125004531249999 0.356250171875 0.9125004531249999 0.35 0.9062502265625 0.3468752578125 0.9062502265625 0.3406250859375 0.9 0.339062715625 0.9 0.33281254374999997 0.8937497734375001 0.331250171875 0.8937497734375001 0.3296878015625 0.8921876703124999 0.3281247421875 0.8921876703124999 0.3234376296875 0.8875004531249999 0.32187525781250004 0.8875004531249999 0.32031219843750003 0.8859374437499999 0.31874982812499997 0.8859374437499999 0.31718745625 0.884375340625 0.31718745625 0.8828123296875001 0.3156250859375 0.8828123296875001 0.3093749140625 0.8765621031249999 0.30781254375 0.8765621031249999 0.3015623703125 0.8703127828125 0.3 0.8703127828125 0.29218745625000003 0.8625004531249999 0.29218745625000003 0.8609374437499999 0.28906271562499997 0.8578123296875001 0.2874996546875 0.8578123296875001 0.285937284375 0.8562502265624999 0.2843749140625 0.8562502265624999 0.2796878015625 0.8515621031249999 0.2781247421875 0.8515621031249999 0.2765623703125 0.85 0.275 0.85 0.27343762968749996 0.848437896875 0.2718752578125 0.848437896875 0.26718745625 0.8437497734375 0.2656250859375 0.8437497734375 0.25781254374999996 0.83593744375 0.256250171875 0.83593744375 0.2546878015625 0.8343753406250001 0.2546878015625 0.8328123296875001 0.2484376296875 0.8265621031249999 0.2484376296875 0.825 0.24531219843750002 0.8218748859374999 0.24531219843750002 0.815624659375 0.24218745625000002 0.812500453125 0.2406250859375 0.812500453125 0.23906271562499998 0.81093744375 0.23750034531250003 0.81093744375 0.2343749140625 0.8078123296875 0.23281254375 0.8078123296875 0.23125017187500002 0.8062502265625 0.2296878015625 0.8062502265625 0.2265623703125 0.8031251140625001 0.225 0.8031251140625001 0.22343762968749997 0.801562103125 0.2218752578125 0.801562103125 0.2203121984375 0.8 0.218749828125 0.8 0.21562508593750002 0.7968748859375 0.21406271562499998 0.7968748859375 0.2125003453125 0.7953127828125 0.2093749140625 0.7953127828125 0.20781254374999997 0.7937497734375001 0.20156237031250002 0.7937497734375001 0.2 0.7921876703125 0.1984376296875 0.7921876703125 0.1953121984375 0.78906255625 0.193749828125 0.78906255625 0.19218745625 0.787500453125 0.1906250859375 0.787500453125 0.1843749140625 0.7812502265625 0.18281254375 0.7812502265625 0.1765623703125 0.775 0.175 0.775 0.1734376296875 0.773437896875 0.1718752578125 0.773437896875 0.168749828125 0.7703127828125 0.16718745625 0.7703127828125 0.1656250859375 0.7687497734375001 0.16406271562500002 0.7687497734375001 0.1531247421875 0.7578123296875 0.1515623703125 0.7578123296875 0.14843762968750002 0.7546872171875 0.1468752578125 0.7546872171875 0.1453121984375 0.7531251140624999 0.1453121984375 0.751562103125 0.14218745625 0.748437896875 0.14218745625 0.7468748859375001 0.139062715625 0.7437497734375 0.1375003453125 0.7437497734375 0.13281254375 0.7390625562500001 0.13125017187500002 0.7390625562500001 0.12968780156249998 0.737500453125 0.1265623703125 0.737500453125 0.1218752578125 0.7328123296875 0.1203121984375 0.7328123296875 0.11874982812499998 0.7312502265624999 0.11718745625 0.7312502265624999 0.1093749140625 0.7234378968749999 0.10781254375 0.7234378968749999 0.10468780156249999 0.7203127828125 0.10468780156249999 0.7187497734375 0.10312474218750001 0.7171876703125 0.1015623703125 0.7171876703125 0.1 0.715624659375 0.1 0.71406255625 0.0953121984375 0.7093753406250001 0.0953121984375 0.7078123296875 0.09218745625 0.7046872171875 0.09218745625 0.7031251140625 0.0906250859375 0.701562103125 0.089062715625 0.701562103125 0.0874996546875 0.7 0.0874996546875 0.698437896875 0.08281254375 0.6937497734375 0.081250171875 0.6937497734375 0.0765623703125 0.68906255625 0.075 0.68906255625 0.07343762968749999 0.687500453125 0.07187525781250001 0.687500453125 0.06718745625 0.6828123296874999 0.06562508593750001 0.6828123296874999 0.064062715625 0.6812502265625 0.06250034531250001 0.6812502265625 0.05781254375 0.676562103125 0.056250171875 0.676562103125 0.054687801562500006 0.675 0.0531247421875 0.675 0.05156237031250001 0.673437896875 0.05 0.673437896875 0.0484376296875 0.6718748859375 0.0484376296875 0.6703127828125 0.028124742187500003 0.6703127828125 0.029687801562499998 0.6718748859375 0.029687801562499998 0.673437896875 0.031250171874999996 0.675 0.031250171874999996 0.676562103125 0.0343749140625 0.6796872171875 0.035937284375 0.6796872171875 0.0468752578125 0.690624659375 0.0484376296875 0.690624659375
4 0.660937284375 0.7359374437499999 0.6343749140625 0.7359374437499999 0.63281254375 0.737500453125 0.631250171875 0.737500453125 0.631250171875 0.773437896875 0.6531247421875 0.773437896875 0.6546878015625001 0.775 0.65781254375 0.775 0.660937284375 0.7718748859375 0.660937284375 0.7359374437499999
5 0.25781254374999996 0.773437896875 0.25781254374999996 0.78906255625 0.32031219843750003 0.78906255625 0.32031219843750003 0.773437896875 0.25781254374999996 0.773437896875
5 0.40937491406250004 0.823437896875 0.40937491406250004 0.83906255625 0.47187525781249995 0.83906255625 0.47187525781249995 0.823437896875 0.40937491406250004 0.823437896875
3 0.70781254375 0.6687497734375001 0.7093749140625001 0.6703127828125 0.710937284375 0.6703127828125 0.710937284375 0.6515621031250001 0.7093749140625001 0.65 0.7093749140625001 0.648437896875 0.706250171875 0.6453127828125 0.706250171875 0.6437497734375001 0.7046878015625 0.6421876703125 0.7046878015625 0.640624659375 0.7031247421875 0.6390625562500001 0.7031247421875 0.637500453125 0.7015623703125 0.6359374437499999 0.7 0.6359374437499999 0.6984376296875 0.634375340625 0.68281254375 0.634375340625 0.68281254375 0.6703127828125 0.6953121984374999 0.6703127828125 0.6968752578124999 0.6687497734375001 0.6984376296875 0.6687497734375001 0.7 0.6671876703125 0.7046878015625 0.6671876703125 0.706250171875 0.6687497734375001 0.70781254375 0.6687497734375001
1 0.618749828125 0.8265621031249999 0.614062715625 0.8312502265624999 0.6109372843750001 0.8312502265624999 0.6093749140625 0.8328123296875001 0.6078125437499999 0.8328123296875001 0.6031247421875 0.8374995468750001 0.6015623703124999 0.8374995468750001 0.6 0.83906255625 0.5984376296875 0.83906255625 0.593749828125 0.8437497734375 0.59218745625 0.8437497734375 0.56718745625 0.8687497734375 0.5656250859374999 0.8687497734375 0.564062715625 0.8703127828125 0.5625003453125 0.8703127828125 0.5625003453125 0.8718748859375 0.560937284375 0.8734378968750001 0.5593749140625001 0.8734378968750001 0.55781254375 0.875 0.556250171875 0.875 0.5484376296875 0.8828123296875001 0.5484376296875 0.8921876703124999 0.55 0.8937497734375001 0.564062715625 0.8937497734375001 0.5718752578124999 0.8859374437499999 0.5734376296875 0.8859374437499999 0.5875003453125001 0.8718748859375 0.589062715625 0.8718748859375 0.5906250859375 0.8703127828125 0.5906250859375 0.8687497734375 0.5968752578125 0.8625004531249999 0.5968752578125 0.8609374437499999 0.6031247421875 0.8546872171875 0.6046878015625 0.8546872171875 0.6109372843750001 0.848437896875 0.6125003453125 0.848437896875 0.6156250859375 0.8453127828125 0.61718745625 0.8453127828125 0.6203121984375 0.8421876703125 0.6218752578125 0.8421876703125 0.6265623703125 0.8374995468750001 0.6281247421875 0.8374995468750001 0.635937284375 0.8296872171875 0.6374996546875 0.8296872171875 0.6515623703125 0.815624659375 0.6546878015625001 0.815624659375 0.656250171875 0.81406255625 0.65781254375 0.81406255625 0.6593749140625 0.812500453125 0.660937284375 0.812500453125 0.6624996546874999 0.81093744375 0.664062715625 0.81093744375 0.6656250859374999 0.809375340625 0.6703121984375 0.809375340625 0.6718752578125 0.81093744375 0.6734376296875 0.81093744375 0.6734376296875 0.801562103125 0.65 0.801562103125 0.6374996546875 0.81406255625 0.635937284375 0.81406255625 0.631250171875 0.8187497734375 0.6296878015625 0.8187497734375 0.6234376296875 0.825 0.6218752578125 0.825 0.6203121984375 0.8265621031249999 0.618749828125 0.8265621031249999
0 0.064062715625 0.6140625562500001 0.064062715625 0.640624659375 0.07968780156250001 0.640624659375 0.07968780156250001 0.6390625562500001 0.081250171875 0.637500453125 0.081250171875 0.6171876703125 0.07968780156250001 0.615624659375 0.07968780156250001 0.6140625562500001 0.064062715625 0.6140625562500001
5 0.706250171875 0.81406255625 0.706250171875 0.8421876703125 0.8421874562499999 0.8421876703125 0.8421874562499999 0.81406255625 0.706250171875 0.81406255625
0 0.7656250859375 0.6171876703125 0.7656250859375 0.6328123296875 0.78281254375 0.6328123296875 0.78281254375 0.6171876703125 0.7656250859375 0.6171876703125
3 0.6593749140625 0.725 0.6593749140625 0.78593744375 0.685937284375 0.78593744375 0.685937284375 0.784375340625 0.693749828125 0.7765621031250001 0.6953121984374999 0.7765621031250001 0.6968752578124999 0.775 0.6968752578124999 0.725 0.6593749140625 0.725
4 0.7515623703125 0.7421876703125 0.7765623703125 0.7421876703125 0.7765623703125 0.712499546875 0.775 0.71093744375 0.775 0.7093753406250001 0.7703121984375 0.7046872171875 0.7515623703125 0.7046872171875 0.7515623703125 0.7421876703125
4 0.6765623703125 0.65 0.6406250859375 0.65 0.6406250859375 0.68593744375 0.6656250859374999 0.68593744375 0.66718745625 0.684375340625 0.668749828125 0.684375340625 0.675 0.6781251140625 0.675 0.66093744375 0.6765623703125 0.659375340625 0.6765623703125 0.65
1 0.218749828125 0.21406255624999998 0.2203121984375 0.21250045312500002 0.2203121984375 0.209375340625 0.2218752578125 0.2078123296875 0.2218752578125 0.198437896875 0.22343762968749997 0.1968748859375 0.22343762968749997 0.1812502265625 0.2218752578125 0.1796872171875 0.2218752578125 0.173437896875 0.22343762968749997 0.1718748859375 0.22343762968749997 0.134375340625 0.2218752578125 0.1328123296875 0.2218752578125 0.112499546875 0.22343762968749997 0.11093744375 0.22343762968749997 0.0968748859375 0.2218752578125 0.0953127828125 0.2218752578125 0.09374977343749999 0.21718745625000002 0.09374977343749999 0.21562508593750002 0.0921876703125 0.21406271562499998 0.09374977343749999 0.2125003453125 0.09374977343749999 0.2125003453125 0.22187488593750002 0.21562508593750002 0.22187488593750002 0.21718745625000002 0.2203127828125 0.21718745625000002 0.21718767031250003 0.218749828125 0.21562465937500003 0.218749828125 0.21406255624999998
5 0.07968780156250001 0.3937497734375 0.07968780156250001 0.412500453125 0.1453121984375 0.412500453125 0.1453121984375 0.3937497734375 0.07968780156250001 0.3937497734375
5 0.1531247421875 0.373437896875 0.1531247421875 0.38906255624999997 0.2125003453125 0.38906255624999997 0.2125003453125 0.373437896875 0.1531247421875 0.373437896875
0 0.44374982812499997 0.9921876703124999 0.44374982812499997 0.9718748859374999 0.4296878015625 0.9718748859374999 0.4296878015625 0.9953127828125 0.44062508593749994 0.9953127828125 0.44374982812499997 0.9921876703124999
0 0.2515623703125 0.237499546875 0.2515623703125 0.2578123296875 0.264062715625 0.2578123296875 0.264062715625 0.237499546875 0.2515623703125 0.237499546875
1 0.589062715625 0.8703127828125 0.58281254375 0.8765621031249999 0.581250171875 0.8765621031249999 0.575 0.8828123296875001 0.5734376296875 0.8828123296875001 0.5703121984374999 0.8859374437499999 0.5656250859374999 0.8859374437499999 0.564062715625 0.8875004531249999 0.5625003453125 0.8875004531249999 0.560937284375 0.8890625562500001 0.5593749140625001 0.8890625562500001 0.55781254375 0.890624659375 0.556250171875 0.890624659375 0.5484376296875 0.8984378968750001 0.5468752578125 0.8984378968750001 0.543749828125 0.901562103125 0.543749828125 0.9031251140625001 0.54218745625 0.9046872171875 0.5406250859374999 0.9046872171875 0.539062715625 0.9062502265625 0.535937284375 0.9062502265625 0.5343749140625 0.9078123296875 0.53281254375 0.9078123296875 0.5281247421875 0.9125004531249999 0.5265623703125 0.9125004531249999 0.5218752578125 0.9171876703124999 0.5203121984375 0.9171876703124999 0.518749828125 0.9187497734375001 0.5171874562500001 0.9187497734375001 0.5124996546875 0.9234378968750001 0.510937284375 0.9234378968750001 0.5093749140625 0.925 0.50781254375 0.925 0.5015623703125 0.9312502265625 0.5 0.9312502265625 0.49843762968750005 0.9328123296875 0.49687525781249997 0.9328123296875 0.49218745625000004 0.937500453125 0.4906250859375 0.937500453125 0.4796878015625 0.948437896875 0.4781247421875 0.948437896875 0.4765623703125 0.95 0.475 0.95 0.47343762968750003 0.9515621031249999 0.47187525781249995 0.9515621031249999 0.47031219843749994 0.9531251140625001 0.47031219843749994 0.9593753406250001 0.47187525781249995 0.96093744375 0.47187525781249995 0.96406255625 0.475 0.9671876703125 0.4765623703125 0.9671876703125 0.4781247421875 0.9687497734375 0.48281254375 0.9687497734375 0.48437491406250005 0.9671876703125 0.485937284375 0.9671876703125 0.4875003453125 0.965624659375 0.489062715625 0.965624659375 0.49218745625000004 0.9625004531249999 0.493749828125 0.9625004531249999 0.5015623703125 0.9546872171875 0.5031247421875 0.9546872171875 0.5156250859375 0.9421876703125 0.5171874562500001 0.9421876703125 0.5281247421875 0.9312502265625 0.5296878015625001 0.9312502265625 0.531250171875 0.9296872171875 0.53281254375 0.9296872171875 0.539062715625 0.9234378968750001 0.5406250859374999 0.9234378968750001 0.543749828125 0.9203127828125 0.5453121984375 0.9203127828125 0.5515623703125 0.91406255625 0.5531247421875001 0.91406255625 0.556250171875 0.91093744375 0.55781254375 0.91093744375 0.564062715625 0.9046872171875 0.568749828125 0.9046872171875 0.5703121984374999 0.9031251140625001 0.5718752578124999 0.9031251140625001 0.575 0.9 0.5765623703125 0.9 0.5781247421875 0.8984378968750001 0.5796878015625 0.8984378968750001 0.581250171875 0.8968748859375 0.58281254375 0.8968748859375 0.593749828125 0.8859374437499999 0.5953121984374999 0.8859374437499999 0.5968752578125 0.884375340625 0.5984376296875 0.884375340625 0.6031247421875 0.8796872171875 0.6031247421875 0.8781251140625 0.6046878015625 0.8765621031249999 0.6046878015625 0.8734378968750001 0.6078125437499999 0.8703127828125 0.6078125437499999 0.8687497734375 0.6109372843750001 0.865624659375 0.6109372843750001 0.8640625562500001 0.6093749140625 0.8625004531249999 0.6031247421875 0.8625004531249999 0.6015623703124999 0.8640625562500001 0.6 0.8640625562500001 0.5968752578125 0.8671876703124999 0.5953121984374999 0.8671876703124999 0.593749828125 0.8687497734375 0.59218745625 0.8687497734375 0.5906250859375 0.8703127828125 0.589062715625 0.8703127828125