3 0.20254928125 0.7412597546875 0.1693313796875 0.7412597546875 0.1693313796875 0.7855629875 0.20254928125 0.7855629875 0.20254928125 0.7412597546875
1 0.24488172656249999 0.7129542921875001 0.21911454375 0.7355897437500001 0.2242882265625 0.7571326640625 0.249264784375 0.7431081374999999 0.24488172656249999 0.7129542921875001
5 0.12535162500000002 0.7591605343750001 0.0341576984375 0.8219676703125 0.05454821562499999 0.9477848390625001 0.14477837031250002 0.8691382390625 0.12535162500000002 0.7591605343750001
5 0.22372509375 0.608579709375 0.11681086874999999 0.6976131546875 0.11625519375 0.6984537343749999 0.12076611562499999 0.7221315500000001 0.22890516718749998 0.6332452625 0.22372509375 0.608579709375
5 0.21792807656250002 0.6950590859375 0.1968545546875 0.7147547375000001 0.201077784375 0.7369141578125 0.2200138515625 0.7207703453125001 0.21792807656250002 0.6950590859375
5 0.35542727812499997 0.5548539578125 0.30621843437499996 0.5950022296874999 0.310682471875 0.617642140625 0.3610841765625 0.5774124859375 0.35542727812499997 0.5548539578125
0 0.45174214218750003 0.47229097031249995 0.3724358015625 0.5354392421874999 0.3809776234375 0.5852084734375 0.46025466093749995 0.5222118171875 0.45174214218750003 0.47229097031249995
1 0.476176878125 0.5719821625 0.481467234375 0.589217390625 0.49719552499999997 0.5768885171875 0.49069579062499996 0.55158416875 0.476176878125 0.5719821625
0 0.44234949375 0.5921950953125 0.43236121406250005 0.6000178375 0.43683697343750005 0.6284136015625 0.44778263125000006 0.6196923078125 0.44234949375 0.5921950953125
1 0.6724512515625001 0.7802697875 0.3182136390625 0.6701036796875 0.3163169953125 0.6674180609375 0.3205673953125 0.692322184375 0.6758060734375 0.8049052390625 0.6724512515625001 0.7802697875
5 0.7047288218750001 0.379034559375 0.6577783703125 0.41893088125 0.66227916875 0.444564103125 0.7093478953125001 0.40806911875 0.7047288218750001 0.379034559375
5 0.9599147578125 0.11774470468750001 0.846482153125 0.213292084375 0.8669392640625 0.33132775937500003 0.978928609375 0.2303768109375 0.9599147578125 0.11774470468750001
1 0.8471475765625 0.2425863984375 0.8263478953125001 0.26244593125 0.8302248265625 0.2871906359375 0.8515929671875 0.2659364546875 0.8471475765625 0.2425863984375
1 0.7346387859375 0.3852853953125 0.731497603125 0.3663244140625 0.7147698453125 0.4037625421875 0.7163740015625 0.42244258593749995 0.72587266875 0.40503455937500005 0.7395578046875 0.426498328125 0.7638540218750001 0.40974581875 0.7574049015625001 0.383920846875 0.7404310062499999 0.399419175 0.7346387859375 0.3852853953125
0 0.7592333515624999 0.12815050156250002 0.7661315921875 0.15832664375 0.7758806609375 0.14566778125 0.7717075125 0.1170936453125 0.7592333515624999 0.12815050156250002
1 0.837667021875 0.1802809359375 0.8605311671875 0.161785953125 0.8542354828125 0.1397369 0.8330591374999999 0.1571159421875 0.8335753859375 0.1594615390625 0.837667021875 0.1802809359375
0 0.8581060203125 0.10688294375 0.846482153125 0.11410702343750001 0.851084709375 0.14284615312499999 0.8623532234375 0.1385395765625 0.8581060203125 0.10688294375
1 0.7767442734375 0.1802631 0.8369786890625001 0.205546265625 0.843726159375 0.1846622078125 0.7827511984375 0.16205685625 0.7767442734375 0.1802631
1 0.782482684375 0.140959865625 0.76894299375 0.1536666671875 0.768461375 0.1553612046875 0.7727874265625 0.17599108125000001 0.784928609375 0.1647246375 0.782482684375 0.140959865625
0 0.74301331875 0.1816042359375 0.7466494406249999 0.20539241874999997 0.7582402765625 0.199693421875 0.754047415625 0.1704091421875 0.74301331875 0.1816042359375
1 0.69670325 0.1216945375 0.6906819390625001 0.135498328125 0.6908145984375 0.1387837234375 0.7209717640625 0.3115139359375 0.728954715625 0.2935752515625 0.69670325 0.1216945375
0 0.6566526374999999 0.22750724687499999 0.6666068187499999 0.22062653281250003 0.6610522109375 0.191712375 0.6510111875 0.200125975 0.6509408624999999 0.20168561875000002 0.6566526374999999 0.22750724687499999
0 0.612649440625 0.1251716828125 0.6002557265624999 0.1202508359375 0.5976403828125 0.145253065625 0.6099904109375001 0.1495562984375 0.612649440625 0.1251716828125
1 0.47861054843749995 0.0868963203125 0.539482153125 0.1100579703125 0.5457298875000001 0.09604459374999999 0.4846830046875 0.0684916390625 0.47861054843749995 0.0868963203125
1 0.487 0.06846376875 0.5643404375000001 0.51060758125 0.57296270625 0.4857569671875 0.49275759218750004 0.05079041250000001 0.487 0.06846376875
1 0.5197181671875 0.32827647656250003 0.5569440593749999 0.5309230765625 0.5645993609375 0.5095139359374999 0.526803409375 0.3063333328125 0.5197181671875 0.32827647656250003
0 0.4799179546875 0.24842586406249997 0.492972296875 0.24013155 0.48999840156249996 0.2157435890625 0.476513053125 0.22645819375 0.47730154531249996 0.2305696765625 0.4799179546875 0.24842586406249997
2 0.6452855625 0.7231014499999999 0.31542248281249996 0.6133110375 0.305928609375 0.6298004453125 0.33208843906249996 0.7975964328125 0.20351411874999997 0.7583991078125 0.2050900375 0.7855562984375 0.33240170468749997 0.8217246375 0.34212200312499996 0.8083913046875001 0.31673947812500003 0.6353422515625 0.6522956843750001 0.743450390625 0.6608636125 0.7246477140625001 0.5542189671875 0.5400981046875 0.48073841249999993 0.123205128125 0.669913159375 0.18502452656249999 0.7041454453125 0.3550022296875 0.7140511453125 0.3550022296875 0.7628630796875 0.23199442656249997 0.8104794890625 0.2542430328125 0.8153628124999999 0.22846376875000002 0.7612237609375 0.21185841718749998 0.710537559375 0.32821181718750003 0.6797666484375 0.1733768109375 0.4753388390625 0.10155183906250001 0.4690655296875 0.119031215625 0.5431699515624999 0.5513333328125001 0.6452855625 0.7231014499999999
1 0.49687479999999995 0.081249721875 0.4984374 0.0796878484375 0.5015626 0.0796878484375 0.5031252 0.0781248609375 0.5125002656250001 0.0781248609375 0.5140623328125 0.0796878484375 0.5234373999999999 0.0796878484375 0.525 0.081249721875 0.5265626 0.081249721875 0.5281252000000001 0.082812709375 0.5296872671874999 0.082812709375 0.5312498671875 0.08437458125 0.5328124671875 0.08437458125 0.5343750671875 0.0859375703125 0.5390623328124999 0.0859375703125 0.5406249328125 0.0875005578125 0.5453127328125 0.0875005578125 0.5484374 0.09062541874999999 0.5515626 0.09062541874999999 0.5531252 0.092187290625 0.5578124671875 0.092187290625 0.5593750671875 0.093750278125 0.5609376671875 0.093750278125 0.5656249328125 0.0984370125 0.5703127328125001 0.0984370125 0.575 0.10312486093749999 0.5765626 0.10312486093749999 0.5781252 0.10468784843750001 0.5859376671875001 0.10468784843750001 0.587500265625 0.106249721875 0.5906249328125 0.106249721875 0.5921875328125 0.10781270937500001 0.5937501328125 0.10781270937500001 0.5953127328125001 0.10937458124999999 0.5984374 0.10937458124999999 0.6 0.1109375703125 0.6093750671875 0.1109375703125 0.6109376671875 0.11250055781249998 0.612500265625 0.11250055781249998 0.6140623328125 0.1140624296875 0.6156249328125 0.1140624296875 0.6171875328125 0.11562541875000001 0.6203127328125 0.11562541875000001 0.6218748 0.117187290625 0.6343750671875 0.117187290625 0.6359376671875 0.11875027812500001 0.637499734375 0.11875027812500001 0.6390623328125 0.1203121515625 0.6406249328125 0.1203121515625 0.6421875328125 0.1218751390625 0.6437501328125 0.1218751390625 0.6453127328125 0.12343701250000001 0.6562498671875 0.12343701250000001 0.6578124671875 0.125 0.6640623328124999 0.125 0.6671875328125 0.1281248609375 0.6687501328125001 0.1281248609375 0.6703127328125 0.1296878484375 0.6812498671875 0.1296878484375 0.6828124671875 0.131249721875 0.6890623328125 0.131249721875 0.6921875328125 0.1281248609375 0.6921875328125 0.117187290625 0.6906249328125 0.11562541875000001 0.6906249328125 0.1140624296875 0.6890623328125 0.11250055781249998 0.687500265625 0.11250055781249998 0.6828124671875 0.10781270937500001 0.6781252 0.10781270937500001 0.6765626 0.106249721875 0.6734374 0.106249721875 0.6718748 0.10468784843750001 0.6703127328125 0.10468784843750001 0.6687501328125001 0.10312486093749999 0.6687501328125001 0.1015629875 0.6671875328125 0.1015629875 0.6656249328125 0.1 0.6484373999999999 0.1 0.6468748 0.0984370125 0.6453127328125 0.0984370125 0.6421875328125 0.0953121515625 0.6406249328125 0.0953121515625 0.6390623328125 0.093750278125 0.6343750671875 0.093750278125 0.6328124671875 0.092187290625 0.6265626 0.092187290625 0.625 0.09062541874999999 0.6234374 0.09062541874999999 0.6218748 0.0890624296875 0.6187501328125 0.0890624296875 0.6171875328125 0.0875005578125 0.6140623328125 0.0875005578125 0.612500265625 0.0859375703125 0.6109376671875 0.0859375703125 0.6093750671875 0.08437458125 0.6078124671875 0.08437458125 0.6031252 0.0796878484375 0.6015626000000001 0.0796878484375 0.6 0.0781248609375 0.5984374 0.0781248609375 0.5968747999999999 0.0765629875 0.5781252 0.0765629875 0.5765626 0.075 0.5703127328125001 0.075 0.5687501328125 0.0734370125 0.5656249328125 0.0734370125 0.562500265625 0.07031215156250001 0.5609376671875 0.07031215156250001 0.5593750671875 0.068750278125 0.5515626 0.068750278125 0.55 0.06718729062499999 0.5484374 0.06718729062499999 0.5468748 0.06562541875 0.5453127328125 0.06562541875 0.5421875328125 0.0625005578125 0.537499734375 0.0625005578125 0.5359376671875 0.0609375703125 0.5343750671875 0.0609375703125 0.5234373999999999 0.05 0.5187501328125 0.05 0.5171875328125 0.0484370125 0.5156249328125 0.0484370125 0.5140623328125 0.05 0.5125002656250001 0.05 0.5109376671875 0.051562987500000004 0.5093750671875 0.051562987500000004 0.5078124671875 0.0531248609375 0.5062498671875 0.0531248609375 0.5046872671875 0.0546878484375 0.5015626 0.0546878484375 0.5 0.0531248609375 0.5 0.051562987500000004 0.4984374 0.05 0.49687479999999995 0.05 0.49531273281250005 0.0484370125 0.4937501328125 0.0484370125 0.4921875328125 0.05 0.4890623328125 0.05 0.48749973437499994 0.051562987500000004 0.48749973437499994 0.08437458125 0.4890623328125 0.0859375703125 0.49062493281249997 0.0859375703125 0.49531273281250005 0.081249721875 0.49687479999999995 0.081249721875
4 0.35 0.94062541875 0.35 0.9390624296875 0.3531252 0.9359375703125 0.3531252 0.8859375703125 0.32656260000000004 0.8859375703125 0.32656260000000004 0.94062541875 0.35 0.94062541875
0 0.6640623328124999 0.4 0.662499734375 0.39843701249999997 0.662499734375 0.392187290625 0.6609376671875 0.39062541875 0.6609376671875 0.38750055781250003 0.6531252000000001 0.38750055781250003 0.6531252000000001 0.417187290625 0.6578124671875 0.417187290625 0.6609376671875 0.4140624296875 0.6609376671875 0.4125005578125 0.662499734375 0.4109375703125 0.662499734375 0.40937458125 0.6640623328124999 0.407812709375 0.6640623328124999 0.4
1 0.5031252 0.7218751390625 0.5046872671875 0.7234370125 0.5109376671875 0.7234370125 0.5125002656250001 0.725 0.5140623328125 0.725 0.5171875328125 0.7281248609375 0.5187501328125 0.7281248609375 0.5203127328125 0.7296878484375 0.5234373999999999 0.7296878484375 0.525 0.731249721875 0.5281252000000001 0.731249721875 0.5312498671875 0.73437458125 0.5328124671875 0.73437458125 0.5343750671875 0.7359375703125 0.5437501328125001 0.7359375703125 0.5453127328125 0.7375005578125 0.5468748 0.7375005578125 0.55 0.74062541875 0.5531252 0.74062541875 0.5546872671874999 0.742187290625 0.5656249328125 0.742187290625 0.5671875328125 0.743750278125 0.5687501328125 0.743750278125 0.5703127328125001 0.7453121515625 0.5765626 0.7453121515625 0.5781252 0.743750278125 0.5796872671875 0.743750278125 0.5796872671875 0.7265629875 0.5781252 0.725 0.5765626 0.725 0.575 0.7234370125 0.5734374 0.7234370125 0.5703127328125001 0.7203121515625 0.5671875328125 0.7203121515625 0.5656249328125 0.718750278125 0.5593750671875 0.718750278125 0.5578124671875 0.717187290625 0.5562498671875 0.717187290625 0.5546872671874999 0.71562541875 0.5531252 0.71562541875 0.5515626 0.7140624296875 0.55 0.7140624296875 0.5484374 0.7125005578125 0.5390623328124999 0.7125005578125 0.5328124671875 0.706249721875 0.5234373999999999 0.706249721875 0.5218748 0.7046878484375 0.5203127328125 0.7046878484375 0.5171875328125 0.7015629875 0.5140623328125 0.7015629875 0.5125002656250001 0.7 0.5031252 0.7 0.5015626 0.6984370125 0.5 0.6984370125 0.4984374 0.6968751390625 0.49687479999999995 0.6968751390625 0.49531273281250005 0.6953121515625 0.4843750671875 0.6953121515625 0.4843750671875 0.717187290625 0.4937501328125 0.717187290625 0.49531273281250005 0.718750278125 0.49687479999999995 0.718750278125 0.4984374 0.7203121515625 0.5 0.7203121515625 0.5015626 0.7218751390625 0.5031252 0.7218751390625
4 0.7609376671875 0.51562541875 0.7609376671875 0.4609375703125 0.7359376671875 0.4609375703125 0.7359376671875 0.517187290625 0.7593750671875 0.517187290625 0.7609376671875 0.51562541875
0 0.5906249328125 0.242187290625 0.5890623328125 0.243750278125 0.587500265625 0.243750278125 0.5843750671875 0.2468751390625 0.5828124671875 0.2468751390625 0.5796872671875 0.25 0.5781252 0.25 0.5703127328125001 0.257812709375 0.5687501328125 0.257812709375 0.5687501328125 0.25937458125 0.5656249328125 0.26250055781250003 0.5640623328125 0.26250055781250003 0.55 0.2765629875 0.5484374 0.2765629875 0.5484374 0.2781248609375 0.5437501328125001 0.282812709375 0.5437501328125001 0.28437458125 0.5421875328125 0.2859375703125 0.5421875328125 0.2875005578125 0.5390623328124999 0.29062541875000003 0.5390623328124999 0.3234370125 0.5421875328125 0.3234370125 0.5453127328125 0.3265629875 0.5468748 0.3265629875 0.55 0.3296878484375 0.5531252 0.3296878484375 0.5656249328125 0.317187290625 0.5703127328125001 0.317187290625 0.5765626 0.3109375703125 0.5796872671875 0.3109375703125 0.5812498671874999 0.30937458125 0.5828124671875 0.30937458125 0.5968747999999999 0.2953121515625 0.5984374 0.2953121515625 0.6 0.293750278125 0.6015626000000001 0.293750278125 0.6031252 0.292187290625 0.6046872671875 0.292187290625 0.6062498671875 0.29062541875000003 0.6078124671875 0.29062541875000003 0.612500265625 0.2859375703125 0.6140623328125 0.2859375703125 0.6156249328125 0.28437458125 0.6171875328125 0.28437458125 0.6218748 0.2796878484375 0.6234374 0.2796878484375 0.6281252 0.275 0.6281252 0.25468784843750003 0.6265626 0.2531248609375 0.6265626 0.2515629875 0.625 0.25 0.625 0.243750278125 0.6234374 0.242187290625 0.6234374 0.2265629875 0.6218748 0.225 0.6218748 0.22343701249999998 0.6203127328125 0.2218751390625 0.6140623328125 0.2218751390625 0.6109376671875 0.225 0.6109376671875 0.2265629875 0.6078124671875 0.2296878484375 0.6062498671875 0.2296878484375 0.6046872671875 0.23124972187499998 0.6031252 0.23124972187499998 0.5921875328125 0.242187290625 0.5906249328125 0.242187290625
4 0.6078124671875 0.5203121515625 0.6078124671875 0.4734370125 0.5859376671875001 0.4734370125 0.5859376671875001 0.5234370125 0.6046872671875 0.5234370125 0.6078124671875 0.5203121515625
1 0.5734374 0.5234370125 0.5734374 0.525 0.575 0.5265629875 0.575 0.5359375703125 0.5765626 0.5375005578125001 0.5765626 0.5390624296875 0.5828124671875 0.5453121515625 0.5828124671875 0.5468751390625 0.587500265625 0.5515629875 0.587500265625 0.5531248609375 0.5890623328125 0.5546878484375 0.5906249328125 0.5546878484375 0.5937501328125 0.557812709375 0.5937501328125 0.5640624296875 0.6 0.5703121515625 0.6 0.5734370125 0.6015626000000001 0.575 0.6015626000000001 0.5765629875 0.6046872671875 0.5796878484375 0.6046872671875 0.581249721875 0.6062498671875 0.582812709375 0.6062498671875 0.58437458125 0.612500265625 0.59062541875 0.612500265625 0.5968751390625 0.6140623328125 0.5984370125 0.6156249328125 0.5984370125 0.6171875328125 0.6 0.6171875328125 0.6015629875 0.6187501328125 0.6031248609375 0.6187501328125 0.607812709375 0.625 0.6140624296875 0.625 0.61562541875 0.6312498671875 0.6218751390625 0.6312498671875 0.6281248609375 0.6328124671875 0.6296878484375 0.6343750671875 0.6296878484375 0.6359376671875 0.631249721875 0.6359376671875 0.632812709375 0.637499734375 0.63437458125 0.637499734375 0.6375005578125 0.6390623328125 0.6390624296875 0.6390623328125 0.64062541875 0.6437501328125 0.6453121515625 0.6437501328125 0.6468751390625 0.65 0.6531248609375 0.65 0.65937458125 0.6515626 0.6609375703125 0.6515626 0.6625005578125001 0.6546872671874999 0.66562541875 0.6546872671874999 0.667187290625 0.6562498671875 0.668750278125 0.6562498671875 0.6703121515625 0.6578124671875 0.6718751390625 0.6578124671875 0.675 0.6640623328124999 0.681249721875 0.6656249328125 0.681249721875 0.6718748 0.6875005578125 0.6718748 0.6890624296875 0.6734374 0.69062541875 0.6734374 0.6953121515625 0.6718748 0.6968751390625 0.6718748 0.6984370125 0.6703127328125 0.7 0.6781252 0.7 0.6781252 0.6875005578125 0.6812498671875 0.68437458125 0.6812498671875 0.675 0.6796872671874999 0.6734370125 0.6796872671874999 0.6718751390625 0.6781252 0.6703121515625 0.6781252 0.668750278125 0.675 0.66562541875 0.675 0.6640624296875 0.6734374 0.6625005578125001 0.6734374 0.65937458125 0.6671875328125 0.6531248609375 0.6671875328125 0.6484370125 0.6656249328125 0.6468751390625 0.6656249328125 0.6453121515625 0.6609376671875 0.64062541875 0.6609376671875 0.6390624296875 0.6593750671875 0.6375005578125 0.6593750671875 0.6359375703125 0.6578124671875 0.63437458125 0.6578124671875 0.632812709375 0.6546872671874999 0.6296878484375 0.6546872671874999 0.6265629875000001 0.6531252000000001 0.625 0.6531252000000001 0.6234370124999999 0.65 0.6203121515625 0.65 0.618750278125 0.6468748 0.61562541875 0.6468748 0.6140624296875 0.6437501328125 0.6109375703125 0.6437501328125 0.60937458125 0.6421875328125 0.607812709375 0.6421875328125 0.606249721875 0.6390623328125 0.6031248609375 0.6390623328125 0.6015629875 0.6359376671875 0.5984370125 0.6359376671875 0.5953121515625 0.6343750671875 0.593750278125 0.6343750671875 0.592187290625 0.6312498671875 0.5890624296875 0.6312498671875 0.5875005578125 0.6296872671875 0.5859375703125 0.6296872671875 0.582812709375 0.625 0.5781248609375 0.625 0.5765629875 0.6234374 0.575 0.6234374 0.5703121515625 0.6187501328125 0.56562541875 0.6187501328125 0.5640624296875 0.6171875328125 0.5625005578125 0.6171875328125 0.55937458125 0.6156249328125 0.557812709375 0.6156249328125 0.556249721875 0.6109376671875 0.5515629875 0.6109376671875 0.5468751390625 0.6062498671875 0.542187290625 0.6062498671875 0.54062541875 0.6046872671875 0.5390624296875 0.6046872671875 0.5375005578125001 0.5968747999999999 0.5296878484375 0.5953127328125001 0.5296878484375 0.5921875328125 0.5265629875 0.5921875328125 0.525 0.5906249328125 0.5234370125 0.5890623328125 0.5234370125 0.587500265625 0.5218751390625 0.587500265625 0.5203121515625 0.5859376671875001 0.518750278125 0.5859376671875001 0.51562541875 0.5843750671875 0.5140624296875 0.5843750671875 0.5125005578125 0.5812498671874999 0.50937458125 0.5812498671874999 0.507812709375 0.5781252 0.5046878484375 0.5781252 0.5031248609375 0.5765626 0.5015629875000001 0.5765626 0.5 0.575 0.4984370125 0.575 0.4968751390625 0.5734374 0.49531215156249997 0.5734374 0.493750278125 0.5718748 0.492187290625 0.5718748 0.4890624296875 0.5687501328125 0.4859375703125 0.5687501328125 0.482812709375 0.5671875328125 0.481249721875 0.5671875328125 0.4781248609375 0.5656249328125 0.4781248609375 0.5656249328125 0.5109375703125 0.5671875328125 0.5125005578125 0.5671875328125 0.5140624296875 0.5687501328125 0.51562541875 0.5687501328125 0.517187290625 0.5703127328125001 0.518750278125 0.5703127328125001 0.5203121515625 0.5734374 0.5234370125
5 0.787499734375 0.39843701249999997 0.7843750671875 0.4015629875 0.7828124671875 0.4015629875 0.7718748 0.4125005578125 0.7703127328125 0.4125005578125 0.7656249328125 0.417187290625 0.7640623328125 0.417187290625 0.762499734375 0.418750278125 0.7609376671875 0.418750278125 0.7593750671875 0.4203121515625 0.7578124671875 0.4203121515625 0.7578124671875 0.4218751390625 0.7546872671875 0.425 0.7531252 0.425 0.7468748 0.431249721875 0.7453127328125 0.431249721875 0.7437501328125 0.432812709375 0.7406249328125 0.432812709375 0.7343750671875 0.4390624296875 0.7328124671875 0.4390624296875 0.7218747999999999 0.45 0.7203127328125001 0.45 0.7187501328125 0.4515629875 0.7187501328125 0.4531248609375 0.7171875328125 0.4546878484375 0.7156249328125 0.4546878484375 0.7140623328125 0.456249721875 0.712500265625 0.456249721875 0.7078124671875 0.4609375703125 0.7062498671874999 0.4609375703125 0.7046872671875 0.4625005578125 0.7031252 0.4625005578125 0.7015626 0.4640624296875 0.7 0.4640624296875 0.6953127328125001 0.46875027812500003 0.6937501328125 0.46875027812500003 0.6921875328125 0.4703121515625 0.6921875328125 0.4718751390625 0.687500265625 0.47656298750000003 0.687500265625 0.48437458125 0.6890623328125 0.4859375703125 0.6890623328125 0.4890624296875 0.6906249328125 0.49062541875 0.6906249328125 0.4968751390625 0.6937501328125 0.5 0.7 0.5 0.7015626 0.4984370125 0.7031252 0.4984370125 0.7078124671875 0.493750278125 0.7093750671875 0.493750278125 0.7234374 0.4796878484375 0.725 0.4796878484375 0.7296872671875 0.475 0.7296872671875 0.4734370125 0.7359376671875 0.467187290625 0.737500265625 0.467187290625 0.7453127328125 0.45937458124999997 0.7468748 0.45937458124999997 0.7515626 0.4546878484375 0.7531252 0.4546878484375 0.7562498671875 0.4515629875 0.7578124671875 0.4515629875 0.7593750671875 0.45 0.762499734375 0.45 0.7640623328125 0.4484370125 0.7656249328125 0.4484370125 0.7671875328125 0.4468751390625 0.7687501328125 0.4468751390625 0.7734373999999999 0.442187290625 0.775 0.442187290625 0.7765626 0.44062541875 0.7781252000000001 0.44062541875 0.7796872671874999 0.4390624296875 0.7812498671875 0.4390624296875 0.7828124671875 0.4375005578125 0.7843750671875 0.4375005578125 0.7859376671875 0.4359375703125 0.787499734375 0.4359375703125 0.7906249328125 0.432812709375 0.7921875328125 0.432812709375 0.7937501328125001 0.431249721875 0.7953127328125 0.431249721875 0.8015625999999999 0.425 0.8031252 0.425 0.8093750671875 0.418750278125 0.8109376671874999 0.418750278125 0.8218748 0.407812709375 0.8218748 0.40624972187499997 0.8312498671874999 0.3968751390625 0.8312498671874999 0.37031215156249997 0.8156249328125 0.37031215156249997 0.8109376671874999 0.375 0.8109376671874999 0.3765629875 0.8046872671875 0.382812709375 0.8031252 0.382812709375 0.7937501328125001 0.392187290625 0.7937501328125001 0.393750278125 0.7890623328124999 0.39843701249999997 0.787499734375 0.39843701249999997
0 0.6046872671875 0 0.6046872671875 0.0015629875000000002 0.6015626000000001 0.0046878484375 0.6015626000000001 0.006249721875 0.6 0.007812709375 0.6 0.00937458125 0.5968747999999999 0.0124994421875 0.5953127328125001 0.0124994421875 0.5937501328125 0.0140624296875 0.5937501328125 0.01562541875 0.5890623328125 0.0203121515625 0.5890623328125 0.0218751390625 0.587500265625 0.0234370125 0.587500265625 0.05781270937500001 0.5890623328125 0.05937458125 0.5890623328125 0.0609375703125 0.5937501328125 0.06562541875 0.5937501328125 0.068750278125 0.5953127328125001 0.07031215156250001 0.5953127328125001 0.07187513906250001 0.6031252 0.07187513906250001 0.6046872671875 0.07031215156250001 0.6062498671875 0.07031215156250001 0.6078124671875 0.068750278125 0.6093750671875 0.068750278125 0.6156249328125 0.0625005578125 0.6156249328125 0.0609375703125 0.6171875328125 0.05937458125 0.6171875328125 0.03437458125 0.6187501328125 0.032812709375 0.6187501328125 0.0234370125 0.6203127328125 0.0218751390625 0.6203127328125 0.0203121515625 0.6234374 0.017187290625 0.6234374 0.01562541875 0.625 0.0140624296875 0.625 0.0124994421875 0.6265626 0.0109375703125 0.6281252 0.0109375703125 0.6296872671875 0.00937458125 0.6296872671875 0.007812709375 0.6328124671875 0.0046878484375 0.6328124671875 0 0.6046872671875 0
0 0.1937501328125 0.6640624296875 0.187500265625 0.6703121515625 0.187500265625 0.6718751390625 0.18437506718750002 0.675 0.1828124671875 0.675 0.1828124671875 0.7 0.18437506718750002 0.7015629875 0.1859376671875 0.7015629875 0.187500265625 0.7031248609375 0.19062493281249998 0.7031248609375 0.1953127328125 0.6984370125 0.1968748 0.6984370125 0.1984374 0.6968751390625 0.2 0.6968751390625 0.2 0.6953121515625 0.2015626 0.693750278125 0.20312519999999998 0.693750278125 0.20468726718750002 0.692187290625 0.2093750671875 0.692187290625 0.2109376671875 0.69062541875 0.2109376671875 0.6890624296875 0.21406233281249998 0.6859375703125 0.2156249328125 0.6859375703125 0.2171875328125 0.68437458125 0.2171875328125 0.682812709375 0.2203127328125 0.6796878484375 0.2218748 0.6796878484375 0.225 0.6765629875 0.225 0.675 0.2265626 0.6734370125 0.22812519999999997 0.6734370125 0.22968726718750002 0.6718751390625 0.22968726718750002 0.6703121515625 0.23281246718749998 0.667187290625 0.23281246718749998 0.6546878484375 0.23124986718749999 0.6531248609375 0.23124986718749999 0.6453121515625 0.22968726718750002 0.643750278125 0.2156249328125 0.643750278125 0.2156249328125 0.6453121515625 0.2078124671875 0.6531248609375 0.2062498671875 0.6531248609375 0.20312519999999998 0.656249721875 0.2015626 0.656249721875 0.1953127328125 0.6625005578125001 0.1937501328125 0.6625005578125001 0.1937501328125 0.6640624296875
0 0.2703127328125 0.8765629875000001 0.2703127328125 0.9125005578125001 0.2718748 0.9109375703125 0.2734374 0.9109375703125 0.275 0.90937458125 0.2765626 0.90937458125 0.2812498671875 0.9046878484375 0.28281246718749997 0.9046878484375 0.2906249328125 0.8968751390625 0.2906249328125 0.893750278125 0.2921875328125 0.892187290625 0.2921875328125 0.8796878484375 0.2906249328125 0.8781248609375 0.2906249328125 0.8765629875000001 0.2921875328125 0.875 0.2921875328125 0.8640624296875 0.2812498671875 0.8640624296875 0.2812498671875 0.86562541875 0.27812519999999996 0.868750278125 0.2765626 0.868750278125 0.2765626 0.8703121515625 0.2734374 0.8734370124999999 0.2734374 0.875 0.2718748 0.8765629875000001 0.2703127328125 0.8765629875000001
0 0.1562498671875 0.6046878484375 0.15312520000000002 0.607812709375 0.1515626 0.607812709375 0.1515626 0.60937458125 0.15 0.6109375703125 0.1484374 0.6109375703125 0.14531273281249998 0.6140624296875 0.1437501328125 0.6140624296875 0.1437501328125 0.61562541875 0.14218753281250002 0.617187290625 0.1406249328125 0.617187290625 0.1390623328125 0.618750278125 0.13749973437500002 0.618750278125 0.1312498671875 0.625 0.1296872671875 0.625 0.1281252 0.6265629875000001 0.1265626 0.6265629875000001 0.12031273281249999 0.632812709375 0.11875013281249999 0.632812709375 0.11875013281249999 0.63437458125 0.1156249328125 0.6375005578125 0.1140623328125 0.6375005578125 0.1078124671875 0.643750278125 0.1062498671875 0.643750278125 0.10468726718750002 0.6453121515625 0.10468726718750002 0.68437458125 0.1062498671875 0.6859375703125 0.1062498671875 0.6875005578125 0.1078124671875 0.6890624296875 0.1078124671875 0.69062541875 0.10937506718750001 0.692187290625 0.1109376671875 0.692187290625 0.1140623328125 0.6953121515625 0.1156249328125 0.6953121515625 0.11718753281250001 0.693750278125 0.11875013281249999 0.693750278125 0.12031273281249999 0.692187290625 0.12187479999999999 0.692187290625 0.1281252 0.6859375703125 0.1296872671875 0.6859375703125 0.1328124671875 0.682812709375 0.1343750671875 0.682812709375 0.13749973437500002 0.6796878484375 0.1390623328125 0.6796878484375 0.1468748 0.6718751390625 0.1484374 0.6718751390625 0.15 0.6703121515625 0.1515626 0.6703121515625 0.1546872671875 0.667187290625 0.1562498671875 0.667187290625 0.162500265625 0.6609375703125 0.1640623328125 0.6609375703125 0.1687501328125 0.656249721875 0.17031273281249998 0.656249721875 0.1718748 0.6546878484375 0.17343740000000002 0.6546878484375 0.1781252 0.65 0.1796872671875 0.65 0.1812498671875 0.6484370125 0.1890623328125 0.6484370125 0.19062493281249998 0.6468751390625 0.1937501328125 0.6468751390625 0.1937501328125 0.593750278125 0.1921875328125 0.592187290625 0.1921875328125 0.5890624296875 0.19062493281249998 0.5875005578125 0.19062493281249998 0.5859375703125 0.1828124671875 0.5859375703125 0.1796872671875 0.5890624296875 0.1781252 0.5890624296875 0.17343740000000002 0.593750278125 0.17031273281249998 0.593750278125 0.1640623328125 0.6 0.162500265625 0.6 0.1578124671875 0.6046878484375 0.1562498671875 0.6046878484375
4 0.725 0.18437458125 0.7484374 0.18437458125 0.7484374 0.13750055781249998 0.7468748 0.1359375703125 0.7468748 0.132812709375 0.7437501328125 0.1296878484375 0.725 0.1296878484375 0.725 0.18437458125
4 0.4593750671875 0.24062541875000001 0.4609376671875 0.2390624296875 0.4609376671875 0.2015629875 0.462500265625 0.2 0.462500265625 0.1765629875 0.43124986718749997 0.1765629875 0.43124986718749997 0.243750278125 0.4343750671875 0.2468751390625 0.45156260000000004 0.2468751390625 0.4531252 0.2453121515625 0.45468726718749997 0.2453121515625 0.4578124671875 0.242187290625 0.4593750671875 0.242187290625 0.4593750671875 0.24062541875000001
1 0.3171875328125 0.6609375703125 0.31875013281250003 0.6609375703125 0.3203127328125 0.6625005578125001 0.3234374 0.6625005578125001 0.32656260000000004 0.66562541875 0.3296872671875 0.66562541875 0.3312498671875 0.667187290625 0.3343750671875 0.667187290625 0.3390623328125 0.6718751390625 0.34218753281250003 0.6718751390625 0.3437501328125 0.6734370125 0.3593750671875 0.6734370125 0.36093766718750003 0.675 0.362499734375 0.675 0.3640623328125 0.6765629875 0.3781252 0.6765629875 0.3781252 0.657812709375 0.3765626 0.657812709375 0.375 0.656249721875 0.3734374 0.656249721875 0.3718748 0.6546878484375 0.3578124671875 0.6546878484375 0.3546872671875 0.6515629875 0.3531252 0.6515629875 0.3515626 0.65 0.35 0.65 0.3484374 0.6484370125 0.34687480000000004 0.6484370125 0.34218753281250003 0.643750278125 0.3390623328125 0.643750278125 0.337500265625 0.642187290625 0.3156249328125 0.642187290625 0.31406233281249996 0.643750278125 0.312500265625 0.643750278125 0.3093750671875 0.6468751390625 0.3093750671875 0.656249721875 0.31093766718750004 0.656249721875 0.312500265625 0.657812709375 0.31406233281249996 0.657812709375 0.3171875328125 0.6609375703125
1 0.3859376671875 0.68437458125 0.387500265625 0.6859375703125 0.3921875328125 0.6859375703125 0.39375013281250004 0.6875005578125 0.3953127328125 0.6875005578125 0.3984374 0.69062541875 0.4 0.69062541875 0.4015626 0.692187290625 0.4109376671875 0.692187290625 0.412499734375 0.693750278125 0.4140623328125 0.693750278125 0.4171875328125 0.6968751390625 0.4187501328125 0.6968751390625 0.42031273281250003 0.6984370125 0.4265626 0.6984370125 0.43124986718749997 0.7031248609375 0.4328124671875 0.7031248609375 0.4343750671875 0.7046878484375 0.4531252 0.7046878484375 0.45468726718749997 0.706249721875 0.4562498671875 0.706249721875 0.4593750671875 0.70937458125 0.4609376671875 0.70937458125 0.462500265625 0.7109375703125 0.4718748 0.7109375703125 0.4734374 0.7125005578125 0.475 0.7125005578125 0.4765626 0.7140624296875 0.47812520000000003 0.7140624296875 0.4796872671875 0.71562541875 0.4828124671875 0.71562541875 0.4843750671875 0.717187290625 0.4890623328125 0.717187290625 0.4890623328125 0.693750278125 0.48749973437499994 0.692187290625 0.48593766718750003 0.692187290625 0.4828124671875 0.6890624296875 0.47812520000000003 0.6890624296875 0.4765626 0.6875005578125 0.4593750671875 0.6875005578125 0.4578124671875 0.6859375703125 0.4562498671875 0.6859375703125 0.4531252 0.682812709375 0.45156260000000004 0.682812709375 0.45 0.681249721875 0.44375013281250003 0.681249721875 0.4421875328125 0.6796878484375 0.43906233281249996 0.6796878484375 0.43593766718750004 0.6765629875 0.4343750671875 0.6765629875 0.4328124671875 0.675 0.425 0.675 0.42343739999999996 0.6734370125 0.4218748 0.6734370125 0.4187501328125 0.6703121515625 0.4171875328125 0.6703121515625 0.4156249328125 0.668750278125 0.4093750671875 0.668750278125 0.40781246718749997 0.667187290625 0.4046872671875 0.667187290625 0.4031252 0.66562541875 0.4015626 0.66562541875 0.4 0.6640624296875 0.3968748 0.6640624296875 0.3953127328125 0.6625005578125001 0.387500265625 0.6625005578125001 0.3859376671875 0.6609375703125 0.3828124671875 0.6609375703125 0.3796872671875 0.657812709375 0.3781252 0.657812709375 0.3765626 0.656249721875 0.3734374 0.656249721875 0.3718748 0.6546878484375 0.3671875328125 0.6546878484375 0.3671875328125 0.6796878484375 0.3765626 0.6796878484375 0.3781252 0.681249721875 0.3796872671875 0.681249721875 0.3812498671875 0.682812709375 0.3828124671875 0.682812709375 0.38437506718750003 0.68437458125 0.3859376671875 0.68437458125
0 0.8812498671875 0.09062541874999999 0.8843750671875 0.09062541874999999 0.8906249328125 0.08437458125 0.8906249328125 0.082812709375 0.8921875328125 0.081249721875 0.8921875328125 0.05937458125 0.8937501328125 0.05781270937500001 0.8937501328125 0.051562987500000004 0.8953127328124999 0.05 0.8953127328124999 0.0359375703125 0.8937501328125 0.03437458125 0.8953127328124999 0.032812709375 0.8953127328124999 0.029687848437499997 0.8656249328125 0.029687848437499997 0.8656249328125 0.08437458125 0.8671875328124999 0.0859375703125 0.8687501328125 0.0859375703125 0.8703127328125 0.0875005578125 0.875 0.0875005578125 0.8765626 0.0890624296875 0.8796872671875 0.0890624296875 0.8812498671875 0.09062541874999999
4 0.6828124671875 0.632812709375 0.6828124671875 0.5796878484375 0.662499734375 0.5796878484375 0.662499734375 0.6359375703125 0.6796872671874999 0.6359375703125 0.6828124671875 0.632812709375
4 0.6562498671875 0.0953121515625 0.6781252 0.0953121515625 0.6812498671875 0.092187290625 0.6812498671875 0.09062541874999999 0.6828124671875 0.0890624296875 0.6828124671875 0.032812709375 0.6562498671875 0.032812709375 0.6562498671875 0.0953121515625
4 0.8140623328125001 0.10468784843750001 0.8265625999999999 0.10468784843750001 0.8296872671875001 0.1015629875 0.8296872671875001 0.1 0.8312498671874999 0.0984370125 0.8312498671874999 0.09062541874999999 0.8328124671875001 0.0890624296875 0.8328124671875001 0.0859375703125 0.8343750671875 0.08437458125 0.8343750671875 0.043750278125 0.812500265625 0.043750278125 0.812500265625 0.0453121515625 0.8109376671874999 0.0468751390625 0.8109376671874999 0.05 0.8093750671875 0.051562987500000004 0.8093750671875 0.1015629875 0.8109376671874999 0.10312486093749999 0.812500265625 0.10312486093749999 0.8140623328125001 0.10468784843750001
5 0.1812498671875 0.85 0.1796872671875 0.85 0.17031273281249998 0.85937458125 0.1687501328125 0.85937458125 0.1656249328125 0.8625005578125 0.1640623328125 0.8625005578125 0.1609376671875 0.86562541875 0.1593750671875 0.86562541875 0.1578124671875 0.867187290625 0.1562498671875 0.867187290625 0.15 0.8734370124999999 0.1484374 0.8734370124999999 0.14531273281249998 0.8765629875000001 0.14531273281249998 0.8781248609375 0.1343750671875 0.8890624296875 0.1328124671875 0.8890624296875 0.12031273281249999 0.9015629875 0.11875013281249999 0.9015629875 0.11875013281249999 0.9031248609375 0.11718753281250001 0.9046878484375 0.11718753281250001 0.9109375703125 0.11875013281249999 0.9125005578125001 0.11875013281249999 0.918750278125 0.11718753281250001 0.9203121515625 0.11718753281250001 0.9218751390625 0.1140623328125 0.925 0.112500265625 0.925 0.1109376671875 0.9265629875 0.10937506718750001 0.9265629875 0.10468726718750002 0.931249721875 0.10468726718750002 0.932812709375 0.10156259999999999 0.9359375703125 0.0984374 0.9359375703125 0.09687480000000001 0.9375005578125 0.0953127328125 0.9375005578125 0.0953127328125 0.943750278125 0.0984374 0.943750278125 0.1 0.942187290625 0.10468726718750002 0.942187290625 0.1062498671875 0.94062541875 0.1078124671875 0.94062541875 0.10937506718750001 0.9390624296875 0.10937506718750001 0.9375005578125 0.112500265625 0.93437458125 0.1140623328125 0.93437458125 0.12031273281249999 0.9281248609375 0.12187479999999999 0.9281248609375 0.12187479999999999 0.9265629875 0.1281252 0.9203121515625 0.1296872671875 0.9203121515625 0.1328124671875 0.917187290625 0.1343750671875 0.917187290625 0.1406249328125 0.9109375703125 0.14218753281250002 0.9109375703125 0.1437501328125 0.90937458125 0.14531273281249998 0.90937458125 0.1515626 0.9031248609375 0.15312520000000002 0.9031248609375 0.1578124671875 0.8984370125 0.1593750671875 0.8984370125 0.1656249328125 0.892187290625 0.1671875328125 0.892187290625 0.1718748 0.8875005578125 0.17343740000000002 0.8875005578125 0.1765626 0.88437458125 0.1781252 0.88437458125 0.1828124671875 0.8796878484375 0.18437506718750002 0.8796878484375 0.1859376671875 0.8781248609375 0.1859376671875 0.8765629875000001 0.1890623328125 0.8734370124999999 0.19062493281249998 0.8734370124999999 0.1968748 0.867187290625 0.1984374 0.867187290625 0.20312519999999998 0.8625005578125 0.20312519999999998 0.8609375703125 0.20468726718750002 0.85937458125 0.20468726718750002 0.8531248609375 0.20312519999999998 0.8515629875 0.20312519999999998 0.8468751390625 0.2015626 0.8453121515625 0.2015626 0.842187290625 0.2 0.84062541875 0.2 0.8359375703125 0.1984374 0.83437458125 0.1937501328125 0.83437458125 0.19062493281249998 0.8375005578125 0.1890623328125 0.8375005578125 0.1890623328125 0.8390624296875 0.187500265625 0.84062541875 0.187500265625 0.842187290625 0.1859376671875 0.843750278125 0.1859376671875 0.8453121515625 0.1812498671875 0.85
0 0.31406233281249996 0.5859375703125 0.31406233281249996 0.5718751390625 0.312500265625 0.5703121515625 0.312500265625 0.5625005578125 0.31093766718750004 0.5609375703125 0.29843739999999996 0.5609375703125 0.29843739999999996 0.592187290625 0.3015626 0.5953121515625 0.3031252 0.5953121515625 0.3046872671875 0.593750278125 0.3078124671875 0.593750278125 0.312500265625 0.5890624296875 0.312500265625 0.5875005578125 0.31406233281249996 0.5859375703125
3 0.6453127328125 0.15 0.6453127328125 0.23437458125 0.6890623328125 0.23437458125 0.6890623328125 0.15 0.6453127328125 0.15
5 0.4796872671875 0.3484370125 0.47812520000000003 0.3484370125 0.475 0.35156298750000003 0.4734374 0.35156298750000003 0.4734374 0.3531248609375 0.4703127328125 0.356249721875 0.4687501328125 0.356249721875 0.4687501328125 0.357812709375 0.4656249328125 0.3609375703125 0.4640623328125 0.3609375703125 0.462500265625 0.3625005578125 0.4609376671875 0.3625005578125 0.4562498671875 0.367187290625 0.45468726718749997 0.367187290625 0.4531252 0.368750278125 0.45156260000000004 0.368750278125 0.44687479999999996 0.3734370125 0.44531273281250006 0.3734370125 0.4421875328125 0.3765629875 0.4406249328125 0.3765629875 0.43593766718750004 0.381249721875 0.4343750671875 0.381249721875 0.4328124671875 0.382812709375 0.43124986718749997 0.382812709375 0.4265626 0.38750055781250003 0.425 0.38750055781250003 0.4140623328125 0.39843701249999997 0.412499734375 0.39843701249999997 0.412499734375 0.418750278125 0.4187501328125 0.425 0.4187501328125 0.4265629875 0.42031273281250003 0.4281248609375 0.42031273281250003 0.431249721875 0.4218748 0.432812709375 0.4218748 0.43437458125 0.425 0.4375005578125 0.43593766718750004 0.4375005578125 0.43750026562500005 0.4359375703125 0.43906233281249996 0.4359375703125 0.44687479999999996 0.4281248609375 0.44687479999999996 0.4265629875 0.4406249328125 0.4203121515625 0.4406249328125 0.41562541875000003 0.4421875328125 0.4140624296875 0.4421875328125 0.4125005578125 0.44531273281250006 0.40937458125 0.44687479999999996 0.40937458125 0.45 0.40624972187499997 0.45156260000000004 0.40624972187499997 0.4531252 0.4046878484375 0.45468726718749997 0.4046878484375 0.4562498671875 0.4031248609375 0.4562498671875 0.4015629875 0.4578124671875 0.4 0.4593750671875 0.4 0.4609376671875 0.39843701249999997 0.4609376671875 0.3968751390625 0.4656249328125 0.392187290625 0.46718753281250003 0.392187290625 0.47812520000000003 0.381249721875 0.4796872671875 0.381249721875 0.48124986718749996 0.37968784843750003 0.4828124671875 0.37968784843750003 0.4890623328125 0.3734370125 0.49062493281249997 0.3734370125 0.5031252 0.3609375703125 0.5031252 0.3375005578125 0.5015626 0.3359375703125 0.4921875328125 0.3359375703125 0.49062493281249997 0.3375005578125 0.4890623328125 0.3375005578125 0.48749973437499994 0.3390624296875 0.48593766718750003 0.3390624296875 0.48593766718750003 0.34062541875 0.48124986718749996 0.3453121515625 0.48124986718749996 0.3468751390625 0.4796872671875 0.3484370125
0 0.6234374 0.6453121515625 0.6234374 0.6359375703125 0.625 0.63437458125 0.625 0.632812709375 0.6234374 0.631249721875 0.6234374 0.6265629875000001 0.6218748 0.625 0.6187501328125 0.625 0.6171875328125 0.6234370124999999 0.6156249328125 0.6234370124999999 0.6093750671875 0.617187290625 0.6062498671875 0.617187290625 0.6062498671875 0.6484370125 0.6078124671875 0.65 0.6093750671875 0.65 0.6140623328125 0.6546878484375 0.6156249328125 0.6546878484375 0.6218748 0.6484370125 0.6218748 0.6468751390625 0.6234374 0.6453121515625
1 0.7546872671875 0.2875005578125 0.7546872671875 0.2890624296875 0.7515626 0.292187290625 0.7515626 0.293750278125 0.75 0.2953121515625 0.75 0.2984370125 0.7484374 0.3 0.7484374 0.3015629875 0.7468748 0.3031248609375 0.7468748 0.3046878484375 0.7453127328125 0.306249721875 0.7453127328125 0.307812709375 0.7437501328125 0.30937458125 0.7437501328125 0.31562541875 0.7421875328125 0.317187290625 0.7421875328125 0.3203121515625 0.7390623328125 0.3234370125 0.7390623328125 0.325 0.737500265625 0.3265629875 0.737500265625 0.331249721875 0.7359376671875 0.332812709375 0.7359376671875 0.3359375703125 0.7343750671875 0.3375005578125 0.7343750671875 0.3390624296875 0.7328124671875 0.34062541875 0.7328124671875 0.342187290625 0.7312498671875 0.34375027812500003 0.7312498671875 0.3468751390625 0.7281252 0.35 0.7281252 0.35156298750000003 0.7265626000000001 0.3531248609375 0.7265626000000001 0.35937458125 0.725 0.3609375703125 0.725 0.368750278125 0.7234374 0.37031215156249997 0.7234374 0.381249721875 0.7343750671875 0.381249721875 0.7343750671875 0.37968784843750003 0.7359376671875 0.3781248609375 0.7359376671875 0.368750278125 0.737500265625 0.367187290625 0.737500265625 0.3640624296875 0.7406249328125 0.3609375703125 0.7406249328125 0.35937458125 0.7421875328125 0.357812709375 0.7421875328125 0.356249721875 0.7468748 0.35156298750000003 0.7468748 0.35 0.75 0.3468751390625 0.75 0.3453121515625 0.7546872671875 0.34062541875 0.7546872671875 0.332812709375 0.7562498671875 0.331249721875 0.7562498671875 0.3296878484375 0.7593750671875 0.3265629875 0.7593750671875 0.325 0.7609376671875 0.3234370125 0.7609376671875 0.317187290625 0.762499734375 0.31562541875 0.762499734375 0.3140624296875 0.7671875328125 0.30937458125 0.7671875328125 0.306249721875 0.7687501328125 0.3046878484375 0.7687501328125 0.3031248609375 0.775 0.2968751390625 0.775 0.25468784843750003 0.7640623328125 0.25468784843750003 0.7640623328125 0.268750278125 0.762499734375 0.2703121515625 0.762499734375 0.275 0.7609376671875 0.2765629875 0.7609376671875 0.2781248609375 0.7562498671875 0.282812709375 0.7562498671875 0.2859375703125 0.7546872671875 0.2875005578125
4 0.7953127328125 0.082812709375 0.7968748 0.081249721875 0.7968748 0.0796878484375 0.7984374 0.0781248609375 0.7984374 0.075 0.8 0.0734370125 0.8 0.06718729062499999 0.8015625999999999 0.06562541875 0.8015625999999999 0.0140624296875 0.775 0.0140624296875 0.775 0.0859375703125 0.7812498671875 0.0859375703125 0.7828124671875 0.0875005578125 0.7859376671875 0.0875005578125 0.787499734375 0.0859375703125 0.7906249328125 0.0859375703125 0.7937501328125001 0.082812709375 0.7953127328125 0.082812709375
4 0.7296872671875 0.14843701250000002 0.7296872671875 0.082812709375 0.7046872671875 0.082812709375 0.7046872671875 0.14062541875 0.7062498671874999 0.142187290625 0.7140623328125 0.142187290625 0.7156249328125 0.14375027812500002 0.7171875328125 0.14375027812500002 0.7203127328125001 0.1468751390625 0.7203127328125001 0.14843701250000002 0.7296872671875 0.14843701250000002
4 0.28281246718749997 0.617187290625 0.2562498671875 0.617187290625 0.2546872671875 0.618750278125 0.2546872671875 0.675 0.2578124671875 0.675 0.25937506718750003 0.6765629875 0.27968726718750003 0.6765629875 0.27968726718750003 0.675 0.28281246718749997 0.6718751390625 0.28281246718749997 0.617187290625
5 0.6406249328125 0.35 0.6296872671875 0.3609375703125 0.6281252 0.3609375703125 0.6218748 0.367187290625 0.6203127328125 0.367187290625 0.6171875328125 0.37031215156249997 0.6156249328125 0.37031215156249997 0.612500265625 0.3734370125 0.6109376671875 0.3734370125 0.6093750671875 0.375 0.6078124671875 0.375 0.6062498671875 0.3765629875 0.6046872671875 0.3765629875 0.6 0.381249721875 0.5984374 0.381249721875 0.5937501328125 0.3859375703125 0.5921875328125 0.3859375703125 0.5906249328125 0.38750055781250003 0.5890623328125 0.38750055781250003 0.587500265625 0.3890624296875 0.5859376671875001 0.3890624296875 0.5828124671875 0.392187290625 0.5812498671874999 0.392187290625 0.5781252 0.3953121515625 0.5765626 0.3953121515625 0.575 0.3968751390625 0.5734374 0.3968751390625 0.5718748 0.39843701249999997 0.5703127328125001 0.39843701249999997 0.5671875328125 0.4015629875 0.5703127328125001 0.4046878484375 0.5781252 0.4046878484375 0.5812498671874999 0.407812709375 0.5812498671874999 0.40937458125 0.5828124671875 0.4109375703125 0.5843750671875 0.4109375703125 0.5890623328125 0.41562541875000003 0.5953127328125001 0.41562541875000003 0.5984374 0.4125005578125 0.6 0.4125005578125 0.6015626000000001 0.4109375703125 0.6031252 0.4109375703125 0.6093750671875 0.4046878484375 0.6109376671875 0.4046878484375 0.6171875328125 0.39843701249999997 0.6187501328125 0.39843701249999997 0.6203127328125 0.3968751390625 0.6218748 0.3968751390625 0.6265626 0.392187290625 0.6281252 0.392187290625 0.6296872671875 0.39062541875 0.6312498671875 0.39062541875 0.6343750671875 0.38750055781250003 0.6359376671875 0.38750055781250003 0.637499734375 0.3859375703125 0.6390623328125 0.3859375703125 0.6453127328125 0.37968784843750003 0.6468748 0.37968784843750003 0.6484373999999999 0.3781248609375 0.6484373999999999 0.3765629875 0.6578124671875 0.367187290625 0.6593750671875 0.367187290625 0.6656249328125 0.3609375703125 0.6671875328125 0.3609375703125 0.6687501328125001 0.35937458125 0.6687501328125001 0.357812709375 0.6703127328125 0.356249721875 0.6718748 0.356249721875 0.6796872671874999 0.3484370125 0.6812498671875 0.3484370125 0.6859376671875 0.34375027812500003 0.6859376671875 0.342187290625 0.687500265625 0.34062541875 0.687500265625 0.3390624296875 0.6906249328125 0.3359375703125 0.6906249328125 0.33437458124999997 0.6921875328125 0.332812709375 0.6906249328125 0.331249721875 0.6906249328125 0.3218751390625 0.6890623328125 0.3203121515625 0.687500265625 0.3203121515625 0.6859376671875 0.318750278125 0.6781252 0.318750278125 0.6718748 0.325 0.6703127328125 0.325 0.6578124671875 0.3375005578125 0.6562498671875 0.3375005578125 0.6453127328125 0.3484370125 0.6437501328125 0.3484370125 0.6421875328125 0.35 0.6406249328125 0.35
4 0.36093766718750003 0.492187290625 0.337500265625 0.492187290625 0.337500265625 0.5484370125 0.3390623328125 0.5484370125 0.3406249328125 0.55 0.3531252 0.55 0.3593750671875 0.543750278125 0.3593750671875 0.542187290625 0.36093766718750003 0.54062541875 0.36093766718750003 0.492187290625
1 0.25937506718750003 0.8281248609375 0.2609376671875 0.8296878484375 0.2671875328125 0.8296878484375 0.26875013281250004 0.831249721875 0.2843750671875 0.831249721875 0.2859376671875 0.8296878484375 0.2859376671875 0.8140624296875 0.27968726718750003 0.807812709375 0.27812519999999996 0.807812709375 0.2765626 0.806249721875 0.2703127328125 0.806249721875 0.26875013281250004 0.8046878484375 0.262500265625 0.8046878484375 0.2609376671875 0.8031248609375 0.25937506718750003 0.8031248609375 0.2578124671875 0.8015629875 0.2562498671875 0.8015629875 0.2546872671875 0.8 0.25 0.8 0.24843739999999997 0.7984370125 0.2453127328125 0.7984370125 0.2421875328125 0.7953121515625 0.2421875328125 0.793750278125 0.23124986718749999 0.793750278125 0.23124986718749999 0.8218751390625 0.23281246718749998 0.8218751390625 0.2343750671875 0.8234370125 0.24843739999999997 0.8234370125 0.25 0.825 0.2546872671875 0.825 0.2578124671875 0.8281248609375 0.25937506718750003 0.8281248609375
5 0.5 0.56562541875 0.49531273281250005 0.5703121515625 0.4937501328125 0.5703121515625 0.48593766718750003 0.5781248609375 0.4843750671875 0.5781248609375 0.48124986718749996 0.581249721875 0.48124986718749996 0.582812709375 0.4796872671875 0.58437458125 0.4796872671875 0.5875005578125 0.47812520000000003 0.5890624296875 0.47812520000000003 0.592187290625 0.4796872671875 0.593750278125 0.4796872671875 0.6046878484375 0.48124986718749996 0.606249721875 0.48124986718749996 0.60937458125 0.4828124671875 0.6109375703125 0.4828124671875 0.6125005578125 0.4843750671875 0.6125005578125 0.48593766718750003 0.6109375703125 0.4890623328125 0.6109375703125 0.49531273281250005 0.6046878484375 0.49687479999999995 0.6046878484375 0.4984374 0.6031248609375 0.4984374 0.6015629875 0.5015626 0.5984370125 0.5031252 0.5984370125 0.5093750671875 0.592187290625 0.5109376671875 0.592187290625 0.5171875328125 0.5859375703125 0.5187501328125 0.5859375703125 0.5203127328125 0.58437458125 0.5218748 0.58437458125 0.5218748 0.582812709375 0.5234373999999999 0.581249721875 0.525 0.581249721875 0.5281252000000001 0.5781248609375 0.5296872671874999 0.5781248609375 0.5296872671874999 0.575 0.5312498671875 0.5734370125 0.5312498671875 0.568750278125 0.5328124671875 0.567187290625 0.5328124671875 0.5468751390625 0.5312498671875 0.5453121515625 0.5312498671875 0.543750278125 0.525 0.543750278125 0.5187501328125 0.55 0.5187501328125 0.5515629875 0.5078124671875 0.5625005578125 0.5062498671875 0.5625005578125 0.5046872671875 0.5640624296875 0.5031252 0.5640624296875 0.5015626 0.56562541875 0.5 0.56562541875
5 0.28281246718749997 0.906249721875 0.2765626 0.9125005578125001 0.275 0.9125005578125001 0.2734374 0.9140624296875 0.2734374 0.91562541875 0.2718748 0.917187290625 0.2703127328125 0.917187290625 0.26875013281250004 0.918750278125 0.2656249328125 0.918750278125 0.26406233281249997 0.9203121515625 0.262500265625 0.9203121515625 0.262500265625 0.9218751390625 0.2609376671875 0.9234370125 0.25937506718750003 0.9234370125 0.2515626 0.931249721875 0.25 0.931249721875 0.2453127328125 0.9359375703125 0.24375013281250002 0.9359375703125 0.2421875328125 0.9375005578125 0.2406249328125 0.9375005578125 0.22968726718750002 0.9484370125 0.22812519999999997 0.9484370125 0.2265626 0.95 0.22343739999999998 0.95 0.2078124671875 0.96562541875 0.2062498671875 0.96562541875 0.20312519999999998 0.968750278125 0.2015626 0.968750278125 0.2 0.9703121515625 0.2 0.992187290625 0.20312519999999998 0.992187290625 0.20468726718750002 0.993750278125 0.2109376671875 0.993750278125 0.212499734375 0.992187290625 0.2156249328125 0.992187290625 0.225 0.982812709375 0.2265626 0.982812709375 0.22968726718750002 0.9796878484375 0.23124986718749999 0.9796878484375 0.237499734375 0.9734370125 0.23906233281249997 0.9734370125 0.2453127328125 0.967187290625 0.2468748 0.967187290625 0.2515626 0.9625005578125 0.2531252 0.9625005578125 0.25937506718750003 0.956249721875 0.2609376671875 0.956249721875 0.262500265625 0.9546878484375 0.262500265625 0.9531248609375 0.2656249328125 0.95 0.2671875328125 0.95 0.2812498671875 0.9359375703125 0.28281246718749997 0.9359375703125 0.2890623328125 0.9296878484375 0.2906249328125 0.9296878484375 0.2968748 0.9234370125 0.29843739999999996 0.9234370125 0.3 0.9218751390625 0.3015626 0.9218751390625 0.312500265625 0.9109375703125 0.31406233281249996 0.9109375703125 0.3171875328125 0.907812709375 0.3171875328125 0.906249721875 0.31875013281250003 0.9046878484375 0.3203127328125 0.9046878484375 0.3218748 0.9031248609375 0.3218748 0.9015629875 0.3234374 0.9 0.3234374 0.8968751390625 0.325 0.8953121515625 0.325 0.893750278125 0.32656260000000004 0.892187290625 0.3281252 0.892187290625 0.3296872671875 0.89062541875 0.3296872671875 0.8859375703125 0.3312498671875 0.88437458125 0.3281252 0.881249721875 0.32656260000000004 0.881249721875 0.325 0.8796878484375 0.3171875328125 0.8796878484375 0.3156249328125 0.881249721875 0.312500265625 0.881249721875 0.30624986718749997 0.8875005578125 0.3046872671875 0.8875005578125 0.3031252 0.8890624296875 0.3015626 0.8890624296875 0.2843750671875 0.906249721875 0.28281246718749997 0.906249721875
5 0.5359376671875 0.8375005578125 0.5328124671875 0.8375005578125 0.5281252000000001 0.842187290625 0.5265626 0.842187290625 0.525 0.843750278125 0.5234373999999999 0.843750278125 0.5203127328125 0.8468751390625 0.5187501328125 0.8468751390625 0.5156249328125 0.85 0.5125002656250001 0.85 0.5078124671875 0.8546878484375 0.5031252 0.8546878484375 0.49531273281250005 0.8625005578125 0.4890623328125 0.8625005578125 0.48749973437499994 0.8640624296875 0.48593766718750003 0.8640624296875 0.48124986718749996 0.868750278125 0.4796872671875 0.868750278125 0.4765626 0.8718751390625 0.4703127328125 0.8718751390625 0.4687501328125 0.8734370124999999 0.4656249328125 0.8734370124999999 0.4640623328125 0.875 0.462500265625 0.875 0.4609376671875 0.8765629875000001 0.4609376671875 0.8781248609375 0.4578124671875 0.881249721875 0.4578124671875 0.9265629875 0.4593750671875 0.9281248609375 0.4593750671875 0.9296878484375 0.4609376671875 0.931249721875 0.4609376671875 0.9390624296875 0.47812520000000003 0.9390624296875 0.4890623328125 0.9281248609375 0.49062493281249997 0.9281248609375 0.4921875328125 0.9265629875 0.4921875328125 0.925 0.4937501328125 0.9234370125 0.49531273281250005 0.9234370125 0.5015626 0.917187290625 0.5031252 0.917187290625 0.5078124671875 0.9125005578125001 0.5093750671875 0.9125005578125001 0.525 0.8968751390625 0.5265626 0.8968751390625 0.5312498671875 0.892187290625 0.5328124671875 0.892187290625 0.5343750671875 0.89062541875 0.5359376671875 0.89062541875 0.5406249328125 0.8859375703125 0.5421875328125 0.8859375703125 0.5437501328125001 0.88437458125 0.5453127328125 0.88437458125 0.55 0.8796878484375 0.5515626 0.8796878484375 0.5562498671875 0.875 0.5578124671875 0.875 0.5656249328125 0.867187290625 0.5671875328125 0.867187290625 0.5687501328125 0.86562541875 0.5703127328125001 0.86562541875 0.5718748 0.8640624296875 0.5718748 0.8625005578125 0.5734374 0.8609375703125 0.5734374 0.85937458125 0.575 0.857812709375 0.575 0.856249721875 0.5765626 0.8546878484375 0.5765626 0.843750278125 0.575 0.842187290625 0.575 0.83437458125 0.5734374 0.832812709375 0.5734374 0.831249721875 0.5671875328125 0.831249721875 0.5468748 0.8515629875 0.5453127328125 0.8515629875 0.5421875328125 0.8484370125 0.5421875328125 0.8468751390625 0.5406249328125 0.8453121515625 0.5406249328125 0.843750278125 0.5359376671875 0.8390624296875 0.5359376671875 0.8375005578125
0 0.3578124671875 0.8046878484375 0.35624986718749996 0.8031248609375 0.35624986718749996 0.8015629875 0.3546872671875 0.8 0.3546872671875 0.7984370125 0.3515626 0.7953121515625 0.3406249328125 0.7953121515625 0.3406249328125 0.8296878484375 0.3437501328125 0.8296878484375 0.34531273281249997 0.831249721875 0.35 0.831249721875 0.3515626 0.8296878484375 0.3546872671875 0.8296878484375 0.3578124671875 0.8265629875 0.3578124671875 0.8046878484375
0 0.4843750671875 0.53437458125 0.4703127328125 0.53437458125 0.4703127328125 0.568750278125 0.4796872671875 0.568750278125 0.48124986718749996 0.567187290625 0.4828124671875 0.567187290625 0.48593766718750003 0.5640624296875 0.48593766718750003 0.5375005578125001 0.4843750671875 0.5359375703125 0.4843750671875 0.53437458125
5 0.4406249328125 0.5281248609375 0.43906233281249996 0.5296878484375 0.43750026562500005 0.5296878484375 0.43593766718750004 0.531249721875 0.4343750671875 0.531249721875 0.4328124671875 0.532812709375 0.43124986718749997 0.532812709375 0.42812520000000004 0.5359375703125 0.425 0.5359375703125 0.4187501328125 0.542187290625 0.4187501328125 0.543750278125 0.412499734375 0.55 0.412499734375 0.5515629875 0.40781246718749997 0.556249721875 0.4062498671875 0.556249721875 0.4015626 0.5609375703125 0.4 0.5609375703125 0.3984374 0.5625005578125 0.3968748 0.5625005578125 0.3906249328125 0.568750278125 0.38906233281249997 0.568750278125 0.3812498671875 0.5765629875 0.3812498671875 0.5781248609375 0.3796872671875 0.5796878484375 0.3796872671875 0.5968751390625 0.3953127328125 0.5968751390625 0.4 0.592187290625 0.4015626 0.592187290625 0.4093750671875 0.58437458125 0.4109376671875 0.58437458125 0.4109376671875 0.582812709375 0.412499734375 0.581249721875 0.4140623328125 0.581249721875 0.42031273281250003 0.575 0.4218748 0.575 0.425 0.5718751390625 0.4265626 0.5718751390625 0.44375013281250003 0.5546878484375 0.44531273281250006 0.5546878484375 0.45 0.55 0.45156260000000004 0.55 0.45468726718749997 0.5468751390625 0.4562498671875 0.5468751390625 0.4562498671875 0.5453121515625 0.4578124671875 0.543750278125 0.4593750671875 0.543750278125 0.4593750671875 0.517187290625 0.4578124671875 0.517187290625 0.4562498671875 0.518750278125 0.45468726718749997 0.518750278125 0.45 0.5234370125 0.4484374 0.5234370125 0.44687479999999996 0.525 0.44531273281250006 0.525 0.4421875328125 0.5281248609375 0.4406249328125 0.5281248609375
4 0.5578124671875 0.4515629875 0.5671875328125 0.4515629875 0.5687501328125 0.45 0.5781252 0.45 0.5828124671875 0.4453121515625 0.5828124671875 0.4015629875 0.5578124671875 0.4015629875 0.5578124671875 0.4515629875
0 0.6562498671875 0.875 0.6578124671875 0.8765629875000001 0.6578124671875 0.8781248609375 0.6609376671875 0.881249721875 0.662499734375 0.881249721875 0.6656249328125 0.88437458125 0.6718748 0.88437458125 0.6765626 0.8796878484375 0.6781252 0.8796878484375 0.6781252 0.8781248609375 0.6796872671874999 0.8765629875000001 0.6796872671874999 0.8640624296875 0.6812498671875 0.8625005578125 0.6812498671875 0.856249721875 0.6828124671875 0.8546878484375 0.6828124671875 0.8296878484375 0.6812498671875 0.8281248609375 0.6812498671875 0.825 0.6796872671874999 0.8234370125 0.6796872671874999 0.8218751390625 0.675 0.817187290625 0.675 0.81562541875 0.6718748 0.8125005578125 0.6703127328125 0.8125005578125 0.6687501328125001 0.8109375703125 0.6593750671875 0.8109375703125 0.6578124671875 0.8125005578125 0.6578124671875 0.8140624296875 0.6562498671875 0.81562541875 0.6562498671875 0.843750278125 0.6546872671874999 0.8453121515625 0.6546872671874999 0.8703121515625 0.6562498671875 0.8718751390625 0.6562498671875 0.875
3 0.6968748 0.35156298750000003 0.6984374 0.35 0.7093750671875 0.35 0.7109376671875001 0.35156298750000003 0.7296872671875 0.35156298750000003 0.7296872671875 0.2968751390625 0.6968748 0.2968751390625 0.6968748 0.35156298750000003
5 0.44687479999999996 0.2859375703125 0.44531273281250006 0.2875005578125 0.44375013281250003 0.2875005578125 0.43906233281249996 0.292187290625 0.43750026562500005 0.292187290625 0.4343750671875 0.2953121515625 0.4328124671875 0.2953121515625 0.42812520000000004 0.3 0.4265626 0.3 0.42031273281250003 0.306249721875 0.4187501328125 0.306249721875 0.412499734375 0.3125005578125 0.4109376671875 0.3125005578125 0.4093750671875 0.3140624296875 0.40781246718749997 0.3140624296875 0.4015626 0.3203121515625 0.4015626 0.367187290625 0.4031252 0.368750278125 0.4031252 0.37031215156249997 0.4046872671875 0.3718751390625 0.4046872671875 0.3734370125 0.4062498671875 0.375 0.4062498671875 0.3765629875 0.4093750671875 0.37968784843750003 0.4109376671875 0.3781248609375 0.4171875328125 0.3781248609375 0.42031273281250003 0.375 0.4218748 0.375 0.42343739999999996 0.3734370125 0.42343739999999996 0.3718751390625 0.425 0.37031215156249997 0.425 0.368750278125 0.42812520000000004 0.36562541875 0.42812520000000004 0.3640624296875 0.4265626 0.3625005578125 0.4265626 0.357812709375 0.43593766718750004 0.3484370125 0.43593766718750004 0.3468751390625 0.43750026562500005 0.3453121515625 0.43750026562500005 0.342187290625 0.4406249328125 0.3390624296875 0.45 0.3390624296875 0.45156260000000004 0.34062541875 0.4531252 0.34062541875 0.45468726718749997 0.3390624296875 0.4578124671875 0.3390624296875 0.4593750671875 0.3375005578125 0.4609376671875 0.3375005578125 0.462500265625 0.3359375703125 0.4640623328125 0.3359375703125 0.4656249328125 0.33437458124999997 0.46718753281250003 0.33437458124999997 0.4703127328125 0.331249721875 0.4718748 0.331249721875 0.4718748 0.3296878484375 0.4734374 0.3281248609375 0.4734374 0.3234370125 0.475 0.3218751390625 0.475 0.2968751390625 0.4734374 0.2953121515625 0.4734374 0.292187290625 0.4718748 0.29062541875000003 0.4718748 0.2781248609375 0.4703127328125 0.2765629875 0.4703127328125 0.275 0.4687501328125 0.27343701249999997 0.4687501328125 0.2718751390625 0.46718753281250003 0.2703121515625 0.4593750671875 0.2703121515625 0.4578124671875 0.2718751390625 0.4578124671875 0.27343701249999997 0.4562498671875 0.275 0.4562498671875 0.2765629875 0.45 0.282812709375 0.45 0.28437458125 0.4484374 0.2859375703125 0.44687479999999996 0.2859375703125
1 0.787499734375 0.2859375703125 0.7859376671875 0.2875005578125 0.7859376671875 0.29062541875000003 0.7828124671875 0.293750278125 0.7812498671875 0.293750278125 0.7796872671874999 0.2953121515625 0.7796872671874999 0.2968751390625 0.7781252000000001 0.2984370125 0.7765626 0.2984370125 0.7765626 0.318750278125 0.7781252000000001 0.3203121515625 0.7781252000000001 0.3218751390625 0.7796872671874999 0.3234370125 0.7796872671874999 0.3265629875 0.7812498671875 0.3281248609375 0.7859376671875 0.3281248609375 0.7937501328125001 0.3203121515625 0.7937501328125001 0.318750278125 0.8015625999999999 0.3109375703125 0.8031252 0.3109375703125 0.8031252 0.30937458125 0.8046872671875 0.307812709375 0.8046872671875 0.306249721875 0.8078124671875001 0.3031248609375 0.8078124671875001 0.3015629875 0.8093750671875 0.3 0.8093750671875 0.2984370125 0.8109376671874999 0.2968751390625 0.8109376671874999 0.29062541875000003 0.812500265625 0.2890624296875 0.812500265625 0.2796878484375 0.8109376671874999 0.2781248609375 0.8109376671874999 0.2703121515625 0.8078124671875001 0.267187290625 0.8031252 0.267187290625 0.7953127328125 0.275 0.7937501328125001 0.275 0.7906249328125 0.2781248609375 0.7906249328125 0.2796878484375 0.7890623328124999 0.28124972187499997 0.7890623328124999 0.282812709375 0.787499734375 0.28437458125 0.787499734375 0.2859375703125
0 0.42031273281250003 0.09062541874999999 0.4046872671875 0.09062541874999999 0.4046872671875 0.131249721875 0.4109376671875 0.131249721875 0.412499734375 0.1296878484375 0.4140623328125 0.1296878484375 0.4187501328125 0.125 0.4187501328125 0.12343701250000001 0.42031273281250003 0.1218751390625 0.42031273281250003 0.09062541874999999
1 0.2812498671875 0.693750278125 0.2812498671875 0.7015629875 0.28281246718749997 0.7031248609375 0.28281246718749997 0.706249721875 0.2859376671875 0.70937458125 0.2859376671875 0.7140624296875 0.287499734375 0.71562541875 0.287499734375 0.7390624296875 0.28281246718749997 0.743750278125 0.2812498671875 0.743750278125 0.27812519999999996 0.7468751390625 0.27812519999999996 0.7734370125 0.27968726718750003 0.7734370125 0.2812498671875 0.7718751390625 0.2843750671875 0.7718751390625 0.2890623328125 0.767187290625 0.2906249328125 0.767187290625 0.2921875328125 0.76562541875 0.2937501328125 0.76562541875 0.2937501328125 0.7640624296875 0.29843739999999996 0.75937458125 0.29843739999999996 0.757812709375 0.3 0.756249721875 0.3 0.7546878484375 0.3015626 0.7531248609375 0.3015626 0.7515629875000001 0.3031252 0.75 0.3031252 0.7468751390625 0.3046872671875 0.7453121515625 0.3046872671875 0.7218751390625 0.3031252 0.7203121515625 0.3031252 0.71562541875 0.3015626 0.7140624296875 0.3015626 0.7125005578125 0.3 0.7109375703125 0.3 0.706249721875 0.29843739999999996 0.7046878484375 0.29843739999999996 0.6875005578125 0.2968748 0.6859375703125 0.2968748 0.6796878484375 0.2953127328125 0.6781248609375 0.2953127328125 0.6765629875 0.2937501328125 0.675 0.2937501328125 0.6718751390625 0.2921875328125 0.6703121515625 0.2921875328125 0.66562541875 0.2906249328125 0.6640624296875 0.2906249328125 0.6609375703125 0.287499734375 0.657812709375 0.287499734375 0.6546878484375 0.2859376671875 0.6531248609375 0.2859376671875 0.6453121515625 0.2843750671875 0.643750278125 0.28281246718749997 0.643750278125 0.28281246718749997 0.6468751390625 0.2812498671875 0.6484370125 0.2812498671875 0.65937458125 0.27812519999999996 0.6625005578125001 0.27812519999999996 0.6875005578125 0.27968726718750003 0.6890624296875 0.27968726718750003 0.692187290625 0.2812498671875 0.693750278125
5 0.425 0.11250055781249998 0.42343739999999996 0.11250055781249998 0.4187501328125 0.117187290625 0.4171875328125 0.117187290625 0.4156249328125 0.11875027812500001 0.412499734375 0.11875027812500001 0.4109376671875 0.1203121515625 0.4093750671875 0.1203121515625 0.4093750671875 0.14843701250000002 0.4171875328125 0.14843701250000002 0.4187501328125 0.1468751390625 0.42031273281250003 0.1468751390625 0.42343739999999996 0.14375027812500002 0.425 0.14375027812500002 0.4265626 0.142187290625 0.42812520000000004 0.142187290625 0.43906233281249996 0.131249721875 0.4406249328125 0.131249721875 0.4421875328125 0.1296878484375 0.44375013281250003 0.1296878484375 0.45 0.12343701250000001 0.45156260000000004 0.12343701250000001 0.4578124671875 0.117187290625 0.4593750671875 0.117187290625 0.462500265625 0.1140624296875 0.462500265625 0.11250055781249998 0.4640623328125 0.1109375703125 0.4656249328125 0.1109375703125 0.46718753281250003 0.10937458124999999 0.46718753281250003 0.10781270937500001 0.4687501328125 0.106249721875 0.4687501328125 0.082812709375 0.45468726718749997 0.082812709375 0.45468726718749997 0.08437458125 0.45156260000000004 0.0875005578125 0.45156260000000004 0.0890624296875 0.4421875328125 0.0984370125 0.4406249328125 0.0984370125 0.4328124671875 0.106249721875 0.43124986718749997 0.106249721875 0.425 0.11250055781249998
1 0.2671875328125 0.856249721875 0.26875013281250004 0.856249721875 0.2703127328125 0.857812709375 0.2734374 0.857812709375 0.275 0.85937458125 0.28281246718749997 0.85937458125 0.2843750671875 0.8609375703125 0.287499734375 0.8609375703125 0.2890623328125 0.8625005578125 0.2906249328125 0.8625005578125 0.2937501328125 0.86562541875 0.2953127328125 0.86562541875 0.2968748 0.867187290625 0.3031252 0.867187290625 0.3046872671875 0.868750278125 0.312500265625 0.868750278125 0.31406233281249996 0.8703121515625 0.3171875328125 0.8703121515625 0.31875013281250003 0.8718751390625 0.3218748 0.8718751390625 0.325 0.875 0.32656260000000004 0.875 0.3281252 0.8765629875000001 0.3515626 0.8765629875000001 0.3515626 0.868750278125 0.35 0.867187290625 0.35 0.8640624296875 0.34531273281249997 0.85937458125 0.3437501328125 0.85937458125 0.3406249328125 0.856249721875 0.3328124671875 0.856249721875 0.3312498671875 0.8546878484375 0.3296872671875 0.8546878484375 0.3281252 0.8531248609375 0.325 0.8531248609375 0.3234374 0.8515629875 0.3218748 0.8515629875 0.3203127328125 0.85 0.30624986718749997 0.85 0.3046872671875 0.8484370125 0.3031252 0.8484370125 0.3 0.8453121515625 0.29843739999999996 0.8453121515625 0.2953127328125 0.842187290625 0.2937501328125 0.842187290625 0.2921875328125 0.84062541875 0.2906249328125 0.84062541875 0.2859376671875 0.8359375703125 0.2859376671875 0.8296878484375 0.2609376671875 0.8296878484375 0.2609376671875 0.831249721875 0.262500265625 0.831249721875 0.26406233281249997 0.832812709375 0.2609376671875 0.8359375703125 0.2609376671875 0.8531248609375 0.262500265625 0.8546878484375 0.2656249328125 0.8546878484375 0.2671875328125 0.856249721875