4 0.95312566875 0.7875 0.95312566875 0.853125 0.998437165625 0.853125 0.998437165625 0.7875 0.95312566875 0.7875
0 0.804687165625 0.8734375 0.804687165625 0.9171875 0.82812566875 0.9171875 0.82812566875 0.8734375 0.804687165625 0.8734375
0 0.904687165625 0.309375 0.904687165625 0.265625 0.8796871656249999 0.265625 0.8796871656249999 0.3109375 0.9031256687500001 0.3109375 0.904687165625 0.309375
5 0.710937165625 0.6375 0.710937165625 0.8125 0.945312834375 0.8125 0.945312834375 0.6375 0.710937165625 0.6375
5 0.804687165625 0.915625 0.804687165625 0.98125 0.92187566875 0.98125 0.92187566875 0.915625 0.804687165625 0.915625
5 0.757812834375 0.3984375 0.757812834375 0.4328125 0.998437165625 0.4328125 0.998437165625 0.3984375 0.757812834375 0.3984375
2 0.982812834375 0.946875 0.975 0.9546875 0.9734371656249999 0.9546875 0.9718756687500001 0.95625 0.970312834375 0.95625 0.967187165625 0.959375 0.9656256687500001 0.959375 0.9625 0.9625 0.960937165625 0.9625 0.9593756687500001 0.9640625 0.9578128343750001 0.9640625 0.954687165625 0.9671875 0.95312566875 0.9671875 0.9468743312499999 0.9734375 0.945312834375 0.9734375 0.94375 0.975 0.9421871656249999 0.975 0.9406256687500001 0.9765625 0.939062834375 0.9765625 0.9343756687500001 0.98125 0.9328128343750001 0.98125 0.93125 0.9828125 0.929687165625 0.9828125 0.9265628343750001 0.9859375 0.925 0.9859375 0.923437165625 0.9875 0.92187566875 0.9875 0.92187566875 0.9981060609375 0.954687165625 0.9981060609375 0.954687165625 0.996875 0.9656256687500001 0.9859375 0.967187165625 0.9859375 0.975 0.978125 0.976562834375 0.978125 0.982812834375 0.971875 0.985937165625 0.971875 0.9875 0.9703125 0.992187165625 0.9703125 0.99375 0.971875 0.998437165625 0.971875 0.998437165625 0.9296875 0.99375 0.9296875 0.9906256687500001 0.9328125 0.9906256687500001 0.934375 0.9875 0.9375 0.9875 0.9390625 0.985937165625 0.940625 0.985937165625 0.9421875 0.982812834375 0.9453125 0.982812834375 0.946875
1 0.9421871656249999 0.340625 0.94375 0.3390625 0.945312834375 0.3390625 0.945312834375 0.3046875 0.8859371656249999 0.3046875 0.8843743312499999 0.30625 0.88125 0.30625 0.88125 0.34375 0.9265628343750001 0.34375 0.9281256687500001 0.3421875 0.9375 0.3421875 0.939062834375 0.340625 0.9421871656249999 0.340625
0 0 0.0296875 0.04375 0.0296875 0.045312834375 0.028125 0.054687165625 0.028125 0.05625 0.0296875 0.06562566875 0.0296875 0.067187165625 0.028125 0.073437165625 0.028125 0.079687165625 0.021875 0.079687165625 0.0203125 0.08125 0.01875 0.08125 0.0125 0.082812834375 0.0109375 0.082812834375 0.0015625 0 0.0015625 0 0.0296875
4 0.95625 0.871875 0.95625 0.90625 0.998437165625 0.90625 0.998437165625 0.871875 0.95625 0.871875
4 0.9906256687500001 0.5796875 0.9906256687500001 0.6421875 0.998437165625 0.6421875 0.998437165625 0.5796875 0.9906256687500001 0.5796875
5 0.879382353125 0.3493257578125 0.8830668453125 0.375532196875 0.9985949203125 0.3781060609375 0.9963716578125 0.3365037875 0.879382353125 0.3493257578125