3 0.257812709375 0.121875196875 0.257812709375 0.20624960468750003 0.318750278125 0.20624960468750003 0.318750278125 0.121875196875 0.257812709375 0.121875196875
4 0.1359375703125 0.271875196875 0.1359375703125 0.339063190625 0.20937458125 0.339063190625 0.20937458125 0.271875196875 0.1359375703125 0.271875196875
0 0.893750278125 0.21562559218750002 0.893750278125 0.14062559218749998 0.718750278125 0.14062559218749998 0.717187290625 0.14218799375 0.717187290625 0.21562559218750002 0.893750278125 0.21562559218750002
0 0.4890624296875 0.360936809375 0.4890624296875 0.40624960468750004 0.5125005578125 0.40624960468750004 0.5140624296875 0.40468720312500006 0.51562541875 0.40468720312500006 0.517187290625 0.403124803125 0.517187290625 0.362499209375 0.51562541875 0.360936809375 0.4890624296875 0.360936809375
0 0.325 0.44531279687499997 0.3234370125 0.44531279687499997 0.3203121515625 0.44843759843750003 0.3203121515625 0.520312796875 0.5046878484375 0.520312796875 0.5046878484375 0.4437503953125 0.3265629875 0.4437503953125 0.325 0.44531279687499997
0 0.1546878484375 0.48593680937499995 0.1546878484375 0.44687519687500005 0.131249721875 0.44687519687500005 0.131249721875 0.48750079062499996 0.1531248609375 0.48750079062499996 0.1546878484375 0.48593680937499995
4 0.2 0.254687203125 0.2 0.25 0.2015629875 0.24843759843750002 0.2015629875 0.2 0.106249721875 0.2 0.106249721875 0.254687203125 0.2 0.254687203125
0 0.1390624296875 0.014063190625 0.1390624296875 0.0031248031249999997 0.1140624296875 0.0031248031249999997 0.1140624296875 0.04218799375 0.1359375703125 0.04218799375 0.13750055781249998 0.0406255921875 0.1390624296875 0.0406255921875 0.1390624296875 0.028124803124999997 0.13750055781249998 0.026562401562499997 0.13750055781249998 0.015625592187500002 0.1390624296875 0.014063190625
4 0.657812709375 0.25 0.65937458125 0.24843759843750002 0.667187290625 0.24843759843750002 0.668750278125 0.25 0.69062541875 0.25 0.692187290625 0.24843759843750002 0.692187290625 0.196875196875 0.6046878484375 0.196875196875 0.6046878484375 0.24843759843750002 0.6109375703125 0.24843759843750002 0.6125005578125 0.25 0.617187290625 0.25 0.618750278125 0.24843759843750002 0.6484370125 0.24843759843750002 0.65 0.25 0.657812709375 0.25
0 0.3375005578125 0.27343759843750004 0.357812709375 0.27343759843750004 0.3609375703125 0.270312796875 0.3609375703125 0.24375039531249998 0.3625005578125 0.24218799375 0.3625005578125 0.229687203125 0.3375005578125 0.229687203125 0.3375005578125 0.27343759843750004
5 0.1296878484375 0.48437440781249996 0.1296878484375 0.5546872031250001 0.243750278125 0.5546872031250001 0.243750278125 0.48437440781249996 0.1296878484375 0.48437440781249996
1 0.40937458125 0.3 0.4046878484375 0.304687203125 0.4031248609375 0.304687203125 0.4015629875 0.3062496046875 0.4 0.3062496046875 0.39843701249999997 0.30781200625 0.3968751390625 0.30781200625 0.393750278125 0.310936809375 0.392187290625 0.310936809375 0.39062541875 0.312500790625 0.3890624296875 0.312500790625 0.382812709375 0.3187503953125 0.381249721875 0.3187503953125 0.37968784843750003 0.320312796875 0.3781248609375 0.320312796875 0.3718751390625 0.3265624015625 0.37031215156249997 0.3265624015625 0.37031215156249997 0.32812480312500003 0.368750278125 0.329687203125 0.367187290625 0.329687203125 0.35937458125 0.337500790625 0.357812709375 0.337500790625 0.356249721875 0.339063190625 0.356249721875 0.3406255921875 0.3546878484375 0.34218799375 0.3531248609375 0.34218799375 0.3390624296875 0.3562496046875 0.3375005578125 0.3562496046875 0.3296878484375 0.364063190625 0.3281248609375 0.364063190625 0.3218751390625 0.370312796875 0.3203121515625 0.370312796875 0.318750278125 0.371875196875 0.318750278125 0.3734375984375 0.317187290625 0.375 0.31562541875 0.375 0.3031248609375 0.387500790625 0.3015629875 0.387500790625 0.3 0.389063190625 0.2984370125 0.389063190625 0.2953121515625 0.39218799375 0.293750278125 0.39218799375 0.292187290625 0.3937503953125 0.292187290625 0.41250079062499995 0.293750278125 0.414063190625 0.2953121515625 0.414063190625 0.2968751390625 0.4156255921875 0.3 0.4156255921875 0.3015629875 0.414063190625 0.3046878484375 0.414063190625 0.306249721875 0.41250079062499995 0.307812709375 0.41250079062499995 0.31562541875 0.40468720312500006 0.317187290625 0.40468720312500006 0.3234370125 0.39843759843750004 0.325 0.39843759843750004 0.331249721875 0.39218799375 0.332812709375 0.39218799375 0.3390624296875 0.385936809375 0.34062541875 0.385936809375 0.342187290625 0.3843744078125 0.342187290625 0.38281200625 0.34375027812500003 0.3812496046875 0.3453121515625 0.3812496046875 0.3484370125 0.378124803125 0.35 0.378124803125 0.3609375703125 0.36718799375 0.3625005578125 0.36718799375 0.368750278125 0.360936809375 0.37031215156249997 0.360936809375 0.3765629875 0.354687203125 0.3781248609375 0.354687203125 0.3890624296875 0.34375039531249996 0.39062541875 0.34375039531249996 0.393750278125 0.3406255921875 0.3953121515625 0.3406255921875 0.4 0.33593680937500003 0.4015629875 0.33593680937500003 0.40937458125 0.32812480312500003 0.4109375703125 0.32812480312500003 0.4218751390625 0.31718799375 0.4234370125 0.31718799375 0.431249721875 0.3093744078125 0.431249721875 0.30781200625 0.432812709375 0.3062496046875 0.432812709375 0.304687203125 0.4390624296875 0.2984375984375 0.44062541875 0.2984375984375 0.442187290625 0.29687519687499997 0.442187290625 0.29218799375 0.443750278125 0.2906255921875 0.44062541875 0.287499209375 0.4359375703125 0.287499209375 0.43437458125 0.285936809375 0.432812709375 0.285936809375 0.431249721875 0.287499209375 0.4265629875 0.287499209375 0.4218751390625 0.29218799375 0.4203121515625 0.29218799375 0.418750278125 0.29375039531249997 0.417187290625 0.29375039531249997 0.4109375703125 0.3 0.40937458125 0.3
2 0.27343701249999997 0.15312480312500001 0.275 0.1515624015625 0.2765629875 0.1515624015625 0.2781248609375 0.15 0.2796878484375 0.15 0.28124972187499997 0.1515624015625 0.28437458125 0.1515624015625 0.293750278125 0.160936809375 0.293750278125 0.162499209375 0.3 0.1687503953125 0.3015629875 0.1687503953125 0.3046878484375 0.171875196875 0.306249721875 0.171875196875 0.307812709375 0.1734375984375 0.30937458125 0.1734375984375 0.3140624296875 0.178124803125 0.31562541875 0.178124803125 0.3218751390625 0.1843744078125 0.3234370125 0.1843744078125 0.325 0.18593680937499998 0.3265629875 0.18593680937499998 0.3281248609375 0.187500790625 0.3296878484375 0.187500790625 0.332812709375 0.1906255921875 0.33437458124999997 0.1906255921875 0.34062541875 0.196875196875 0.342187290625 0.196875196875 0.3484370125 0.203124803125 0.35 0.203124803125 0.3640624296875 0.21718799375 0.36562541875 0.21718799375 0.367187290625 0.21875039531249998 0.367187290625 0.220312796875 0.381249721875 0.2343744078125 0.382812709375 0.2343744078125 0.38437458125 0.235936809375 0.3859375703125 0.235936809375 0.38750055781250003 0.237500790625 0.3890624296875 0.237500790625 0.393750278125 0.24218799375 0.3953121515625 0.24218799375 0.3968751390625 0.24375039531249998 0.39843701249999997 0.24375039531249998 0.4109375703125 0.2562496046875 0.4109375703125 0.25781200625 0.41562541875000003 0.262500790625 0.417187290625 0.262500790625 0.4203121515625 0.26562559218750004 0.4218751390625 0.26562559218750004 0.4234370125 0.26718799375 0.425 0.26718799375 0.4265629875 0.2687503953125 0.4281248609375 0.2687503953125 0.4296878484375 0.270312796875 0.4296878484375 0.271875196875 0.431249721875 0.271875196875 0.43437458125 0.275 0.4359375703125 0.275 0.4375005578125 0.2765624015625 0.4375005578125 0.278124803125 0.4390624296875 0.278124803125 0.443750278125 0.28281200625 0.4453121515625 0.28281200625 0.4468751390625 0.2843744078125 0.4484370125 0.2843744078125 0.45 0.285936809375 0.4609375703125 0.285936809375 0.4625005578125 0.287499209375 0.4640624296875 0.287499209375 0.467187290625 0.2906255921875 0.467187290625 0.29218799375 0.46875027812500003 0.29375039531249997 0.46875027812500003 0.295312796875 0.4703121515625 0.29687519687499997 0.4703121515625 0.2984375984375 0.475 0.303124803125 0.47656298750000003 0.303124803125 0.4781248609375 0.304687203125 0.4796878484375 0.304687203125 0.4859375703125 0.310936809375 0.4875005578125 0.310936809375 0.492187290625 0.3156255921875 0.492187290625 0.31718799375 0.493750278125 0.3187503953125 0.493750278125 0.320312796875 0.49531215156249997 0.321875196875 0.49531215156249997 0.32343759843750003 0.4968751390625 0.32343759843750003 0.5 0.3265624015625 0.5 0.32812480312500003 0.5015629875000001 0.329687203125 0.5031248609375 0.329687203125 0.506249721875 0.33281200625 0.506249721875 0.3343744078125 0.50937458125 0.337500790625 0.5109375703125 0.337500790625 0.5125005578125 0.339063190625 0.5125005578125 0.3406255921875 0.5140624296875 0.3406255921875 0.5203121515625 0.346875196875 0.5203121515625 0.3484375984375 0.5234370125 0.35156240156249996 0.5234370125 0.3562496046875 0.525 0.35781200625 0.525 0.36718799375 0.5265629875 0.3687503953125 0.5265629875 0.370312796875 0.5296878484375 0.370312796875 0.531249721875 0.3687503953125 0.532812709375 0.3687503953125 0.53437458125 0.36718799375 0.542187290625 0.36718799375 0.543750278125 0.3656255921875 0.5468751390625 0.3656255921875 0.556249721875 0.375 0.557812709375 0.375 0.55937458125 0.3765624015625 0.5609375703125 0.3765624015625 0.5625005578125 0.378124803125 0.5640624296875 0.378124803125 0.56562541875 0.379687203125 0.567187290625 0.379687203125 0.575 0.387500790625 0.5765629875 0.387500790625 0.5890624296875 0.4 0.59062541875 0.4 0.6015629875 0.410936809375 0.6031248609375 0.410936809375 0.6140624296875 0.421875196875 0.61562541875 0.421875196875 0.618750278125 0.425 0.6203121515625 0.425 0.625 0.42968720312500003 0.6265629875000001 0.42968720312500003 0.6281248609375 0.4312496046875 0.6296878484375 0.4312496046875 0.631249721875 0.43281200625 0.631249721875 0.4343744078125 0.632812709375 0.43593680937499996 0.63437458125 0.43593680937499996 0.6390624296875 0.4406255921875 0.64062541875 0.4406255921875 0.642187290625 0.44218799375 0.643750278125 0.44218799375 0.6453121515625 0.4437503953125 0.6468751390625 0.4437503953125 0.656249721875 0.453124803125 0.657812709375 0.453124803125 0.6703121515625 0.4656255921875 0.6718751390625 0.4656255921875 0.6734370125 0.46718799375 0.6781248609375 0.46718799375 0.681249721875 0.47031279687499994 0.682812709375 0.47031279687499994 0.6875005578125 0.475 0.6890624296875 0.475 0.6953121515625 0.4812496046875 0.6968751390625 0.4812496046875 0.707812709375 0.49218799375 0.70937458125 0.49218799375 0.7109375703125 0.4937503953125 0.7125005578125 0.4937503953125 0.71562541875 0.49687519687500004 0.717187290625 0.49687519687500004 0.7203121515625 0.5 0.7218751390625 0.5 0.731249721875 0.5093744078125 0.731249721875 0.512499209375 0.732812709375 0.514063190625 0.732812709375 0.5156255921875 0.73437458125 0.5156255921875 0.7390624296875 0.520312796875 0.74062541875 0.520312796875 0.7453121515625 0.525 0.7468751390625 0.525 0.7515629875000001 0.5296872031250001 0.7546878484375 0.5296872031250001 0.767187290625 0.54218799375 0.768750278125 0.54218799375 0.7703121515625 0.5437503953125 0.7718751390625 0.5437503953125 0.782812709375 0.5546872031250001 0.78437458125 0.5546872031250001 0.7968751390625 0.56718799375 0.7984370125 0.56718799375 0.8015629875 0.5703127968749999 0.8015629875 0.571875196875 0.8031248609375 0.571875196875 0.806249721875 0.575 0.806249721875 0.5765624015624999 0.8125005578125 0.58281200625 0.8125005578125 0.5843744078124999 0.8140624296875 0.5859368093749999 0.81562541875 0.5859368093749999 0.818750278125 0.589063190625 0.818750278125 0.5906255921875 0.825 0.596875196875 0.8265629875 0.596875196875 0.8281248609375 0.5984375984375 0.831249721875 0.5984375984375 0.832812709375 0.6 0.8359375703125 0.6 0.8375005578125 0.6015624015625 0.84062541875 0.6015624015625 0.842187290625 0.6031248031249999 0.8453121515625 0.6031248031249999 0.8468751390625 0.604687203125 0.85 0.604687203125 0.8515629875 0.6062496046875 0.8531248609375 0.6062496046875 0.856249721875 0.6093744078125 0.8984370125 0.6093744078125 0.892187290625 0.6031248031249999 0.892187290625 0.6015624015625 0.8859375703125 0.5953127968749999 0.88437458125 0.5953127968749999 0.8765629875000001 0.5875007906249999 0.875 0.5875007906249999 0.8703121515625 0.58281200625 0.868750278125 0.58281200625 0.867187290625 0.5812496046875 0.8625005578125 0.5812496046875 0.8609375703125 0.579687203125 0.857812709375 0.579687203125 0.8531248609375 0.575 0.8515629875 0.575 0.8453121515625 0.5687503953124999 0.843750278125 0.5687503953124999 0.83437458125 0.5593744078125 0.83437458125 0.55781200625 0.8265629875 0.55 0.825 0.55 0.8234370125 0.5484375984375001 0.8218751390625 0.5484375984375001 0.817187290625 0.5437503953125 0.81562541875 0.5437503953125 0.80937458125 0.537500790625 0.807812709375 0.537500790625 0.8046878484375 0.5343744078125 0.8046878484375 0.53281200625 0.8031248609375 0.5312496046875 0.8 0.5312496046875 0.7984370125 0.5296872031250001 0.7968751390625 0.5296872031250001 0.792187290625 0.525 0.79062541875 0.525 0.7890624296875 0.5234375984375 0.7875005578125001 0.5234375984375 0.7859375703125 0.5218751968750001 0.7859375703125 0.520312796875 0.78437458125 0.520312796875 0.782812709375 0.5187503953125 0.781249721875 0.5187503953125 0.7796878484375 0.51718799375 0.7781248609375 0.51718799375 0.76562541875 0.504687203125 0.7640624296875 0.504687203125 0.7625005578125 0.503124803125 0.7625005578125 0.5015624015625 0.7484370124999999 0.48750079062499996 0.7468751390625 0.48750079062499996 0.74062541875 0.4812496046875 0.7390624296875 0.4812496046875 0.7375005578125 0.479687203125 0.7359375703125 0.479687203125 0.7203121515625 0.464063190625 0.718750278125 0.464063190625 0.71562541875 0.460936809375 0.7140624296875 0.460936809375 0.707812709375 0.45468720312500005 0.706249721875 0.45468720312500005 0.7046878484375 0.453124803125 0.7046878484375 0.4515624015625 0.7031248609375 0.45 0.7031248609375 0.44843759843750003 0.6953121515625 0.4406255921875 0.693750278125 0.4406255921875 0.692187290625 0.43906319062500004 0.6890624296875 0.43906319062500004 0.6875005578125 0.43750079062499997 0.6859375703125 0.43750079062499997 0.68437458125 0.43593680937499996 0.682812709375 0.43593680937499996 0.681249721875 0.4343744078125 0.681249721875 0.43281200625 0.6796878484375 0.4312496046875 0.6796878484375 0.42812480312499995 0.6718751390625 0.42031279687499995 0.6703121515625 0.42031279687499995 0.668750278125 0.41875039531249997 0.667187290625 0.41875039531249997 0.66562541875 0.41718799375 0.6640624296875 0.41718799375 0.6609375703125 0.414063190625 0.65937458125 0.414063190625 0.657812709375 0.41250079062499995 0.6546878484375 0.41250079062499995 0.6531248609375 0.410936809375 0.6515629875 0.410936809375 0.6468751390625 0.40624960468750004 0.643750278125 0.40624960468750004 0.642187290625 0.40468720312500006 0.64062541875 0.40468720312500006 0.6296878484375 0.3937503953125 0.6265629875000001 0.3937503953125 0.6203121515625 0.387500790625 0.618750278125 0.387500790625 0.6140624296875 0.38281200625 0.6125005578125 0.38281200625 0.6109375703125 0.3812496046875 0.60937458125 0.3812496046875 0.6031248609375 0.375 0.6015629875 0.375 0.5984370125 0.371875196875 0.5984370125 0.370312796875 0.5968751390625 0.3687503953125 0.5953121515625 0.3687503953125 0.59062541875 0.364063190625 0.5890624296875 0.364063190625 0.5875005578125 0.362499209375 0.5859375703125 0.362499209375 0.581249721875 0.35781200625 0.5796878484375 0.35781200625 0.5781248609375 0.3562496046875 0.5765629875 0.3562496046875 0.575 0.354687203125 0.5734370125 0.354687203125 0.5718751390625 0.353124803125 0.5718751390625 0.35156240156249996 0.5703121515625 0.35156240156249996 0.568750278125 0.35 0.56562541875 0.35 0.5609375703125 0.345312796875 0.5609375703125 0.34375039531249996 0.55937458125 0.34375039531249996 0.5515629875 0.33593680937500003 0.55 0.33593680937500003 0.5484370125 0.3343744078125 0.5484370125 0.33281200625 0.5468751390625 0.33124960468750003 0.5453121515625 0.33124960468750003 0.542187290625 0.32812480312500003 0.542187290625 0.3265624015625 0.54062541875 0.3265624015625 0.5390624296875 0.325 0.5375005578125001 0.325 0.5359375703125 0.32343759843750003 0.53437458125 0.32343759843750003 0.50937458125 0.2984375984375 0.50937458125 0.29687519687499997 0.5 0.287499209375 0.5 0.285936809375 0.4968751390625 0.28281200625 0.4859375703125 0.28281200625 0.48437458125 0.28124960468750004 0.4796878484375 0.28124960468750004 0.4781248609375 0.279687203125 0.47656298750000003 0.279687203125 0.475 0.278124803125 0.475 0.2765624015625 0.4734370125 0.275 0.4734370125 0.27343759843750004 0.4718751390625 0.271875196875 0.4718751390625 0.26718799375 0.4703121515625 0.26562559218750004 0.4703121515625 0.264063190625 0.46875027812500003 0.264063190625 0.467187290625 0.262500790625 0.4609375703125 0.262500790625 0.45937458124999997 0.260936809375 0.457812709375 0.260936809375 0.4531248609375 0.2562496046875 0.4515629875 0.2562496046875 0.4484370125 0.253124803125 0.4484370125 0.2515624015625 0.4468751390625 0.25 0.4468751390625 0.24843759843750002 0.442187290625 0.24375039531249998 0.44062541875 0.24375039531249998 0.4375005578125 0.24062559218750001 0.4359375703125 0.24062559218750001 0.43437458125 0.23906319062499998 0.432812709375 0.23906319062499998 0.431249721875 0.237500790625 0.4281248609375 0.237500790625 0.4218751390625 0.23124960468750003 0.4203121515625 0.23124960468750003 0.4140624296875 0.225 0.4125005578125 0.225 0.40624972187499997 0.21875039531249998 0.4046878484375 0.21875039531249998 0.4031248609375 0.21718799375 0.4015629875 0.21718799375 0.3968751390625 0.212500790625 0.3953121515625 0.212500790625 0.3890624296875 0.20624960468750003 0.38750055781250003 0.20624960468750003 0.382812709375 0.2015624015625 0.381249721875 0.2015624015625 0.3781248609375 0.1984375984375 0.3765629875 0.1984375984375 0.37031215156249997 0.19218799375 0.368750278125 0.19218799375 0.367187290625 0.1906255921875 0.367187290625 0.18906319062500002 0.36562541875 0.18906319062500002 0.3640624296875 0.187500790625 0.3625005578125 0.187500790625 0.357812709375 0.18281200625 0.3546878484375 0.18281200625 0.3468751390625 0.175 0.3453121515625 0.175 0.33437458124999997 0.16406319062500002 0.332812709375 0.16406319062500002 0.331249721875 0.162499209375 0.3281248609375 0.162499209375 0.3265629875 0.160936809375 0.325 0.160936809375 0.318750278125 0.154687203125 0.318750278125 0.15312480312500001 0.317187290625 0.1515624015625 0.317187290625 0.146875196875 0.31562541875 0.145312796875 0.31562541875 0.14218799375 0.3140624296875 0.14062559218749998 0.3140624296875 0.139063190625 0.30937458125 0.1343744078125 0.30937458125 0.13281200625 0.307812709375 0.1312496046875 0.306249721875 0.1312496046875 0.3046878484375 0.12968720312499998 0.3031248609375 0.12968720312499998 0.3015629875 0.12812480312500002 0.3 0.12968720312499998 0.293750278125 0.12968720312499998 0.292187290625 0.12812480312500002 0.2781248609375 0.12812480312500002 0.2765629875 0.1265624015625 0.275 0.1265624015625 0.27343701249999997 0.125 0.2718751390625 0.125 0.2703121515625 0.12343759843749999 0.26562541875 0.12343759843749999 0.26562541875 0.1562496046875 0.267187290625 0.1562496046875 0.2703121515625 0.1593744078125 0.2718751390625 0.15781200625 0.2718751390625 0.1562496046875 0.27343701249999997 0.154687203125 0.27343701249999997 0.15312480312500001
1 0.5640624296875 0.285936809375 0.5765629875 0.2984375984375 0.5781248609375 0.2984375984375 0.59062541875 0.310936809375 0.593750278125 0.310936809375 0.5953121515625 0.312500790625 0.5968751390625 0.312500790625 0.6015629875 0.31718799375 0.6031248609375 0.31718799375 0.606249721875 0.320312796875 0.606249721875 0.321875196875 0.607812709375 0.32343759843750003 0.60937458125 0.32343759843750003 0.6218751390625 0.33593680937500003 0.6234370124999999 0.33593680937500003 0.6281248609375 0.3406255921875 0.6296878484375 0.3406255921875 0.631249721875 0.34218799375 0.632812709375 0.34218799375 0.64062541875 0.35 0.642187290625 0.35 0.643750278125 0.35156240156249996 0.643750278125 0.353124803125 0.6453121515625 0.354687203125 0.6468751390625 0.354687203125 0.65 0.35781200625 0.65 0.35937440781249996 0.6531248609375 0.362499209375 0.6546878484375 0.362499209375 0.656249721875 0.364063190625 0.656249721875 0.3656255921875 0.657812709375 0.36718799375 0.65937458125 0.36718799375 0.6609375703125 0.3687503953125 0.6609375703125 0.370312796875 0.6640624296875 0.3734375984375 0.6640624296875 0.375 0.6718751390625 0.38281200625 0.6734370125 0.38281200625 0.675 0.3843744078125 0.6765629875 0.3843744078125 0.6781248609375 0.385936809375 0.6796878484375 0.385936809375 0.681249721875 0.387500790625 0.682812709375 0.387500790625 0.68437458125 0.389063190625 0.6859375703125 0.389063190625 0.6875005578125 0.39062559218750004 0.6890624296875 0.39062559218750004 0.69062541875 0.39218799375 0.693750278125 0.39218799375 0.6953121515625 0.3937503953125 0.6968751390625 0.3937503953125 0.7015629875 0.39843759843750004 0.7015629875 0.4 0.707812709375 0.40624960468750004 0.70937458125 0.40624960468750004 0.7140624296875 0.410936809375 0.717187290625 0.410936809375 0.718750278125 0.41250079062499995 0.7203121515625 0.41250079062499995 0.7218751390625 0.414063190625 0.7234370125 0.414063190625 0.725 0.4156255921875 0.7265629875 0.4156255921875 0.7281248609375 0.41718799375 0.7296878484375 0.41718799375 0.731249721875 0.41875039531249997 0.732812709375 0.41875039531249997 0.7390624296875 0.425 0.7390624296875 0.42656240156249997 0.74062541875 0.42812480312499995 0.742187290625 0.42812480312499995 0.75 0.43593680937499996 0.7515629875000001 0.43593680937499996 0.757812709375 0.44218799375 0.75937458125 0.44218799375 0.7625005578125 0.44531279687499997 0.7625005578125 0.44687519687500005 0.7640624296875 0.44843759843750003 0.76562541875 0.44843759843750003 0.7703121515625 0.453124803125 0.7718751390625 0.453124803125 0.7781248609375 0.4593744078125 0.7796878484375 0.4593744078125 0.781249721875 0.460936809375 0.782812709375 0.460936809375 0.7968751390625 0.475 0.7984370125 0.475 0.807812709375 0.48437440781249996 0.807812709375 0.48593680937499995 0.8125005578125 0.4906255921875 0.8125005578125 0.49218799375 0.8140624296875 0.4937503953125 0.81562541875 0.4937503953125 0.818750278125 0.49687519687500004 0.8203121515625 0.49687519687500004 0.8234370125 0.5 0.825 0.5 0.8296878484375 0.504687203125 0.831249721875 0.504687203125 0.83437458125 0.50781200625 0.8359375703125 0.50781200625 0.8390624296875 0.510936809375 0.84062541875 0.510936809375 0.843750278125 0.514063190625 0.8453121515625 0.514063190625 0.8484370125 0.51718799375 0.85 0.51718799375 0.8531248609375 0.520312796875 0.8531248609375 0.5218751968750001 0.856249721875 0.525 0.856249721875 0.5265624015625 0.857812709375 0.528124803125 0.857812709375 0.5296872031250001 0.8640624296875 0.535936809375 0.86562541875 0.535936809375 0.867187290625 0.537500790625 0.8703121515625 0.537500790625 0.8718751390625 0.5390631906250001 0.8734370124999999 0.5390631906250001 0.8765629875000001 0.54218799375 0.8781248609375 0.54218799375 0.8796878484375 0.5437503953125 0.882812709375 0.5437503953125 0.8859375703125 0.5468751968750001 0.8875005578125 0.5468751968750001 0.89062541875 0.55 0.892187290625 0.55 0.9015629875 0.5593744078125 0.9031248609375 0.5593744078125 0.90937458125 0.5656255921875 0.90937458125 0.5687503953124999 0.9109375703125 0.5703127968749999 0.9109375703125 0.5781248031249999 0.907812709375 0.5812496046875 0.906249721875 0.5812496046875 0.9046878484375 0.58281200625 0.8953121515625 0.58281200625 0.8953121515625 0.5843744078124999 0.8968751390625 0.5859368093749999 0.8968751390625 0.5875007906249999 0.8984370125 0.589063190625 0.8984370125 0.5906255921875 0.917187290625 0.5906255921875 0.917187290625 0.5859368093749999 0.91562541875 0.5843744078124999 0.91562541875 0.58281200625 0.917187290625 0.5812496046875 0.917187290625 0.5390631906250001 0.91562541875 0.537500790625 0.91562541875 0.5343744078125 0.9125005578125001 0.5312496046875 0.9109375703125 0.5312496046875 0.90937458125 0.5296872031250001 0.907812709375 0.5296872031250001 0.9031248609375 0.525 0.9015629875 0.525 0.9 0.5234375984375 0.8984370125 0.5234375984375 0.8875005578125 0.512499209375 0.8859375703125 0.512499209375 0.881249721875 0.50781200625 0.8796878484375 0.50781200625 0.8781248609375 0.5062496046875 0.8734370124999999 0.5062496046875 0.8718751390625 0.504687203125 0.8703121515625 0.504687203125 0.86562541875 0.5 0.8640624296875 0.5 0.857812709375 0.4937503953125 0.856249721875 0.4937503953125 0.8546878484375 0.49218799375 0.8531248609375 0.49218799375 0.8484370125 0.48750079062499996 0.8468751390625 0.48750079062499996 0.842187290625 0.48281200625 0.84062541875 0.48281200625 0.8390624296875 0.4812496046875 0.8375005578125 0.4812496046875 0.832812709375 0.47656240156249996 0.831249721875 0.47656240156249996 0.8296878484375 0.475 0.8281248609375 0.475 0.817187290625 0.464063190625 0.817187290625 0.46250079062499994 0.8125005578125 0.45781200625 0.8109375703125 0.45781200625 0.80937458125 0.45624960468750003 0.807812709375 0.45624960468750003 0.8031248609375 0.4515624015625 0.8031248609375 0.44843759843750003 0.8015629875 0.44687519687500005 0.8015629875 0.44531279687499997 0.792187290625 0.43593680937499996 0.79062541875 0.43593680937499996 0.781249721875 0.42656240156249997 0.781249721875 0.425 0.7796878484375 0.4234375984375 0.7796878484375 0.421875196875 0.7734370125 0.4156255921875 0.7734370125 0.414063190625 0.7718751390625 0.41250079062499995 0.7703121515625 0.41250079062499995 0.7640624296875 0.40624960468750004 0.7625005578125 0.40624960468750004 0.7531248609375 0.396875196875 0.7531248609375 0.395312796875 0.75 0.395312796875 0.7484370124999999 0.3937503953125 0.742187290625 0.3937503953125 0.74062541875 0.39218799375 0.7390624296875 0.39218799375 0.73437458125 0.387500790625 0.732812709375 0.387500790625 0.731249721875 0.385936809375 0.731249721875 0.3843744078125 0.7281248609375 0.3812496046875 0.7265629875 0.3812496046875 0.7218751390625 0.3765624015625 0.7203121515625 0.3765624015625 0.71562541875 0.371875196875 0.7140624296875 0.371875196875 0.7125005578125 0.370312796875 0.7109375703125 0.370312796875 0.70937458125 0.3687503953125 0.7031248609375 0.3687503953125 0.7015629875 0.36718799375 0.7 0.36718799375 0.6984370125 0.3656255921875 0.6968751390625 0.3656255921875 0.6953121515625 0.364063190625 0.693750278125 0.364063190625 0.6875005578125 0.35781200625 0.6859375703125 0.35781200625 0.6781248609375 0.35 0.6781248609375 0.3484375984375 0.6765629875 0.3484375984375 0.675 0.346875196875 0.675 0.345312796875 0.6718751390625 0.34218799375 0.668750278125 0.34218799375 0.667187290625 0.3406255921875 0.6640624296875 0.3406255921875 0.65937458125 0.33593680937500003 0.657812709375 0.33593680937500003 0.656249721875 0.3343744078125 0.656249721875 0.33281200625 0.6531248609375 0.329687203125 0.6515629875 0.329687203125 0.65 0.32812480312500003 0.65 0.3265624015625 0.6484370125 0.325 0.6468751390625 0.325 0.64062541875 0.3187503953125 0.6390624296875 0.3187503953125 0.6375005578125 0.31718799375 0.6359375703125 0.31718799375 0.631249721875 0.312500790625 0.6296878484375 0.312500790625 0.625 0.30781200625 0.6234370124999999 0.30781200625 0.6218751390625 0.3062496046875 0.6203121515625 0.3062496046875 0.6125005578125 0.2984375984375 0.6109375703125 0.2984375984375 0.60937458125 0.29687519687499997 0.60937458125 0.295312796875 0.607812709375 0.295312796875 0.606249721875 0.29375039531249997 0.6046878484375 0.29375039531249997 0.6031248609375 0.29218799375 0.6015629875 0.29218799375 0.6 0.2906255921875 0.6 0.28906319062499997 0.5984370125 0.28906319062499997 0.5953121515625 0.285936809375 0.593750278125 0.285936809375 0.592187290625 0.2843744078125 0.592187290625 0.28281200625 0.59062541875 0.28124960468750004 0.5875005578125 0.28124960468750004 0.582812709375 0.2765624015625 0.581249721875 0.2765624015625 0.5796878484375 0.275 0.5781248609375 0.275 0.5765629875 0.27343759843750004 0.575 0.27343759843750004 0.5718751390625 0.270312796875 0.568750278125 0.270312796875 0.567187290625 0.2687503953125 0.557812709375 0.2687503953125 0.556249721875 0.270312796875 0.5546878484375 0.270312796875 0.5546878484375 0.27343759843750004 0.556249721875 0.275 0.556249721875 0.278124803125 0.5625005578125 0.2843744078125 0.5625005578125 0.285936809375 0.5640624296875 0.285936809375
1 0.6375005578125 0.11718799375 0.63437458125 0.120312796875 0.632812709375 0.120312796875 0.6281248609375 0.125 0.6265629875000001 0.125 0.6203121515625 0.1312496046875 0.61562541875 0.1312496046875 0.6140624296875 0.13281200625 0.6125005578125 0.13281200625 0.6109375703125 0.1343744078125 0.60937458125 0.1343744078125 0.607812709375 0.135936809375 0.606249721875 0.135936809375 0.6046878484375 0.137500790625 0.6031248609375 0.137500790625 0.6015629875 0.139063190625 0.6 0.139063190625 0.6 0.14062559218749998 0.5968751390625 0.1437503953125 0.5953121515625 0.1437503953125 0.59062541875 0.14843759843749998 0.5890624296875 0.14843759843749998 0.5875005578125 0.15 0.5875005578125 0.1515624015625 0.58437458125 0.154687203125 0.58437458125 0.1562496046875 0.581249721875 0.1593744078125 0.581249721875 0.160936809375 0.5796878484375 0.162500790625 0.5796878484375 0.16406319062500002 0.5765629875 0.16718799374999999 0.575 0.16718799374999999 0.5718751390625 0.170312796875 0.5703121515625 0.170312796875 0.567187290625 0.1734375984375 0.56562541875 0.1734375984375 0.5625005578125 0.1765624015625 0.5609375703125 0.1765624015625 0.556249721875 0.1812496046875 0.5546878484375 0.1812496046875 0.5531248609375 0.18281200625 0.5515629875 0.18281200625 0.5484370125 0.18593680937499998 0.5468751390625 0.18593680937499998 0.5453121515625 0.187500790625 0.543750278125 0.187500790625 0.542187290625 0.18906319062500002 0.54062541875 0.18906319062500002 0.5390624296875 0.1906255921875 0.5359375703125 0.1906255921875 0.53437458125 0.19218799375 0.531249721875 0.19218799375 0.5296878484375 0.1937503953125 0.525 0.1937503953125 0.5234370125 0.195312796875 0.5218751390625 0.195312796875 0.518750278125 0.1984375984375 0.517187290625 0.1984375984375 0.51562541875 0.2 0.5140624296875 0.2 0.5125005578125 0.2015624015625 0.5109375703125 0.2015624015625 0.5109375703125 0.203124803125 0.507812709375 0.20624960468750003 0.507812709375 0.20781200625000001 0.5046878484375 0.210936809375 0.5046878484375 0.212500790625 0.5031248609375 0.21406319062499998 0.5031248609375 0.2265624015625 0.5015629875000001 0.228124803125 0.5015629875000001 0.23281200625 0.5 0.2343744078125 0.5 0.24218799375 0.5015629875000001 0.24375039531249998 0.5031248609375 0.24375039531249998 0.506249721875 0.24687519687499998 0.507812709375 0.24687519687499998 0.50937458125 0.24843759843750002 0.5109375703125 0.24843759843750002 0.5140624296875 0.2515624015625 0.51562541875 0.2515624015625 0.517187290625 0.253124803125 0.5234370125 0.253124803125 0.525 0.2515624015625 0.5265629875 0.2515624015625 0.531249721875 0.24687519687499998 0.531249721875 0.24062559218750001 0.532812709375 0.23906319062499998 0.532812709375 0.237500790625 0.53437458125 0.235936809375 0.53437458125 0.2343744078125 0.5359375703125 0.23281200625 0.5359375703125 0.23124960468750003 0.542187290625 0.225 0.543750278125 0.225 0.5468751390625 0.22187519687499999 0.5484370125 0.22187519687499999 0.5484370125 0.220312796875 0.557812709375 0.210936809375 0.55937458125 0.210936809375 0.56562541875 0.204687203125 0.567187290625 0.204687203125 0.568750278125 0.203124803125 0.568750278125 0.2015624015625 0.5703121515625 0.2 0.5718751390625 0.2 0.5734370125 0.1984375984375 0.5734370125 0.196875196875 0.5781248609375 0.19218799375 0.5796878484375 0.19218799375 0.5875005578125 0.1843744078125 0.5890624296875 0.1843744078125 0.5953121515625 0.178124803125 0.5968751390625 0.178124803125 0.6015629875 0.1734375984375 0.6031248609375 0.1734375984375 0.6046878484375 0.171875196875 0.6046878484375 0.170312796875 0.607812709375 0.16718799374999999 0.60937458125 0.16718799374999999 0.61562541875 0.160936809375 0.617187290625 0.160936809375 0.618750278125 0.1593744078125 0.6203121515625 0.1593744078125 0.6234370124999999 0.1562496046875 0.625 0.1562496046875 0.6281248609375 0.15312480312500001 0.6296878484375 0.15312480312500001 0.63437458125 0.14843759843749998 0.6359375703125 0.14843759843749998 0.6375005578125 0.146875196875 0.6390624296875 0.146875196875 0.6453121515625 0.14062559218749998 0.6468751390625 0.14062559218749998 0.65 0.137500790625 0.6515629875 0.137500790625 0.6546878484375 0.1343744078125 0.6546878484375 0.13281200625 0.65937458125 0.12812480312500002 0.65937458125 0.1265624015625 0.66562541875 0.120312796875 0.66562541875 0.1187503953125 0.667187290625 0.11718799375 0.667187290625 0.10468720312499999 0.66562541875 0.10312480312500001 0.66562541875 0.1015624015625 0.6625005578125001 0.0984375984375 0.6531248609375 0.0984375984375 0.6515629875 0.1 0.6515629875 0.1015624015625 0.6468751390625 0.1062496046875 0.6453121515625 0.1062496046875 0.643750278125 0.10781200625000001 0.643750278125 0.1093744078125 0.6375005578125 0.11562559218749999 0.6375005578125 0.11718799375
5 0.11562541875000001 0.037499209374999995 0.11562541875000001 0.1062496046875 0.232812709375 0.1062496046875 0.232812709375 0.037499209374999995 0.11562541875000001 0.037499209374999995
5 0.717187290625 0.21562559218750002 0.717187290625 0.25 0.8296878484375 0.25 0.8296878484375 0.21562559218750002 0.717187290625 0.21562559218750002
5 0.325 0.520312796875 0.325 0.553124803125 0.4375005578125 0.553124803125 0.4375005578125 0.520312796875 0.325 0.520312796875
1 0.19531215156249998 0.35 0.19531215156249998 0.371875196875 0.193750278125 0.3734375984375 0.193750278125 0.4406255921875 0.2 0.4406255921875 0.2015629875 0.43906319062500004 0.20312486093749998 0.43906319062500004 0.20468784843750001 0.43750079062499997 0.20781270937500002 0.43750079062499997 0.21250055781250002 0.43281200625 0.21250055781250002 0.4312496046875 0.21562541875000002 0.42812480312499995 0.21562541875000002 0.42656240156249997 0.217187290625 0.425 0.217187290625 0.421875196875 0.218750278125 0.42031279687499995 0.218750278125 0.41718799375 0.2203121515625 0.4156255921875 0.2203121515625 0.40468720312500006 0.218750278125 0.403124803125 0.218750278125 0.379687203125 0.2203121515625 0.378124803125 0.218750278125 0.3765624015625 0.218750278125 0.354687203125 0.2203121515625 0.353124803125 0.2203121515625 0.3484375984375 0.2218751390625 0.346875196875 0.2218751390625 0.3343744078125 0.2203121515625 0.33281200625 0.2203121515625 0.329687203125 0.218750278125 0.32812480312500003 0.218750278125 0.3093744078125 0.2203121515625 0.30781200625 0.2015629875 0.30781200625 0.2015629875 0.325 0.2 0.3265624015625 0.2 0.3343744078125 0.1984370125 0.33593680937500003 0.1984370125 0.34218799375 0.1968751390625 0.34375039531249996 0.1968751390625 0.3484375984375 0.19531215156249998 0.35
4 0.8531248609375 0.45468720312500005 0.8546878484375 0.45468720312500005 0.857812709375 0.4515624015625 0.857812709375 0.45 0.85937458125 0.44843759843750003 0.85937458125 0.3843744078125 0.775 0.3843744078125 0.775 0.45 0.7765629875 0.4515624015625 0.7781248609375 0.4515624015625 0.781249721875 0.45468720312500005 0.782812709375 0.45468720312500005 0.78437458125 0.45624960468750003 0.8515629875 0.45624960468750003 0.8531248609375 0.45468720312500005
1 0.38750055781250003 0.12812480312500002 0.518750278125 0.12812480312500002 0.5203121515625 0.1265624015625 0.5203121515625 0.12343759843749999 0.5218751390625 0.121875196875 0.5218751390625 0.089063190625 0.38750055781250003 0.089063190625 0.38750055781250003 0.12812480312500002
5 0.1984370125 0.1093744078125 0.0015629875000000002 0.1093744078125 0.0015629875000000002 0.14843759843749998 0.1968751390625 0.14843759843749998 0.1968751390625 0.146875196875 0.1984370125 0.145312796875 0.1984370125 0.1187503953125 0.19531215156249998 0.11562559218749999 0.1984370125 0.11249920937499999 0.1984370125 0.1093744078125
0 0.6609375703125 0.059374407812499995 0.6609375703125 0.0062496046875 0.3718751390625 0.0062496046875 0.3718751390625 0.0656255921875 0.6546878484375 0.0656255921875 0.6609375703125 0.059374407812499995
3 0.3109375703125 0.3406255921875 0.3109375703125 0.339063190625 0.3125005578125 0.337500790625 0.3125005578125 0.3343744078125 0.3140624296875 0.33281200625 0.3140624296875 0.3156255921875 0.3125005578125 0.3156255921875 0.3109375703125 0.314063190625 0.3140624296875 0.310936809375 0.3140624296875 0.29687519687499997 0.2531248609375 0.29687519687499997 0.2531248609375 0.389063190625 0.3140624296875 0.389063190625 0.3140624296875 0.354687203125 0.3109375703125 0.35156240156249996 0.3109375703125 0.35 0.30937458125 0.3484375984375 0.30937458125 0.34218799375 0.3109375703125 0.3406255921875