3 0.0965149265625 0.6363625374999999 0.08566839062500001 0.7001121609375 0.1652528796875 0.7132069015625 0.17609941406250001 0.649457278125 0.0965149265625 0.6363625374999999
3 0.55622374375 0.148635925 0.5427240234374999 0.227979425 0.60507090625 0.2382379109375 0.618570628125 0.1588944125 0.55622374375 0.148635925
3 0.6510337203125001 0.33174011718749996 0.63678375625 0.415493109375 0.7241987859375 0.42987627812499996 0.7384487515625 0.3461232875 0.6510337203125001 0.33174011718749996
3 0.0707284078125 0.687006825 0.066637546875 0.7110505171875 0.09795971718749999 0.71620423125 0.10205057656250001 0.6921605390625001 0.0707284078125 0.687006825
3 0.16702450625 0.617628575 0.15998734375 0.6589889203125 0.19154004062500002 0.6641805656249999 0.1985772046875 0.6228202203125 0.16702450625 0.617628575
3 0.24859635781249997 0.530731884375 0.24224662656249998 0.568051903125 0.271010671875 0.5727847078125 0.2773604015625 0.5354646875 0.24859635781249997 0.530731884375
3 0.3195235515625 0.4448210625 0.31222700468750003 0.48770592968750004 0.3403217703125 0.49232861093749997 0.3476183203125 0.44944374375 0.3195235515625 0.4448210625
3 0.4072197671875 0.3422375125 0.4001721359375 0.38365938593750004 0.42872052343749995 0.3883567046875 0.43576815468749996 0.3469348296875 0.4072197671875 0.3422375125
3 0.5295249203125 0.195521325 0.5217375140625 0.2412911609375 0.5511262171875 0.2461267453125 0.558913621875 0.200356909375 0.5295249203125 0.195521325
3 0.5994646593749999 0.212082125 0.591861034375 0.25677180625 0.6203053125 0.261451996875 0.6279089375 0.2167623125 0.5994646593749999 0.212082125
3 0.6359823390625 0.3024630390625 0.6288381656250001 0.344452334375 0.6592679671874999 0.34945921874999997 0.666412140625 0.3074699234375 0.6359823390625 0.3024630390625
3 0.7174709546875 0.38537609375000004 0.71361621875 0.40803199218749997 0.7624288296875 0.4160635640625 0.7662835671875 0.39340766718750003 0.7174709546875 0.38537609375000004
3 0.9615822828124999 0.4226218421875 0.9580753328125 0.44323365 0.9927364531249999 0.44893675 0.9962434015625 0.42832494218750006 0.9615822828124999 0.4226218421875
3 0.9022192296875 0.415022390625 0.8993485328125 0.4318946765625 0.9448593765625001 0.4393829796875 0.9477300734374999 0.42251069374999994 0.9022192296875 0.415022390625
0 0.3775754234375 0.3407690546875 0.3838725765625 0.34180518125 0.3953997984375 0.27405488437500003 0.37178398281249997 0.2701691640625 0.36994083906249997 0.27148580624999996 0.36216669375 0.3171777078125 0.3634737328125 0.319011971875 0.36266951875000003 0.32373867500000003 0.363975696875 0.3255735 0.36370758593749997 0.32714929531250003 0.365013765625 0.3289841234375 0.3644776609375 0.33213502968749997 0.3670901359375 0.3358039984375 0.374962321875 0.3370992796875 0.3775754234375 0.3407690546875
5 0.0654143359375 0.7105252703125 0.016349757812499997 0.7024522390625 0.0199070640625 0.8552886687499999 0.040215362500000004 0.858630171875 0.0654143359375 0.7105252703125
5 1 0.47719526874999996 0.9371653390624999 0.466856525 0.9248339031249999 0.5393335218749999 0.926140196875 0.541167665625 0.9258720874999999 0.5427434609375 0.927178265625 0.5445782890624999 0.9263740515625001 0.5493049890624999 0.924531653125 0.550621753125 0.924263659375 0.5521968640625 0.9224212625 0.5535136281249999 0.912234475 0.61338563125 0.9846584406250001 0.625302190625 1 0.5351334328124999 1 0.47719526874999996
0 0.4385739578125 0.3912978 0.43673155937499997 0.3926145640625 0.43619545468750004 0.39576546874999996 0.43880792812499997 0.3994344390625 0.45455230156250004 0.4020250015625 0.456394584375 0.400708921875 0.460147659375 0.37865052499999996 0.44125471093749996 0.3755419015625 0.4385739578125 0.3912978
0 0.342325590625 0.5098954203125 0.33267490781250003 0.5666165203125 0.3365935578125 0.5721203171875 0.355487253125 0.5752290640625 0.36594215 0.5137812625 0.342325590625 0.5098954203125
0 0.5690172062500001 0.40466194062499994 0.5894851890624999 0.40802971875000005 0.600476190625 0.3434310109375 0.5800082078125001 0.3400632328125 0.5690172062500001 0.40466194062499994
5 0.24850600156249997 0.3098140671875 0.35714157968750004 0.3276888421875 0.3895785953125 0.13704294374999998 0.28094301875 0.11916816875 0.24850600156249997 0.3098140671875
5 0.372673734375 0.5408039062500001 0.37397991249999996 0.542638734375 0.37371191875 0.5442138453124999 0.37528620625000003 0.5444728765625 0.3765931296875 0.5463078265625 0.4049325546875 0.5509707640625 0.4175319828125 0.4769186546875 0.38446895 0.4714785 0.381788196875 0.4872344 0.3830944921875 0.4890685421875 0.382290278125 0.49379524375 0.38044787812499997 0.49511200468750005 0.376426809375 0.5187455125 0.3777329875 0.5205803390625 0.3747841265625 0.5379120328125 0.37294184375 0.5392281125 0.372673734375 0.5408039062500001
0 0.06451196718749999 0.6682654718750001 0.081830628125 0.671115065625 0.0861198078125 0.6459057640625 0.065651825 0.642537984375 0.064043396875 0.6519913875000001 0.06535043593749999 0.653825653125 0.06320578906249999 0.6664306468750001 0.06451196718749999 0.6682654718750001
5 0.8465887343749999 0.390405025 0.8463206234375 0.39198081875 0.84762691875 0.3938149625 0.907455090625 0.40365902187499997 0.9356028109375 0.23822310781249997 0.8143721812500001 0.21827595781250003 0.810083 0.2434852609375 0.8126953562500001 0.2471549140625 0.8118911421874999 0.251881615625 0.8131974375000001 0.2537157578125 0.812929328125 0.255291553125 0.8142362515625001 0.2571265015625 0.813700146875 0.2602774078125 0.8150063234375 0.26211223437500003 0.8136660062500001 0.2699898421875 0.8149721859374999 0.2718246703125 0.8147040750000001 0.27340046406249996 0.8160103703124999 0.2752346078125 0.8157422609375 0.27681040156250003 0.8138998624999999 0.278127165625 0.8136318687499999 0.2797022765625 0.809947071875 0.2823358046875 0.8083720390625 0.2820766515625 0.807065859375 0.28024182343750004 0.803917284375 0.279723759375 0.7862244609375 0.383711871875 0.8413290218749999 0.3927787125 0.8418651234375 0.3896278078125 0.8437082671875 0.38831116875 0.8452825562499999 0.38857019843749996 0.8465887343749999 0.390405025
2 0.7567687859375 0.39721065625 0.7477475734375 0.4078626359375 0.9675324171874999 0.44419093906249996 0.9800332640624999 0.42852579375 0.7567687859375 0.39721065625
2 0.6773549109375 0.3827222625 0.65810109375 0.3346789015625 0.64710891875 0.34202960312499997 0.6721494484375 0.394607878125 0.7236433078125 0.404524834375 0.7297819921875 0.3934625171875 0.6773549109375 0.3827222625
2 0.636751153125 0.31799238281250003 0.6443282515625001 0.3096770765625 0.620220209375 0.2478799484375 0.609866590625 0.256262684375 0.636751153125 0.31799238281250003
2 0.6095479765625 0.2160983484375 0.5906631421874999 0.1729269359375 0.5756182046875 0.1700895265625 0.543994040625 0.20561156249999998 0.5524808609375 0.218503359375 0.5820152609375 0.184979140625 0.6002715515625 0.22926575468750002 0.6097211125 0.2160916953125 0.6095479765625 0.2160983484375
2 0.42291456250000004 0.3490014609375 0.42952682031249995 0.359337325 0.5312455078125 0.2379009921875 0.5256948703125001 0.2279752375 0.42291456250000004 0.3490014609375
2 0.3759715125 0.40735646093750005 0.3523831140625 0.3521652328125 0.34270855624999996 0.357985621875 0.3684787765625 0.41512201875 0.3345636640625 0.45359969062500005 0.3398783203125 0.4653033046875 0.41341649687500004 0.382683815625 0.4063231890625 0.36962634375 0.3759715125 0.40735646093750005
2 0.18383301406250002 0.6247346 0.3248292328125 0.486739259375 0.31735845625 0.47496128750000005 0.18383301406250002 0.6247346
2 0.1370509296875 0.6746806078125 0.088689921875 0.69115973125 0.0898406765625 0.7061650968750001 0.1474871671875 0.687307040625 0.1748560234375 0.65643721875 0.1678635609375 0.64558620625 0.1370509296875 0.6746806078125
5 0.088946940625 0.92331010625 0.1194376296875 0.744103590625 0.1026982640625 0.7413493140625 0.0722075765625 0.9205558296874999 0.088946940625 0.92331010625
1 0.9570381843750001 0.3852136046875 0.9514154328125001 0.4182608640625 0.9669352265625 0.4208144734375 0.9725579765625 0.38776721406250003 0.9570381843750001 0.3852136046875
1 0.8494695359375 0.44231133125 0.9686666296875 0.460353875 0.9783348640625 0.4484196609375 0.8632332859374999 0.4287803046875 0.8494695359375 0.44231133125
1 0.71486955 0.4367268359375 0.95585065625 0.4733556375 0.9628349703125 0.458729509375 0.722794075 0.4227122171875 0.71486955 0.4367268359375
1 0.71258938125 0.43252009999999996 0.7202838828125 0.4218163828125 0.6551736234375001 0.4090004953125 0.644632346875 0.42176159843749994 0.71258938125 0.43252009999999996
1 0.6165026359375 0.3626908578125 0.6442381984375001 0.4231346359375 0.654795121875 0.40847086718750003 0.627829628125 0.349858740625 0.6277366468750001 0.34932689687499996 0.6165026359375 0.3626908578125
1 0.6166631234375 0.360053725 0.62826320625 0.3448032953125 0.5912079 0.2607004109375 0.5803601656249999 0.2726612234375 0.6166631234375 0.360053725
1 0.5787970125 0.2693174109375 0.5899267953125 0.2574107359375 0.5654838171875001 0.196867778125 0.5545952703125 0.208053034375 0.5787970125 0.2693174109375
1 0.5219590734375 0.17920250625 0.529595425 0.191943825 0.5727446109375001 0.145413646875 0.5659516124999999 0.1304518546875 0.5669678859375 0.128661828125 0.5219590734375 0.17920250625
1 0.4064320296875 0.3365917734375 0.5289015859374999 0.19913998593749999 0.5197650453125 0.1815570484375 0.4007219609375 0.321802546875 0.4064320296875 0.3365917734375
1 0.40523995625 0.338484996875 0.398969846875 0.32310535156250003 0.3583984359375 0.368808725 0.3624555046875 0.385724559375 0.40523995625 0.338484996875
1 0.30025055625 0.32632710625 0.2941993984375 0.3477347 0.3476304875 0.39654744375 0.35293828125000004 0.38501740624999997 0.31644003125000003 0.353273384375 0.3207825921875 0.33072023906250003 0.30025055625 0.32632710625
1 0.2882803140625 0.42537382968750004 0.3072805046875 0.42055094843749996 0.3073213453125 0.3970953328125 0.3266194265625 0.3916988015625 0.3208621 0.3812400625 0.2871609609375 0.3928048140625 0.2882803140625 0.42537382968750004
1 0.1590192546875 0.5966180796875 0.167914103125 0.61302906875 0.3190444578125 0.441697084375 0.3109863671875 0.4291745140625 0.1590192546875 0.5966180796875
1 0.1262210984375 0.6326140812500001 0.1343610328125 0.650196590625 0.16467939843749999 0.616108425 0.1555294453125 0.5988065 0.1257963265625 0.6316047265625 0.12738446718750002 0.632449696875 0.1262210984375 0.6326140812500001
1 0.09752245625 0.6814099984374999 0.106265540625 0.619136584375 0.1165613265625 0.621477203125 0.12047172343749998 0.598808675 0.10198097187499999 0.59321935 0.0840839296875 0.684928609375 0.09032294375 0.689918853125 0.09752245625 0.6814099984374999
1 0.1198773390625 0.6746941203125 0.10969990624999999 0.6593469375 0.1197140546875 0.6584948625 0.1226557890625 0.640059334375 0.1086914484375 0.6377047328125001 0.10193920000000001 0.660977403125 0.11054011562499999 0.6737916921875 0.1198773390625 0.6746941203125
1 0.0970605859375 0.7469104703125 0.168924196875 0.717760603125 0.1628219671875 0.706790415625 0.08538837187500001 0.730603315625 0.0970605859375 0.7469104703125
1 0.149460996875 0.7256866843750001 0.14579823593750002 0.7566227078125001 0.1639991375 0.758272340625 0.168221371875 0.73101676875 0.1678503546875 0.728219096875 0.149460996875 0.7256866843750001
1 0.08225740625 0.5880688187499999 0.064190796875 0.584070803125 0.0584851890625 0.6158302859375 0.0750660890625 0.6197630562499999 0.08225740625 0.5880688187499999
0 1 0.396622165625 0.9853033468750001 0.39420399375000004 0.9815265421875001 0.4164018515625 1 0.419441453125 1 0.396622165625
0 0.8209755968750001 0.3937518859375 0.8181339781249999 0.4104532625 0.8393872437500001 0.41395024999999996 0.8422288625000001 0.397248875 0.8209755968750001 0.3937518859375
0 0.7596858421875 0.3584094015625 0.7558159843750001 0.3811541734375 0.7750316734375 0.3843159015625 0.7789015312500001 0.361571128125 0.7596858421875 0.3584094015625
0 0.74250644375 0.3123898203125 0.731248146875 0.37855953750000004 0.7515867359375 0.3819060265625 0.7628450328125 0.3157363078125 0.74250644375 0.3123898203125
0 0.6722232828125 0.3001613796875 0.667854425 0.325838978125 0.688267378125 0.329197703125 0.6926362359375 0.303520103125 0.6722232828125 0.3001613796875
0 0.679816784375 0.271503975 0.676979821875 0.2881780046875 0.697563809375 0.2915648703125 0.7004007750000001 0.2748908421875 0.679816784375 0.271503975
0 0.6356656359375 0.20974577968750002 0.6317306406250001 0.232873390625 0.6534449640625 0.236446240625 0.6573799593749999 0.21331862968749998 0.6356656359375 0.20974577968750002
0 0.642930653125 0.1358420125 0.6317514531249999 0.2015468515625 0.653711178125 0.2051600796875 0.6648903796875001 0.139455240625 0.642930653125 0.1358420125
0 0.464920165625 0.40029361718749995 0.46244843593749996 0.4148210109375 0.48301011718750003 0.4182042078125 0.48548184843750003 0.4036768125 0.464920165625 0.40029361718749995
0 0.43111784062499997 0.40403312343750003 0.41962109375 0.4716043046875 0.44079999687500004 0.47508905781250005 0.45229674218750004 0.4075178765625 0.43111784062499997 0.40403312343750003
0 0.3520011609375 0.47807231406249995 0.347861446875 0.502403134375 0.36834876250000004 0.5057740953125001 0.3724884765625 0.481443271875 0.3520011609375 0.47807231406249995
0 0.2004402375 0.6505106109375001 0.196500590625 0.6736655671875 0.21844544375 0.67727635 0.222385090625 0.6541213921875 0.2004402375 0.6505106109375001
0 0.191987946875 0.6803514546875 0.1807180171875 0.7465895359375 0.2024323421875 0.7501623859375 0.2137022703125 0.68392430625 0.191987946875 0.6803514546875
0 0.6083471484375 0.09360356875 0.6056020734375 0.10973752343750001 0.6260001515625 0.1130938 0.6287452265625 0.096959846875 0.6083471484375 0.09360356875
0 0.6250785328124999 0.421993484375 0.6224067375 0.43769674375 0.643198946875 0.44111787187499996 0.64587074375 0.4254146109375 0.6250785328124999 0.421993484375
0 0.5529899312500001 0.2526284109375 0.5491096046874999 0.27543471249999996 0.5696117953125001 0.2788081171875 0.5734921203125001 0.2560018171875 0.5529899312500001 0.2526284109375
0 0.543286446875 0.2796912078125 0.5323573265625 0.3439262171875 0.5536031578125 0.34742198125 0.564532278125 0.2831869734375 0.543286446875 0.2796912078125
1 0.61115873125 0.42169551875 0.6048659953125 0.45868055625000004 0.62026680625 0.46121458750000005 0.6265595421875 0.4242295515625 0.61115873125 0.42169551875
4 0.21712099999999998 0.3103404296875 0.2093871 0.355795790625 0.2601554890625 0.364149165625 0.2678893890625 0.318693803125 0.21712099999999998 0.3103404296875
4 0.1947117296875 0.39237842343749996 0.18721976875 0.436411809375 0.2328495953125 0.4439196890625 0.24034155781250002 0.39988630468749997 0.1947117296875 0.39237842343749996
4 0.1014456546875 0.5159265937499999 0.094408490625 0.5572869390624999 0.1435111234375 0.56536623125 0.1505482859375 0.5240058859375 0.1014456546875 0.5159265937499999
4 0.265383821875 0.6445861328125 0.25921438281250003 0.680846509375 0.3068669125 0.6886872015625001 0.313036353125 0.652426825 0.265383821875 0.6445861328125
4 0.466930559375 0.4365083875 0.46128105625 0.4697128828125 0.50342320625 0.4766469046875 0.509072709375 0.44344240937499996 0.466930559375 0.4365083875
4 0.44368895156250004 0.4727567953125 0.43734154687500004 0.51006314375 0.4883553375 0.5184568953124999 0.4947027421875 0.48115054687500003 0.44368895156250004 0.4727567953125
4 0.3100227328125 0.5269906171875001 0.2969557109375 0.6037909671875 0.31361327499999997 0.6065317828125 0.326680296875 0.5297314328125 0.3100227328125 0.5269906171875001
4 0.53748490625 0.3391300875 0.5328566625 0.36633220624999996 0.5674880359375 0.37203041406250004 0.5721162796875 0.34482829531250003 0.53748490625 0.3391300875
4 0.4997115890625 0.36250197812499996 0.493938790625 0.396431134375 0.532095025 0.4027093171875 0.5378678234375001 0.3687801609375 0.4997115890625 0.36250197812499996
4 0.6884870640625 0.2961855875 0.6831283531250001 0.3276809765625 0.71439846875 0.3328261265625 0.71975718125 0.30133073593750004 0.6884870640625 0.2961855875
4 0.6810236828125 0.1946110265625 0.675263678125 0.2284649828125 0.71269114375 0.23462325625 0.7184511484375 0.2007693 0.6810236828125 0.1946110265625
4 0.6332750453125 0.071122496875 0.6282280609375 0.1007857265625 0.6667784250000001 0.107128759375 0.67182540625 0.07746553125 0.6332750453125 0.071122496875
4 0.8004560859375 0.32856606718750003 0.79528348125 0.3589676296875 0.8374479406249999 0.365905321875 0.8426205453125 0.335503759375 0.8004560859375 0.32856606718750003
4 1 0.3361513984375 0.9693475875 0.33110788593749996 0.9642180187499999 0.3612565015625 1 0.3671440265625 1 0.3361513984375
5 0.6612518890625 0.19202192812500002 0.6474997609375001 0.27284892968749996 0.6662469578125 0.2759335734375 0.6799990859375 0.1951065703125 0.6612518890625 0.19202192812500002
5 0.598933734375 0.418355778125 0.586494821875 0.4914644609375 0.5995680343750001 0.4936155125 0.612006946875 0.420506828125 0.598933734375 0.418355778125
5 0.5953647953125001 0.092131596875 0.58353189375 0.16167850625 0.5977874984375 0.16402410625 0.6096204000000001 0.094477196875 0.5953647953125001 0.092131596875
5 0.3829297796875 0.470532303125 0.370380365625 0.5442904484375 0.39015378749999996 0.5475439453125001 0.40270320000000004 0.47378580000000003 0.3829297796875 0.470532303125
4 0.4464249578125 0.09022311718750001 0.440827796875 0.123119975 0.48498521562499997 0.1303855859375 0.49058237812499994 0.09748872812500001 0.4464249578125 0.09022311718750001
4 0.42545765781249995 0.19442864375 0.4195848265625 0.22894573281250002 0.4563430125 0.2349938828125 0.46221584531250004 0.20047679375 0.42545765781249995 0.19442864375