5 0.805713453125 0.7515063750000001 0.8075995499999999 0.7503430703125 0.814063578125 0.719352590625 0.8128237015625001 0.7174177312500001 0.8183180953125 0.6910759734374999 0.8170778640625 0.689141028125 0.817401128125 0.6875912093750001 0.8161612500000001 0.68565635 0.8164845140624999 0.68410653125 0.81524428125 0.682171584375 0.81589080625 0.6790719468749999 0.8084513 0.6674604093750001 0.8087745625 0.665910590625 0.8062946078125 0.6620400484375 0.8066177187499999 0.6604909671875 0.8053776390625 0.658555284375 0.8060240125 0.655456384375 0.8047841359374999 0.653521525 0.8054306625000001 0.6504218875000001 0.8029507062500001 0.6465513453125 0.7982613953125 0.6453939281250001 0.7970211625 0.64345898125 0.7876425390625 0.6411441453125 0.7857560875 0.6423073609375 0.7795034375000001 0.6407640796875 0.7738444890625 0.64425538125 0.772281503125 0.6438696046875 0.7698015500000001 0.6399990609375 0.7682382078125001 0.639613196875 0.765758609375 0.6357427421875 0.76419526875 0.635356878125 0.7617153140624999 0.6314863359375 0.75982921875 0.6326496406250001 0.7019930671875 0.6183744953125 0.6793692734375 0.7268396953125 0.7981679046875 0.7561616296875 0.8000541515625 0.7549975875 0.80161749375 0.755383453125 0.8053901921875 0.75305619375 0.805713453125 0.7515063750000001
5 0.2341569140625 0.717966084375 0.225107396875 0.761352165625 0.3079538046875 0.7818003546875001 0.3166800609375 0.7399640921875 0.31511671875 0.739578228125 0.31387699687500004 0.7376426328125001 0.2341569140625 0.717966084375
0 0.3648643640625 0.3119546171875 0.3655107375 0.3088557171875 0.367396984375 0.307691675 0.36868972968749997 0.30149387499999997 0.367449853125 0.2995590171875 0.36841948750000003 0.29491029687500003 0.3703057359375 0.2937462546875 0.37418396875000004 0.2751528515625 0.372944246875 0.2732172578125 0.3742369921875 0.26701945625 0.3761232390625 0.2658554140625 0.37967836250000003 0.24881109218750003 0.2905793 0.2268196203125 0.2773282890625 0.290348921875 0.34141709374999996 0.30616735156249997 0.34330354218750003 0.30500413437499996 0.35111918124999997 0.30693319531249996 0.3523590578125 0.3088680515625 0.3648643640625 0.3119546171875
0 0.36567806875 0.7650915578124999 0.35468928125 0.8177750781249999 0.4406620171875 0.8389949078125 0.4513275421875 0.7878612078125 0.44976455625 0.7874754312500001 0.44852447812499996 0.7855397484375 0.36567806875 0.7650915578124999
0 0.258014078125 0.56418639375 0.2631852078125 0.539394453125 0.24755393125 0.5355363343749999 0.24238280156249997 0.5603282734375 0.258014078125 0.56418639375
5 0.4216279734375 0.780530746875 0.4261527328125 0.75883770625 0.3730058921875 0.745719978125 0.36848113437499996 0.76741301875 0.4216279734375 0.780530746875
0 0.26261025312499997 0.6761116015625 0.27392215000000003 0.6218790015625 0.187949415625 0.6006591703125 0.17663751875 0.6548917703125 0.26261025312499997 0.6761116015625
0 0.159353290625 0.37527871875 0.1577899484375 0.3748928546875 0.1519722921875 0.4027844328125 0.15445224531249999 0.40665497500000003 0.1669575515625 0.40974154062499996 0.1727750546875 0.38185069843749997 0.1715349765625 0.3799150171875 0.1605930125 0.37721431562499996 0.159353290625 0.37527871875
5 0.2760788421875 0.6272993609374999 0.2806036 0.6056063218750001 0.1915045390625 0.58361485 0.1869797796875 0.6053078890625 0.2760788421875 0.6272993609374999
0 0.09740525312500001 0.6565158624999999 0.11303653124999999 0.6603739828124999 0.11950040625 0.629384240625 0.1157807296875 0.6235781031250001 0.10483876406249999 0.6208774015625 0.09740525312500001 0.6565158624999999
5 0.5371171734375 0.644479671875 0.5419650421875 0.6212375515625 0.48881820156250005 0.6081198234375 0.48397033437500003 0.6313619453125 0.5371171734375 0.644479671875
5 0.2683001015625 0.9088712921875001 0.267060225 0.9069364343749999 0.2654968828125 0.90655056875 0.2642571609375 0.904614975 0.23924690312500002 0.89844193125 0.230856984375 0.9386657015625 0.26368287968750004 0.9467678046874999 0.27045679218749996 0.9142916546875 0.2679768375 0.9104211109375001 0.2683001015625 0.9088712921875001
5 0.62005691875 0.554160896875 0.617576965625 0.5502903546875 0.61946356875 0.5491264015625 0.6288421921875 0.5514412375 0.6307286421875 0.5502780203125 0.6354179546875 0.5514354390625 0.637304559375 0.550271484375 0.641993871875 0.5514289031249999 0.6476528187499999 0.5479376 0.6570317984375 0.550252525 0.6582715203125 0.552188121875 0.6707768265625 0.5552746875000001 0.67201655 0.5572102828125 0.673903153125 0.556046328125 0.6754661390625001 0.5564321062500001 0.6811250859375 0.552940803125 0.6826884265625 0.5533266671875 0.6859202875 0.5378321671874999 0.6843569484375001 0.5374463031250001 0.6831172234375 0.53551070625 0.612775765625 0.51814899375 0.6124525046875 0.5196988140625 0.6105664078124999 0.5208621171875001 0.6079807671874999 0.53325845625 0.6042080671875001 0.5355857171875 0.60264508125 0.535199940625 0.60075863125 0.5363631546875001 0.5991956468749999 0.535977378125 0.5979554140625 0.534042434375 0.5982786765625 0.5324926140625 0.602051375 0.5301653546875 0.6049601265625 0.516219934375 0.5252400453125 0.49654338593749997 0.5123121421875 0.55852360625 0.6733156453125 0.5982625671874999 0.6791331484375001 0.5703717265625 0.6760068234375 0.5696000859375 0.6747670984374999 0.5676644890625 0.62005691875 0.554160896875
1 0.09324407343749999 0.574025515625 0.094213709375 0.5693767953125 0.0961003109375 0.5682128421875 0.10773531875 0.5124311609375 0.1064950875 0.5104962140625 0.1103734734375 0.4919020734375 0.1091337515625 0.48996647812500005 0.10978012343750002 0.48686757812500003 0.108539890625 0.48493263124999997 0.10886315312499999 0.48338281250000004 0.10762327812500001 0.4814479546875 0.107946540625 0.4798981359375 0.1067064625 0.47796245156249995 0.11155433125 0.4547203296875 0.10530203281249999 0.4531771359375 0.1036860265625 0.46092475625 0.10492590312500001 0.46285961249999996 0.10427952968750001 0.46595851406250005 0.1055192515625 0.467894109375 0.1048728796875 0.470993009375 0.10298663125 0.47215705156250004 0.10266352187500001 0.47370613281249996 0.100777275 0.47487017500000006 0.0775072640625 0.5864335390625001 0.0853229015625 0.5883625984374999 0.0862923828125 0.5837146171875001 0.0881786296875 0.582550575 0.08947137499999999 0.5763527749999999 0.09324407343749999 0.574025515625
0 0.484107121875 0.8513468812499999 0.4902478890625 0.8219062218750001 0.47617959687500006 0.8184338796875 0.47003883125 0.8478745390625001 0.484107121875 0.8513468812499999
2 0.494053621875 0.314209771875 0.121510315625 0.5816169875 0.15404395937499998 0.41293540625 0.147138771875 0.3936527078125 0.0193841828125 0.475721934375 0.020677845312500002 0.5074706703125 0.13944914375 0.42033954375000004 0.10668069843750001 0.5982392140624999 0.114923965625 0.609820434375 0.472201603125 0.353580040625 0.3636506984375 0.5608244171875 0.2785494359375 0.950437175 0.2945818265625 0.9543942984375 0.376479071875 0.5669305265625 0.5022805953125 0.333948959375 0.494053621875 0.314209771875
2 0.5009695 0.8676642390625 0.5393680125 0.6905967671875 0.5916737484375 0.7807038937499999 0.6644655578124999 0.7334334124999999 0.65632475625 0.7113928031250001 0.5937132468749999 0.7588222859375 0.5455361875 0.6662183749999999 0.532850265625 0.670893371875 0.491548721875 0.8508555 0.33426926562500003 0.9641899703125001 0.3594136859375 0.9703961281250001 0.5009695 0.8676642390625
1 0.021861440625 0.536518175 0.0433363671875 0.5418186265625 0.0485943875 0.5166101078125 0.02405501875 0.5105532890625 0.0213348453125 0.5235946078125 0.021861440625 0.536518175
0 0.099898346875 0.3423411078125 0.08773349999999999 0.33933857500000003 0.0817065375 0.3682336265625 0.093871384375 0.371236159375 0.099898346875 0.3423411078125
0 0.3028942765625 0.5719494875 0.29113101406249997 0.5690460749999999 0.2848856734375 0.5989881031250001 0.296648934375 0.601891515625 0.3028942765625 0.5719494875
0 0.3012943625 0.8844863890625 0.2871215875 0.8809882578125 0.28232339375 0.903992228125 0.2964961671875 0.9074903593749999 0.3012943625 0.8844863890625
0 0.5133256296875001 0.775208328125 0.49974634843750004 0.771856684375 0.4948251234375 0.7954505000000001 0.5084044046875 0.7988021453124999 0.5133256296875001 0.775208328125
0 0.5890532515625 0.79693461875 0.5766893875 0.7938829640625 0.5704255921875 0.82391346875 0.58278945625 0.8269651234375001 0.5890532515625 0.79693461875
0 0.6050749765625001 0.8385514765625001 0.5935675953125 0.83571121875 0.587220753125 0.86613986875 0.598728134375 0.8689801265625 0.6050749765625001 0.8385514765625001
0 0.6997173328125 0.8073247453124999 0.687186440625 0.804231865625 0.6804828078125 0.8363710687499999 0.6930137015625 0.8394639500000001 0.6997173328125 0.8073247453124999
0 0.5044117421875 0.3491786421875 0.49316023593749997 0.346401540625 0.48700255468750003 0.3759233046875 0.49825405937499995 0.37870040625 0.5044117421875 0.3491786421875
0 0.44827415468750004 0.45313353906250003 0.4604308125 0.4310937703125 0.450754515625 0.4155763515625 0.44056910625 0.4355357625 0.43944897968749996 0.4377331625 0.44827415468750004 0.45313353906250003
0 0.45966245624999996 0.3802018015625 0.45853163124999996 0.353379171875 0.44503711562500003 0.36375280625 0.44554121249999995 0.387752284375 0.45966245624999996 0.3802018015625
0 0.4942599203125 0.63091995625 0.48360190625 0.6282893406250001 0.47757802031249996 0.657169646875 0.48823603281250005 0.6598002625 0.4942599203125 0.63091995625
0 0.426102815625 0.939596221875 0.4250624875 0.9148550343749999 0.412596815625 0.9228490328125 0.41361405781249994 0.949809534375 0.426102815625 0.939596221875
1 0.0932058890625 0.4037578453125 0.018680398437500002 0.4584498265625 0.019521446875 0.4790906203125 0.090484009375 0.4265300390625 0.0932058890625 0.4037578453125
1 0.0185436890625 0.4550947359375 0.1629136859375 0.3507939328125 0.1677395171875 0.32749442968750003 0.019656401562500002 0.430052265625 0.0178718953125 0.43860772031249995 0.0185436890625 0.4550947359375
1 0.18816598125 0.527170996875 0.1919113 0.5036520921875 0.12043107812500001 0.558393465625 0.11662397656250001 0.5775075734375 0.18816598125 0.527170996875
1 0.187581671875 0.5282524703125 0.30986721250000004 0.4400148875 0.313246490625 0.42166735781250003 0.1923548578125 0.5042468859375 0.187581671875 0.5282524703125
1 0.3091114296875 0.44122692187499996 0.4111952546875 0.365222546875 0.4148075109375 0.3457634234375 0.3142185515625 0.4199505140625 0.3091114296875 0.44122692187499996
1 0.50862616875 0.277194325 0.515957021875 0.247116309375 0.1268011265625 0.5270634828125 0.12195117656250001 0.5473272984374999 0.50862616875 0.277194325
1 0.3858089734375 0.59387435625 0.39105843125 0.6059888515625 0.520397253125 0.36779375625 0.513232453125 0.352158175 0.3858089734375 0.59387435625
1 0.3319815765625 0.7882604062499999 0.339950853125 0.7974288234375 0.384605996875 0.585705396875 0.377950440625 0.576908525 0.3771670453125 0.5774718265625001 0.3319815765625 0.7882604062499999
1 0.3191679421875 0.9604626546875 0.3921257671875 0.6117248859375 0.3854017234375 0.5890834859375 0.308307246875 0.9577820125000001 0.3191679421875 0.9604626546875
1 0.40832387499999995 0.9824681640625 0.5194263640625 0.9055553859375 0.5107893828125001 0.8881849953125001 0.3877470140625 0.9773893734374999 0.40832387499999995 0.9824681640625
1 0.5112540953125 0.8882089890625 0.519133553125 0.9075701265625 0.559299653125 0.7162057984375 0.551349525 0.7022517453125 0.5505001609375 0.7020653640625001 0.5112540953125 0.8882089890625
1 0.613531159375 0.8194529703125 0.6783641484375 0.7737866359375001 0.672076471875 0.7551067812500001 0.6066771140625 0.8037894296875001 0.613531159375 0.8194529703125
1 0.5996334703125 0.731959990625 0.6067083484375 0.70250723125 0.5530993046875 0.599212125 0.547069946875 0.6274987796875 0.5996334703125 0.731959990625
4 0.087815778125 0.5684225203125 0.061641634375 0.5619622046875 0.05097795625 0.61308705625 0.0771521 0.619547371875 0.087815778125 0.5684225203125
4 0.169389040625 0.6561789499999999 0.142823971875 0.649622146875 0.1324448015625 0.69938298125 0.1590098703125 0.7059397828125 0.169389040625 0.6561789499999999
4 0.17261867343749998 0.27901895468750004 0.14521489375000002 0.272255140625 0.134780359375 0.32228140625 0.1621841375 0.3290452203125 0.17261867343749998 0.27901895468750004
4 0.5247236703125 0.4147557359375 0.5002304984375 0.40871031875 0.489699078125 0.4592010875 0.5141922484375 0.46524650312500004 0.5247236703125 0.4147557359375
4 0.44089296874999995 0.5588355218750001 0.414000946875 0.552198021875 0.40397241250000004 0.600277796875 0.430864434375 0.6069152984375 0.44089296874999995 0.5588355218750001
4 0.41024904375000004 0.6418384171875 0.387703384375 0.6362736875 0.3776194890625 0.68461889375 0.40016514687500004 0.6901836234375 0.41024904375000004 0.6418384171875
4 0.5085190859375001 0.943913521875 0.477166975 0.936175178125 0.465552884375 0.9918565859375 0.49690499531250004 0.9995949281250001 0.5085190859375001 0.943913521875
4 0.559600803125 0.8745566546875001 0.5320975171875 0.8677682796875 0.5209586328125 0.9211714109375 0.5484619187499999 0.927959784375 0.559600803125 0.8745566546875001
4 0.5798656796875 0.8259605046875 0.5552232484374999 0.8198782484375 0.54581140625 0.8650014234375 0.5704538375 0.8710836796875 0.5798656796875 0.8259605046875
4 0.6364619390625 0.8981132484375 0.6063821046875 0.8906889296875 0.592033659375 0.9594796515624999 0.622113490625 0.9669039703125 0.6364619390625 0.8981132484375
4 0.6740911875 0.8589972546875 0.6450810671875 0.8518369625 0.6327334062500001 0.911035325 0.6617435265625 0.9181956171874999 0.6740911875 0.8589972546875
1 0.6935113296875001 0.810291065625 0.699245934375 0.7855924609375 0.6737880703125 0.777833609375 0.6692930593749999 0.798896725 0.6935113296875001 0.810291065625
1 0.5801179328125 0.5782333796875 0.554539503125 0.6224231812500001 0.5612822296875 0.6330487109375 0.5726803640625 0.611076784375 0.5954296578125 0.6178616515625001 0.6030488921875 0.587289646875 0.5801179328125 0.5782333796875
3 0.14928189375 0.5489431515625001 0.11650824062500001 0.54085394375 0.103437775 0.603517646875 0.1362114296875 0.61160685625 0.14928189375 0.5489431515625001
3 0.4994678765625 0.320541153125 0.472028559375 0.31376856875 0.460874296875 0.367245428125 0.4883136125 0.3740180140625 0.4994678765625 0.320541153125
3 0.158500709375 0.40291425 0.12430551406250001 0.394474175 0.110889025 0.4587968171875 0.14508422031249998 0.4672368921875 0.158500709375 0.40291425
3 0.02072909375 0.5087284140625 0.041518803124999996 0.5138597390624999 0.05298833125 0.45887140156250006 0.028527146875 0.45283387968750005 0.0200981859375 0.493244821875 0.02072909375 0.5087284140625
3 0.5175591484375001 0.7978637562500001 0.4832999828125 0.7894078921875 0.46005488437500003 0.9008518125 0.4943140515625 0.9093076765625 0.5175591484375001 0.7978637562500001
3 0.5648332328125 0.6752793500000001 0.52930534375 0.6665103390625 0.51705610625 0.7252368234375 0.5525839968749999 0.734005834375 0.5648332328125 0.6752793500000001
3 0.6259494265625001 0.7436596609375 0.5733061687500001 0.730666228125 0.565084646875 0.7700826484375 0.6177279046875 0.7830760812500001 0.6259494265625001 0.7436596609375
3 0.40007603906250006 0.5132035453125 0.376254546875 0.5073239140625 0.35324166875 0.6176545 0.37706316093750003 0.62353413125 0.40007603906250006 0.5132035453125