3 0.263960459375 0.7177054796875 0.223131378125 0.7177054796875 0.223131378125 0.7810225046875 0.263960459375 0.7810225046875 0.263960459375 0.7177054796875
3 0.236100128125 0.9315313109375 0.1969866078125 0.9315313109375 0.1969866078125 0.9999951078124999 0.236100128125 0.9999951078124999 0.236100128125 0.9315313109375
3 0.40827806093749996 0.6235763203125 0.37697704062500004 0.6235763203125 0.37697704062500004 0.6713747546875 0.40827806093749996 0.6713747546875 0.40827806093749996 0.6235763203125
3 0.5201147953125 0.26460371875 0.47573979531250005 0.26460371875 0.47573979531250005 0.3231653625 0.5201147953125 0.3231653625 0.5201147953125 0.26460371875
3 0.658118621875 0.16422700625 0.6326211734375 0.16422700625 0.6326211734375 0.2167514671875 0.658118621875 0.2167514671875 0.658118621875 0.16422700625
3 0.7204432390625 0 0.7204432390625 0.050097846875 0.7579241078125001 0.050097846875 0.7579241078125001 0 0.7204432390625 0
3 0.5743399234375001 0.2583219171875 0.45247130156250004 0.2583219171875 0.45247130156250004 0.493928571875 0.5743399234375001 0.493928571875 0.5743399234375001 0.2583219171875
3 0.32382971875 0.71469178125 0.21242028125 0.71469178125 0.21242028125 0.95528865 0.32382971875 0.95528865 0.32382971875 0.71469178125
2 0.27315625 0.8472064578125 0.256021684375 0.7731536203125 0.24439923437500002 0.7810880625000001 0.2641447703125 0.8626604703125 0.22588137812500003 0.926106653125 0.2360880109375 0.941884540625 0.73159375 0.051721134375 0.7199381375 0.0364178078125 0.5291894125 0.39020254374999996 0.5121747453125 0.31784540156249996 0.50220344375 0.3299696671875 0.5211619890625 0.40572015625 0.27315625 0.8472064578125
4 0.317633928125 0.7177054796875 0.2861670921875 0.7177054796875 0.2861670921875 0.7654060671875 0.317633928125 0.7654060671875 0.317633928125 0.7177054796875
4 0.3873788265625 0.8168248531250001 0.3570982140625 0.8168248531250001 0.3570982140625 0.8625489234374999 0.3873788265625 0.8625489234374999 0.3873788265625 0.8168248531250001
4 0.29960778125 1 0.29960778125 0.97289628125 0.2678539546875 0.97289628125 0.2678539546875 1 0.29960778125 1
4 0.447818878125 0.4390459875 0.41742346875 0.4390459875 0.41742346875 0.4881360078125 0.447818878125 0.4881360078125 0.447818878125 0.4390459875
4 0.638759565625 0.3617759296875 0.609913903125 0.3617759296875 0.609913903125 0.40773483437499997 0.638759565625 0.40773483437499997 0.638759565625 0.3617759296875
4 0.5716677296875 0.26342955 0.5410491078125 0.26342955 0.5410491078125 0.31114970625 0.5716677296875 0.31114970625 0.5716677296875 0.26342955
1 0.0888233421875 0.9164119375 0.1383718109375 0.8855136984374999 0.13154783125 0.8566135031250001 0.07826849531249999 0.8947876718750001 0.0888233421875 0.9164119375
0 0.106460459375 0.8461536203125 0.06868048437499999 0.8675665359375 0.0750446421875 0.8998639921875 0.112842475 0.878483365625 0.106460459375 0.8461536203125
0 0.3159406890625 0.6262661453125 0.27777359687500003 0.6451135031249999 0.28433163281249996 0.6792583171875 0.3224808671875 0.663265165625 0.3159406890625 0.6262661453125
0 0.45150127500000004 0.4821790609375 0.425054209375 0.52803326875 0.4319668375 0.5659647750000001 0.4602289546875 0.5167915843750001 0.45150127500000004 0.4821790609375
0 0.366679209375 0.38816731875 0.330427934375 0.4074403125 0.3360918375 0.4427925640625 0.37410778125 0.42142074375 0.366679209375 0.38816731875
0 0.569977040625 0.1734442265625 0.531944515625 0.19690313125 0.537100128125 0.2326810171875 0.5769891578124999 0.20835714218749998 0.569977040625 0.1734442265625
0 0.6989993625 0.031964775 0.6725019125 0.079124265625 0.68032780625 0.1141722109375 0.70854783125 0.06937866875000001 0.6989993625 0.031964775
1 0.14043494843749998 0.70478865 0.108647959375 0.696159490625 0.1395905609375 0.833884540625 0.16834375 0.8375557734375001 0.14043494843749998 0.70478865
1 0.19753443906249998 0.7197837578125 0.15448278124999998 0.7417133078125 0.1645918375 0.778122309375 0.2056205359375 0.7536320937500001 0.19753443906249998 0.7197837578125
1 0.22685650468750002 0.8531653625000001 0.20829528125 0.7569951078125 0.1827193875 0.75600195625 0.20236734687500002 0.849314090625 0.22685650468750002 0.8531653625000001
0 0.17693176093750002 0.8982994124999999 0.13889158125 0.9186712328125 0.1443086734375 0.9491183953125001 0.1839330359375 0.9311604703125 0.17693176093750002 0.8982994124999999
1 0.25206249999999997 0.9990215265625 0.2880676015625 0.9416272015624999 0.27922385156249996 0.9064941296875 0.22730612187500002 0.9986369859374999 0.25206249999999997 0.9990215265625
1 0.2873099484375 0.9453297453125 0.3328252546875 0.8681604703125 0.32348341875000003 0.828097846875 0.27990688750000003 0.907683953125 0.2873099484375 0.9453297453125
1 0.5029993625 0.56222015625 0.493615434375 0.51842955 0.3229190046875 0.8309863015625 0.33276721875000004 0.8700626218749999 0.5029993625 0.56222015625
1 0.507337371875 0.5579902156250001 0.5484419640625 0.48603424687499996 0.5367551015625 0.45352739687500004 0.49381568906249995 0.5228111546875 0.507337371875 0.5579902156250001
1 0.5864368625 0.414492171875 0.5762308671875 0.3686467703125 0.5362072703125 0.4427954984375 0.547196428125 0.4886819953125 0.5864368625 0.414492171875
1 0.585602040625 0.4160909984375 0.7486670921874999 0.12028865 0.73923341875 0.0847573390625 0.5754502546875 0.3688542078125 0.585602040625 0.4160909984375
1 0.7088252546875 0.08647847343750001 0.709774871875 0.11705381562499999 0.7558105875 0.1083189828125 0.7550899234374999 0.076210371875 0.7088252546875 0.08647847343750001
1 0.776554846875 0.121992171875 0.29954400468750003 0.9937338546875001 0.3257372453125 0.9990215265625 0.7879068874999999 0.1704510765625 0.776554846875 0.121992171875
1 0.42745471874999996 0.379518590625 0.3962391578125 0.2475675140625 0.367835459375 0.238272015625 0.39981377500000004 0.3731340515625 0.42745471874999996 0.379518590625
1 0.45186670937500006 0.261615459375 0.41161033125 0.285317025 0.4214247453125 0.323062621875 0.46327933750000005 0.29897162499999996 0.45186670937500006 0.261615459375
1 0.48784375 0.39781506875 0.46484119843749994 0.305087084375 0.4413616078125 0.3033209390625 0.460632015625 0.3912866921875 0.48784375 0.39781506875
1 0.3462818875 0.4591937375 0.39992857187499997 0.4245919765625 0.3913775515625 0.401042075 0.338196428125 0.43494520625 0.3462818875 0.4591937375
1 0.24935778125 0.8591291578125 0.21976530625000001 0.9008590999999999 0.22660140312500002 0.9335665359374999 0.2544088015625 0.88468493125 0.24935778125 0.8591291578125