3 0.11874848125 0.67551185625 0.13670986875 0.609472578125 0.054858734374999996 0.58991558125 0.0368973453125 0.6559548609375 0.11874848125 0.67551185625
3 0.6279354671874999 0.2097772328125 0.6502904125 0.127584003125 0.586167825 0.1122629546875 0.5638128796874999 0.1944561859375 0.6279354671874999 0.2097772328125
3 0.7325896562499999 0.4194115265625 0.756186971875 0.33265043125 0.666282271875 0.311169165625 0.64268495625 0.39793026249999996 0.7325896562499999 0.4194115265625
3 0.0480775640625 0.67372564375 0.054851848437499996 0.6488183890625 0.022637589062499998 0.6411213171875 0.0158633046875 0.666028571875 0.0480775640625 0.67372564375
3 0.151325053125 0.6260390109375 0.162978284375 0.5831931531250001 0.13052693437500001 0.57543943125 0.1188737 0.6182852890625 0.151325053125 0.6260390109375
3 0.24390879999999998 0.5360420625 0.254423675 0.497381640625 0.2248404015625 0.4903132 0.2143255265625 0.5289736203125 0.24390879999999998 0.5360420625
3 0.32473393281249996 0.45677003125000004 0.33681669687500004 0.4123448953125 0.30792176250000003 0.4054409203125 0.29583899687500004 0.44986605625 0.32473393281249996 0.45677003125000004
3 0.427958709375 0.3542425296875 0.43962927656249995 0.31133293281249996 0.410267803125 0.3043174859375 0.398597234375 0.34722708281250003 0.427958709375 0.3542425296875
3 0.5707132968749999 0.21409680625 0.5836089 0.16668308437499998 0.553383178125 0.15946113906249998 0.540487575 0.2068748625 0.5707132968749999 0.21409680625
3 0.641453234375 0.2352301265625 0.6540445046875 0.18893535156250002 0.6247901046875 0.181945490625 0.612198834375 0.2282402640625 0.641453234375 0.2352301265625
3 0.6730515609375 0.3303485515625 0.6848820015625 0.286851153125 0.6535855265625 0.2793733703125 0.6417550875 0.3228707703125 0.6730515609375 0.3303485515625
3 0.773996290625 0.40773054843749995 0.780379565625 0.384260934375 0.73017671875 0.3722657828125 0.7237934453125 0.3957353984375 0.773996290625 0.40773054843749995
3 0.9623182031249999 0.4455393015625 0.96707195 0.42806102343749997 0.9202649109375001 0.41687724375 0.9155111625 0.434355521875 0.9623182031249999 0.4455393015625
0 0.368977646875 0.2946336421875 0.37707404375000003 0.29656814531250003 0.379425103125 0.3006068375 0.38590160625 0.30215429375 0.4049901796875 0.23197065 0.3807017625 0.22616732968750003 0.3786378921875 0.227412675 0.3657642484375 0.2747456640625 0.366940353125 0.27676439531249997 0.365608609375 0.2816608625 0.3667837578125 0.28368011718749997 0.366339778125 0.285312509375 0.3675149265625 0.2873317640625 0.3666271625 0.290595840625 0.368977646875 0.2946336421875
5 0.910135925 0.62557034375 0.9571724125 0.636808946875 0.9773053015625001 0.5627856328124999 0.9806475156250001 0.4807617984375 0.9514203437500001 0.47377844218750004 0.9310000265625 0.548858553125 0.93217536875 0.5508770984375 0.9317313890625 0.552509490625 0.9329065359375001 0.5545287453125 0.93157479375 0.5594252125 0.9295116890624999 0.5606707421875 0.9290679031250001 0.5623024265625001 0.9270047984374999 0.563547953125 0.910135925 0.62557034375
0 0.46182596093750006 0.346368509375 0.4423949203125 0.341725778125 0.4379557125 0.35804757187499997 0.4358926078125 0.3592931015625 0.43500484375 0.3625571765625 0.4373553296875 0.366594978125 0.45354811875 0.37046398125 0.45561103125 0.3692191625 0.46182596093750006 0.346368509375
0 0.3319810296875 0.544791728125 0.34929388281249996 0.48113694375 0.3250047 0.47533344062499994 0.309023590625 0.5340917562499999 0.31254922500000004 0.5401488156250001 0.3319810296875 0.544791728125
0 0.6122067578125 0.3197228078125 0.5911558265625 0.3146930328125 0.572955209375 0.381611890625 0.5940061390625 0.38664166718750004 0.6122067578125 0.3197228078125
5 0.41313280937499997 0.087904053125 0.301403178125 0.061208078124999996 0.24768890156249998 0.2587012875 0.3594185328125 0.28539726249999997 0.41313280937499997 0.087904053125
5 0.356032725 0.507082690625 0.3539698140625 0.5083275109375001 0.35352583593750003 0.5099599031250001 0.3547009828125 0.5119791578124999 0.3542571953125 0.5136108421875 0.35587632343750003 0.51399770625 0.357052234375 0.5160171421874999 0.3861987953125 0.5229812390624999 0.40706289843750004 0.446269446875 0.3730581953125 0.4381445765625 0.3686189875 0.4544663703125 0.3697943265625 0.4564849171875 0.368462584375 0.461381384375 0.3663994796875 0.46262691250000004 0.359740765625 0.48710924999999994 0.36091591093750003 0.48912850468749997 0.356032725 0.507082690625
0 0.020460515625 0.6059410359374999 0.016909071875 0.6189987546875 0.01808421875 0.6210180109375 0.035896134375 0.625273878125 0.042998828125 0.59915915 0.0219478953125 0.594129371875 0.019284409375 0.6039223078125 0.020460515625 0.6059410359374999
5 0.8618617093750001 0.3845884578125 0.863480834375 0.384975321875 0.8646559828125 0.38699457812500004 0.864212003125 0.38862696875 0.8653873437499999 0.39064551718749996 0.92691948125 0.40534761875 0.9735308734375 0.2339698453125 0.848847471875 0.20417877812500002 0.841744778125 0.23029350625 0.8440950734375001 0.23433201874999998 0.8427633296874999 0.2392284859375 0.8439386687500001 0.241247034375 0.8434946906249999 0.24287942343750002 0.8446706046875001 0.2448988625 0.8437828375 0.24816293749999999 0.8449579859374999 0.25018219375 0.842738478125 0.2583427375 0.8439136265625 0.2603619921875 0.8434696484374999 0.261994384375 0.8446449875 0.26401293125 0.8442010078125 0.26564532343749997 0.8421379046874999 0.26689085156250003 0.8416941187500001 0.2685225359375 0.8375679109374999 0.271013590625 0.8359480187500001 0.27062654375 0.834772871875 0.26860728906250003 0.8315346203124999 0.2678335625 0.8022360796875001 0.3755565515625 0.858910075 0.38909787812499996 0.8597978390625001 0.3858338046875 0.8618617093750001 0.3845884578125
2 0.759497715625 0.398057628125 0.9818456140625 0.45135838906250003 0.9825950171875 0.43296669374999996 0.770036253125 0.387551040625 0.759497715625 0.398057628125
2 0.7346416875 0.39279295468750003 0.7422089578125 0.3816450703125 0.6885082390624999 0.36654546718750003 0.67336649375 0.31476773593749996 0.6611100234375 0.32166897968749997 0.6818312140625 0.3786248359375 0.7346416875 0.39279295468750003
2 0.6427737515625 0.2209952625 0.6310777562500001 0.2290252375 0.65277660625 0.29571029375 0.6615625546875 0.2875476609375 0.6427737515625 0.2209952625
2 0.62384919375 0.200019521875 0.635097525 0.1869002171875 0.6349158109374999 0.1868945109375 0.61965389375 0.1402514453125 0.60421805 0.1361748796875 0.5674637390624999 0.1710992359375 0.5749984421875001 0.18523627812500001 0.6093602812500001 0.15225333593749998 0.62384919375 0.200019521875
2 0.550780915625 0.2040170484375 0.5460081625 0.1932045828125 0.425975334375 0.31255814375 0.4318154984375 0.32387831562499997 0.550780915625 0.2040170484375
2 0.4125464421875 0.3471743328125 0.40648595781249997 0.3329656578125 0.370832803125 0.370298115625 0.3519012828125 0.31070925312500003 0.3411814015625 0.316102653125 0.36219215625 0.377890584375 0.32273555 0.415745771875 0.3270769328125 0.428404825 0.4125464421875 0.3471743328125
2 0.3091158890625 0.4497756046875 0.30252785625 0.43688068593749996 0.14736340625 0.584120284375 0.3091158890625 0.4497756046875
2 0.1346849296875 0.616699125 0.128500740625 0.6048110375 0.0932624703125 0.6330562421875 0.0409863015625 0.64679063125 0.040631140625 0.662606203125 0.10286298437500001 0.6470578609375 0.1346849296875 0.616699125
5 0 0.902969703125 0.012835754687500001 0.906036596875 0.06763676874999999 0.704547746875 0.05042065 0.7004342359375 0 0.8858176390624999 0 0.902969703125
1 0.9713666046875 0.4238755140625 0.9828536187499999 0.42662015000000003 0.9843248828125001 0.3905127671875 0.980677634375 0.3896413171875 0.9713666046875 0.4238755140625
1 0.8622774359375001 0.44162297656250005 0.9811514515624999 0.46839433281250004 0.9817430921874999 0.45387445625 0.878073621875 0.42844540625 0.8622774359375001 0.44162297656250005
1 0.9791037296875 0.46713830312500004 0.731864940625 0.41179800312500003 0.722123846875 0.425910225 0.970282178125 0.48196047656249996 0.9791037296875 0.46713830312500004
1 0.6625871046875 0.3924704234375 0.6502401953125 0.40507683749999995 0.7201766515625 0.421332975 0.7293333984375 0.41067498281250003 0.6625871046875 0.3924704234375
1 0.640139121875 0.3284648578125 0.6400971375 0.3279004765625 0.62696331875 0.341088175 0.6496854921875 0.40648742968749996 0.662246359375 0.391887453125 0.640139121875 0.3284648578125
1 0.611107940625 0.23231108906250003 0.59852371875 0.24405605000000002 0.627404990625 0.33833521875 0.6411174828124999 0.3231965984375 0.611107940625 0.23231108906250003
1 0.5908408484375001 0.1635063578125 0.5782944999999999 0.174435253125 0.5972366 0.2404359890625 0.6101100984375 0.22876844062499999 0.5908408484375001 0.1635063578125
1 0.5982274515625 0.09391165 0.5994759328125 0.09210945937500001 0.5471673218750001 0.14179873125 0.5538284296875 0.15571573125 0.603776171875 0.1100947734375 0.5982274515625 0.09391165
1 0.5446287859375001 0.144106490625 0.405596128125 0.2824180265625 0.410030496875 0.298340925 0.55235563125 0.16320920781249998 0.5446287859375001 0.144106490625
1 0.35646223906249996 0.3285984796875 0.358947425 0.346629803125 0.4085874828125 0.30023843281249996 0.40362887656249996 0.2836555328125 0.35646223906249996 0.3285984796875
1 0.31420522968750003 0.30923854687499996 0.3210878890625 0.2859123828125 0.3000764671875 0.27980295625 0.29152632343749996 0.3018030125 0.34232286093750003 0.35689048749999996 0.3490699515625 0.345191396875 0.31420522968750003 0.30923854687499996
1 0.31592438125 0.33888205937500004 0.27948648593750003 0.3485380171875 0.277274459375 0.3827646234375 0.2976413375 0.3790999953125 0.300119975 0.3545126453125 0.32085789375 0.35026843125 0.31592438125 0.33888205937500004
1 0.3077452734375 0.40213072343749995 0.3006204875 0.388412165625 0.12433889375 0.5528261953125 0.1319347390625 0.5706825671875 0.3077452734375 0.40213072343749995
1 0.085968565625 0.587072165625 0.0875413234375 0.5880743296875 0.08630786875 0.5881614625 0.0929927375 0.607190740625 0.128232834375 0.573673984375 0.12046278437499999 0.5548648921875 0.085968565625 0.587072165625
1 0.036817537500000004 0.63992071875 0.04282260625 0.6456093234375 0.051233862500000005 0.6372161234375 0.0668426375 0.572570415625 0.07736451093749999 0.575778325 0.083807296875 0.5522995484375001 0.0650544078125 0.5450855625 0.036817537500000004 0.63992071875
1 0.057973857812499995 0.6161185312499999 0.06563590625 0.6301826734375 0.075304896875 0.631812615625 0.066257540625 0.6149775796875 0.0768165125 0.6148177203125 0.08180688124999999 0.595705775 0.0674507328125 0.592214515625 0.057973857812499995 0.6161185312499999
1 0.1168731671875 0.66860691875 0.033437970312499996 0.6879005968749999 0.043948525 0.705851525 0.12211418125 0.6805547437499999 0.1168731671875 0.66860691875
1 0.1200026375 0.6944007375 0.11990526093750001 0.69144054375 0.10094091875 0.6874387843750001 0.0938984515625 0.7196031578125 0.112757428125 0.7226656296875 0.1200026375 0.6944007375
1 0.017228359375 0.565604734375 0.034156399999999996 0.57094214375 0.0449669609375 0.5382413078125 0.0264922828125 0.53272668125 0.017228359375 0.565604734375
0 0.8546810859375 0.411151428125 0.85938668125 0.3938501984375 0.8375280984375 0.388627446875 0.8328225046875 0.405928675 0.8546810859375 0.411151428125
0 0.7904705203125 0.37537004218750003 0.7968788359375 0.351808359375 0.7771158625 0.3470863203125 0.7707075484375 0.3706480015625 0.7904705203125 0.37537004218750003
0 0.7662074953125 0.37112647656250003 0.7848507437500001 0.302580184375 0.7639328890625 0.29758220468749996 0.74528964375 0.366128496875 0.7662074953125 0.37112647656250003
0 0.7054766625 0.3112307453125 0.7127112984374999 0.28463090156250004 0.6917169640624999 0.2796146484375 0.684482328125 0.306214490625 0.7054766625 0.3112307453125
0 0.7191050015625 0.27245819843749997 0.7238028937500001 0.255185296875 0.7026326515625 0.2501270125 0.6979347609375 0.26739991406249997 0.7191050015625 0.27245819843749997
0 0.67869994375 0.21144179843750002 0.685216125 0.1874835265625 0.6628833546874999 0.182147475 0.656367175 0.206105746875 0.67869994375 0.21144179843750002
0 0.68222745 0.178661584375 0.7007397171874999 0.110596865625 0.6781545578125 0.105200509375 0.6596422875 0.1732652265625 0.68222745 0.178661584375
0 0.4816224671875 0.3895101484375 0.48571554531250005 0.3744609828125 0.464568246875 0.3694081796875 0.46047516875000005 0.38445734531250003 0.4816224671875 0.3895101484375
0 0.4315812171875 0.44605548749999996 0.4506193265625 0.3760573921875 0.4288372265625 0.3708529140625 0.4097991171875 0.44085100937500005 0.4315812171875 0.44605548749999996
0 0.3526417296875 0.4729186703125 0.3594969125 0.447713971875 0.338426096875 0.4426794453125 0.3315709140625 0.4678841421875 0.3526417296875 0.4729186703125
0 0.178096465625 0.6417388890625 0.1846203515625 0.6177522890625 0.162050484375 0.6123595875000001 0.1555266015625 0.6363461874999999 0.178096465625 0.6417388890625
0 0.1537842328125 0.716978178125 0.1724467421875 0.648361065625 0.1501139703125 0.6430250140625 0.1314514640625 0.711642128125 0.1537842328125 0.716978178125
0 0.6628150203125001 0.080111803125 0.6673607453125 0.063398378125 0.6463817078125 0.058385778124999996 0.6418359828125 0.0750992046875 0.6628150203125001 0.080111803125
0 0.6467312703125 0.4252645359375 0.651155646875 0.40899727500000005 0.62977125625 0.40388782343749996 0.625346878125 0.420155084375 0.6467312703125 0.4252645359375
0 0.5866471843750001 0.24971310781249997 0.593072834375 0.2260876890625 0.571986721875 0.2210495046875 0.5655610703125 0.244674925 0.5866471843750001 0.24971310781249997
0 0.5627832984375 0.32047387656250004 0.58088144375 0.253931778125 0.559030509375 0.24871085312500002 0.5409323640625 0.3152529515625 0.5627832984375 0.32047387656250004
1 0.620667034375 0.44465393750000004 0.6310875296875 0.40634053437500006 0.6152480875 0.4025559578125 0.60482759375 0.44086936093749995 0.620667034375 0.44465393750000004
4 0.2542263796875 0.316518196875 0.2670333796875 0.2694302421875 0.2148190546875 0.25695447968749996 0.20201205625 0.304042434375 0.2542263796875 0.316518196875
4 0.2173917828125 0.3981479484375 0.2297981421875 0.35253304218750003 0.1828687296875 0.3413200234375 0.1704623703125 0.3869349296875 0.2173917828125 0.3981479484375
4 0.11136967187499999 0.5189266406249999 0.12302290468749999 0.47608078125000003 0.0725217796875 0.464014359375 0.060868546875 0.50686021875 0.11136967187499999 0.5189266406249999
4 0.2693621515625 0.6601777531249999 0.27957847343750003 0.6226150359375 0.2305687484375 0.6109049609375 0.2203524265625 0.6484676781250001 0.2693621515625 0.6601777531249999
4 0.496896309375 0.452275215625 0.506251640625 0.4178781359375 0.4629092390625 0.407522175 0.4535539078125 0.44191925625 0.496896309375 0.452275215625
4 0.4767997234375 0.49500430624999997 0.4873107484375 0.45635804843749994 0.43484403125000004 0.44382198281249996 0.424333009375 0.4824682375 0.4767997234375 0.49500430624999997
4 0.284948021875 0.574541953125 0.3065864390625 0.49498321250000005 0.28945445 0.4908898 0.26781603125000003 0.5704485421875 0.284948021875 0.574541953125
4 0.5747452359375 0.34728973125 0.5824094046875 0.3191106140625 0.54679169375 0.310600340625 0.5391275249999999 0.338779459375 0.5747452359375 0.34728973125
4 0.534553309375 0.376860628125 0.5441128125 0.3417128578125 0.5048698500000001 0.3323363921875 0.49531034687500003 0.3674841609375 0.534553309375 0.376860628125
4 0.73242169375 0.3169485421875 0.7412954875 0.28432195312499997 0.7091347671875 0.276637671875 0.7002609734374999 0.3092642625 0.73242169375 0.3169485421875
4 0.740835228125 0.21386980625000002 0.75037354375 0.178799940625 0.71188010625 0.16960256093749998 0.702341790625 0.2046724265625 0.740835228125 0.21386980625000002
4 0.706071 0.0768447875 0.714428584375 0.0461161625 0.6747802671875001 0.036642842187500003 0.6664226828125 0.0673714703125 0.706071 0.0768447875
4 0.8576430203125 0.360640165625 0.8662086265625 0.3291466890625 0.8228432796874999 0.3187852453125 0.8142776734374999 0.3502787234375 0.8576430203125 0.360640165625
5 0.6879844328125 0.25377705 0.7107573546875 0.1700470328125 0.69147621875 0.16544011875 0.6687032984375 0.2491701375 0.6879844328125 0.25377705
5 0.5956601109374999 0.477106365625 0.6162584046874999 0.40137188124999995 0.602812853125 0.3981592859375 0.5822145609375 0.47389376875 0.5956601109374999 0.477106365625
5 0.6280274859375 0.1314397046875 0.6476222515625001 0.059394923437500004 0.632960634375 0.05589176875 0.6133658671875 0.1279365515625 0.6280274859375 0.1314397046875
5 0.3711024625 0.51830624375 0.39188373906249996 0.44189897499999997 0.3715471515625 0.4370398796875 0.3507658734375 0.513447146875 0.3711024625 0.51830624375
4 0.5135783875000001 0.087912203125 0.5228470421875 0.053833809375 0.477431975 0.0429826203125 0.468163321875 0.0770610125 0.5135783875000001 0.087912203125
4 0.4727671125 0.19548344687500002 0.4824922640625 0.15972663125 0.444687165625 0.15069371874999998 0.4349620140625 0.1864505359375 0.4727671125 0.19548344687500002