1 0.6296876078125 0.0578126765625 0.6265625359375 0.0609373234375 0.625 0.0609373234375 0.6234374640625 0.0625 0.6171873203125 0.0625 0.615624784375 0.0640626765625 0.6140622484375 0.0640626765625 0.609375215625 0.06875 0.603125071875 0.06875 0.6015625359375 0.0703126765625 0.6 0.0703126765625 0.5984374640625 0.0718753515625 0.596874928125 0.0718753515625 0.5953123921875 0.07343732343750001 0.59374985625 0.07343732343750001 0.5921873203125 0.075 0.5890622484375 0.075 0.5859377515624999 0.0781253515625 0.5859377515624999 0.0843753515625 0.5875002874999999 0.0859373234375 0.5875002874999999 0.0890626765625 0.590624784375 0.0921873234375 0.603125071875 0.0921873234375 0.6046876078125 0.0906253515625 0.60625014375 0.0906253515625 0.6078126796875 0.0890626765625 0.609375215625 0.0890626765625 0.6125002875 0.0859373234375 0.615624784375 0.0859373234375 0.6171873203125 0.0843753515625 0.61874985625 0.0843753515625 0.621874928125 0.08125 0.6234374640625 0.08125 0.625 0.0796873234375 0.628125071875 0.0796873234375 0.6328126796875 0.075 0.6359377515625 0.075 0.6375002875 0.07343732343750001 0.6421873203125 0.07343732343750001 0.64374985625 0.0718753515625 0.6453123921875 0.0718753515625 0.6484374640625 0.06875 0.65 0.06875 0.6515625359375 0.0671873234375 0.6515625359375 0.05625 0.65 0.054687323437500004 0.65 0.0531253515625 0.6484374640625 0.0515626765625 0.6421873203125 0.0515626765625 0.640624784375 0.0531253515625 0.6390622484375 0.0531253515625 0.6375002875 0.054687323437500004 0.6359377515625 0.054687323437500004 0.634375215625 0.05625 0.6328126796875 0.05625 0.63125014375 0.0578126765625 0.6296876078125 0.0578126765625
0 0.5982778093750001 0.0557690140625 0.581021325 0.06306971875 0.5849008640625 0.0825063375 0.6031319890625 0.0744774640625 0.5982778093750001 0.0557690140625
1 0.8420311234375 0.0307654921875 0.7821890484375 0.0606711265625 0.78099769375 0.061745775 0.78548415 0.07463028125 0.8479625359374999 0.045004224999999995 0.8420311234375 0.0307654921875
4 0.8581037468750001 0.49536971875 0.82463976875 0.49536971875 0.82463976875 0.5371654921875 0.8581037468750001 0.5371654921875 0.8581037468750001 0.49536971875
4 0.7001123921875 0.64622183125 0.6563832859375001 0.64622183125 0.6563832859375001 0.6851725359375 0.7001123921875 0.6851725359375 0.7001123921875 0.64622183125
0 0.45424207499999997 0.799883803125 0.46065533125 0.8205443656250001 0.473691065625 0.8113711265625 0.46470028750000003 0.7937830984375001 0.45424207499999997 0.799883803125
1 0.3127423625 0.9023936625 0.291151584375 0.931794365625 0.3012167140625 0.9426457750000001 0.3229175796875 0.9145492953125001 0.3127423625 0.9023936625
5 0.25095273749999997 0.8567176062499999 0.25574466875 0.8703915500000001 0.38313429375 0.81583028125 0.3781233421875 0.796583803125 0.25095273749999997 0.8567176062499999
5 0.7068755046875 0.5049732390624999 0.6529371765625 0.5318528171875 0.6602253609375001 0.5493225359375 0.714248990625 0.53302816875 0.7068755046875 0.5049732390624999
1 0.7281769453125 0.44912887343749996 0.7329930828125 0.46323028125 0.7826599421875 0.43985915468750003 0.776890490625 0.42417394374999995 0.7281769453125 0.44912887343749996
5 0.5374634 0.3623570421875 0.54120288125 0.37537323906250003 0.7586242078125001 0.2830485921875 0.7525429390625 0.2674774640625 0.5374634 0.3623570421875
0 0.5232610953125 0.5409211265625 0.45465821249999994 0.5701478875 0.45839884687500004 0.5890190140625 0.5266230546874999 0.5583950703125 0.5232610953125 0.5409211265625
0 0.502838040625 0.41883028125 0.45383227656249997 0.4399725359375 0.4580311234375 0.4582725359375 0.5079481265625 0.43917605625 0.502838040625 0.41883028125
0 0.5759688765625001 0.42307605625000005 0.5566570609375 0.43089014062500003 0.561530259375 0.44914718281250005 0.58103919375 0.44089507031249997 0.5759688765625001 0.42307605625000005
1 0.6681682999999999 0.37576760625 0.6712812687499999 0.383742253125 0.6377907781250001 0.45226337968749997 0.6350403453125 0.4458021125 0.6285106625 0.4581366203125 0.6357999999999999 0.4819725359375 0.642482996875 0.472254225 0.6401394812500001 0.46458732343750003 0.6756979828125 0.3906267609375 0.6940230546875 0.38129788750000004 0.6891077812499999 0.3648373234375 0.6681682999999999 0.37576760625
1 0.625153890625 0.41188309843750004 0.6185994234375001 0.421304225 0.6267809796875 0.44754647812500004 0.6347452453125 0.438344365625 0.6295930828125 0.423018309375 0.6349175796875001 0.39702042187500003 0.650151584375 0.3893845078125 0.6461337171875 0.372105634375 0.62651815625 0.3834049296875 0.625153890625 0.41188309843750004
1 0.6324547546875 0.3579725359375 0.6168927953125001 0.367803521875 0.6159089343749999 0.378592253125 0.609842075 0.386316196875 0.618273775 0.41573239375000004 0.6236806921875 0.40922183125 0.623656484375 0.38182605625 0.6403890484375 0.37111619687499997 0.6324547546875 0.3579725359375
0 0.6170495671875 0.2914929578125 0.5279037468750001 0.329281690625 0.53662075 0.36270633750000003 0.6270363109375 0.3235169015625 0.6170495671875 0.2914929578125
1 0.7656097984375 0.188703521875 0.7747544671875 0.221255634375 0.7871417875 0.2157211265625 0.7768322765625 0.18293098593749998 0.7656097984375 0.188703521875
1 0.7758997125 0.115107746875 0.766848990625 0.13017535156249999 0.80307089375 0.24996760624999997 0.8116991359375 0.24001056406250001 0.7758997125 0.115107746875
1 0.7651210374999999 0.08808239375 0.7587913546875 0.0903133796875 0.768066859375 0.1205866203125 0.77326570625 0.10789225312499999 0.8018933718750001 0.095418309375 0.79556023125 0.0760345078125 0.774664553125 0.08488169062499999 0.77499193125 0.0938633796875 0.7657360234375 0.0919373234375 0.7651210374999999 0.08808239375
1 0.7487452453125 0.02412816875 0.739474928125 0.037104225000000005 0.7400069171875 0.03683239375 0.7545504328125 0.086903521875 0.76435504375 0.07222605625 0.7487452453125 0.02412816875
0 0.7864685875 0.0374514078125 0.7746951015625 0.0428873234375 0.7804714703125 0.0615774640625 0.7913417875000001 0.056119718750000006 0.7864685875 0.0374514078125
3 0.7577608062500001 0.140753521875 0.7433227671875 0.140753521875 0.7433227671875 0.16751408437499998 0.7577608062500001 0.16751408437499998 0.7577608062500001 0.140753521875
3 0.7522622484375 0.10758098593750001 0.7359452453124999 0.10758098593750001 0.7359452453124999 0.149855634375 0.7522622484375 0.149855634375 0.7522622484375 0.10758098593750001
3 0.7437463984375 0.05802464843750001 0.7181210375 0.05802464843750001 0.7181210375 0.11594718281250001 0.7437463984375 0.11594718281250001 0.7437463984375 0.05802464843750001
3 0.7290979828124999 0.018161971875 0.7073861671875 0.018161971875 0.7073861671875 0.0612605640625 0.7290979828124999 0.0612605640625 0.7290979828124999 0.018161971875
0 0.7446864546875 0.18781901406249998 0.74785014375 0.2016746484375 0.7618916421875 0.1945985921875 0.759073775 0.18140563437499999 0.7446864546875 0.18781901406249998
0 0.8052530265625 0.266405634375 0.8090829968750001 0.28247394375 0.81983400625 0.2773007046875 0.8162351578125 0.2600725359375 0.8052530265625 0.266405634375
0 0.73489221875 0.31093028125 0.7267925078124999 0.32291549218750004 0.737232853125 0.3352711265625 0.7458109515625 0.3219852109375 0.73489221875 0.31093028125
3 0.353680115625 0.8753626765625 0.33200288125 0.8753626765625 0.33200288125 0.9054542250000001 0.353680115625 0.9054542250000001 0.353680115625 0.8753626765625
0 0.7334403453125 0.4246978875 0.7222230546875 0.43027957812500006 0.7263394812499999 0.4466894359375 0.7382599421875 0.4405950703125 0.7334403453125 0.4246978875
2 0.291130259375 0.9541147890625 0.2955677234375 0.965179578125 0.5069838609375 0.663564084375 0.5042783859375 0.6545711265625 0.291130259375 0.9541147890625
2 0.5620253609375 0.5842753515625 0.5644368875 0.5919760562499999 0.7881319890625 0.273868309375 0.7888495671875 0.2624190140625 0.758530259375 0.165394365625 0.753491065625 0.1735105640625 0.779711815625 0.263390140625 0.7778858796875 0.2718866203125 0.5620253609375 0.5842753515625
3 0.6225072046875 0.4744929578125 0.6024956765625 0.4744929578125 0.6024956765625 0.5148591546875 0.6225072046875 0.5148591546875 0.6225072046875 0.4744929578125
3 0.6133227671875 0.4404753515625 0.59630259375 0.4404753515625 0.59630259375 0.47734154999999995 0.6133227671875 0.47734154999999995 0.6133227671875 0.4404753515625
3 0.6033948125 0.40801056406249997 0.5856887609375 0.40801056406249997 0.5856887609375 0.44655281718750006 0.6033948125 0.44655281718750006 0.6033948125 0.40801056406249997
1 0.5343757921875001 0.6907507046875 0.5417683 0.6815640843749999 0.539435734375 0.6684866203125 0.5182524500000001 0.69679155 0.5226097984375 0.7078563375 0.5275798265625 0.7004338031249999 0.546243228125 0.7180098593750001 0.5689683 0.7062105640625 0.563017290625 0.6903485921875 0.5427072046875 0.7006992953125 0.5343757921875001 0.6907507046875
1 0.5585492796875 0.657290140625 0.561614409375 0.6524732390625 0.5576201734375 0.6399126765625 0.5409648421875 0.6634908453125 0.5455314125 0.673946478125 0.5522680109375 0.666346478125 0.574125071875 0.71327605625 0.598787896875 0.7044422531250001 0.5945613828125 0.6853950703125 0.5742927953125 0.6943274640625 0.5585492796875 0.657290140625
3 0.5648270890625 0.583792253125 0.5490979828125 0.583792253125 0.5490979828125 0.6124190140625 0.5648270890625 0.6124190140625 0.5648270890625 0.583792253125
3 0.5518242078125 0.6001091546875 0.528210375 0.6001091546875 0.528210375 0.6373978874999999 0.5518242078125 0.6373978874999999 0.5518242078125 0.6001091546875
3 0.5316599421875 0.626968309375 0.5013083578125 0.626968309375 0.5013083578125 0.671440140625 0.5316599421875 0.671440140625 0.5316599421875 0.626968309375
1 0.27659884687499997 0.9985091546874999 0.2941561953125 0.999295775 0.4103371765625 0.8350436625000001 0.4051527375 0.8188309859375 0.27659884687499997 0.9985091546874999
1 0.5134968296875 0.689914084375 0.2938864546875 0.9985091546874999 0.3098570609375 0.999295775 0.517873775 0.708696478125 0.5134968296875 0.689914084375
5 0.45 0.3421873234375 0.4484374640625 0.34375 0.446874928125 0.34375 0.44374985625 0.3468753515625 0.4421873203125 0.3468753515625 0.440624784375 0.3484373234375 0.4375002875 0.3484373234375 0.4359377515625 0.35 0.434375215625 0.35 0.4328126796875 0.3515626765625 0.43125014375 0.3515626765625 0.4296876078125 0.3531253515625 0.428125071875 0.3531253515625 0.4265625359375 0.3546873234375 0.4234374640625 0.3546873234375 0.421874928125 0.35625 0.4203123921875 0.35625 0.41874985625 0.3578126765625 0.4171873203125 0.3578126765625 0.415624784375 0.3593753515625 0.4140622484375 0.3593753515625 0.4125002875 0.3609373234375 0.4078126796875 0.3609373234375 0.40625014375 0.3625 0.3984374640625 0.3625 0.396874928125 0.3640626765625 0.3875002875 0.3640626765625 0.3859377515625 0.3656253515625 0.38125014375 0.3656253515625 0.3796876078125 0.3671873234375 0.375 0.3671873234375 0.3734374640625 0.36875 0.36874985625 0.36875 0.3671873203125 0.3703126765625 0.365624784375 0.3703126765625 0.3640622484375 0.3718753515625 0.36250028749999996 0.3718753515625 0.36093775156249996 0.3734373234375 0.35937521562499997 0.3734373234375 0.35781267968749997 0.375 0.35625014374999997 0.375 0.353125071875 0.3781253515625 0.3515625359375 0.3781253515625 0.3484374640625 0.38125 0.346874928125 0.38125 0.3453123921875 0.3828126765625 0.34374985625 0.3828126765625 0.3421873203125 0.3843753515625 0.340624784375 0.3843753515625 0.3390622484375 0.3859373234375 0.3359377515625 0.3859373234375 0.334375215625 0.3875 0.33125014375 0.3875 0.3296876078125 0.3890626765625 0.328125071875 0.3890626765625 0.3265625359375 0.3906253515625 0.325 0.3906253515625 0.3234374640625 0.3921873234375 0.321874928125 0.3921873234375 0.3203123921875 0.39375 0.31874985625 0.39375 0.3171873203125 0.3953126765625 0.315624784375 0.3953126765625 0.3140622484375 0.3968753515625 0.3125002875 0.3968753515625 0.309375215625 0.4 0.3078126796875 0.4 0.30625014375 0.4015626765625 0.3046876078125 0.4015626765625 0.3015625359375 0.4046873234375 0.3 0.4046873234375 0.2984374640625 0.40625 0.296874928125 0.40625 0.2953123921875 0.4078126765625 0.29374985625 0.4078126765625 0.2921873203125 0.4093753515625 0.290624784375 0.4093753515625 0.2890622484375 0.4109373234375 0.2875002875 0.4109373234375 0.2859377515625 0.4125 0.2828126796875 0.4125 0.28125014375 0.4140626765625 0.2796876078125 0.4140626765625 0.278125071875 0.4156253515625 0.2765625359375 0.4156253515625 0.275 0.4171873234375 0.271874928125 0.4171873234375 0.27031239218750003 0.41875 0.26874985625000003 0.41875 0.26562478437500003 0.4218753515625 0.26406224843750004 0.4218753515625 0.2609377515625 0.425 0.259375215625 0.425 0.2578126796875 0.4265626765625 0.25625014375 0.4265626765625 0.2546876078125 0.4281253515625 0.253125071875 0.4281253515625 0.2515625359375 0.4296873234375 0.25 0.4296873234375 0.2484374640625 0.43125 0.246874928125 0.43125 0.2359377515625 0.4421873234375 0.2359377515625 0.44375 0.234375215625 0.4453126765625 0.234375215625 0.4468753515625 0.2328126796875 0.4484373234375 0.2328126796875 0.4656253515625 0.234375215625 0.4671873234375 0.234375215625 0.46875 0.2359377515625 0.4703126765625 0.2359377515625 0.475 0.2375002875 0.4765626765625 0.2375002875 0.4781253515625 0.2390622484375 0.4796873234375 0.2390622484375 0.48125 0.240624784375 0.4828126765625 0.240624784375 0.4843753515625 0.2421873203125 0.4859373234375 0.2421873203125 0.4890626765625 0.24374985625 0.4906253515625 0.24374985625 0.4921873234375 0.2453123921875 0.49375 0.2453123921875 0.4953126765625 0.246874928125 0.4968753515625 0.246874928125 0.4984373234375 0.2484374640625 0.5 0.2484374640625 0.5015626765625 0.25 0.5031253515625 0.25 0.5046873234375 0.25625014375 0.5109373234375 0.25625014375 0.5125 0.2578126796875 0.5140626765625 0.259375215625 0.5140626765625 0.2609377515625 0.5156253515625 0.2625002875 0.5156253515625 0.26406224843750004 0.5171873234375 0.278125071875 0.5171873234375 0.2796876078125 0.5156253515625 0.2828126796875 0.5156253515625 0.284375215625 0.5140626765625 0.2859377515625 0.5140626765625 0.2875002875 0.5125 0.2890622484375 0.5125 0.290624784375 0.5109373234375 0.29374985625 0.5109373234375 0.2953123921875 0.5093753515625 0.2984374640625 0.5093753515625 0.3 0.5078126765625 0.3015625359375 0.5078126765625 0.303125071875 0.50625 0.30625014375 0.50625 0.3078126796875 0.5046873234375 0.309375215625 0.5046873234375 0.3109377515625 0.5031253515625 0.3125002875 0.5031253515625 0.315624784375 0.5 0.3171873203125 0.5 0.3203123921875 0.4968753515625 0.321874928125 0.4968753515625 0.3296876078125 0.4890626765625 0.3296876078125 0.4859373234375 0.33125014375 0.4843753515625 0.33125014375 0.4828126765625 0.3359377515625 0.4781253515625 0.3375002875 0.4781253515625 0.3375002875 0.4765626765625 0.3390622484375 0.475 0.3390622484375 0.4718753515625 0.346874928125 0.4640626765625 0.346874928125 0.4609373234375 0.3484374640625 0.4593753515625 0.3484374640625 0.4578126765625 0.353125071875 0.4531253515625 0.353125071875 0.4515626765625 0.35468760781249997 0.45 0.35468760781249997 0.4484373234375 0.35625014374999997 0.4468753515625 0.35625014374999997 0.4453126765625 0.35781267968749997 0.44375 0.35781267968749997 0.4421873234375 0.365624784375 0.4343753515625 0.3671873203125 0.4343753515625 0.36874985625 0.4328126765625 0.3703123921875 0.4328126765625 0.371874928125 0.43125 0.375 0.43125 0.3765625359375 0.4296873234375 0.38125014375 0.4296873234375 0.3828126796875 0.4281253515625 0.384375215625 0.4281253515625 0.3875002875 0.425 0.39062478437500003 0.425 0.39218732031250003 0.4234373234375 0.39374985625000003 0.4234373234375 0.39531239218750003 0.4218753515625 0.396874928125 0.4218753515625 0.3984374640625 0.4203126765625 0.4 0.4203126765625 0.4015625359375 0.41875 0.403125071875 0.41875 0.4046876078125 0.4171873234375 0.40625014375 0.4171873234375 0.4078126796875 0.4156253515625 0.409375215625 0.4156253515625 0.4125002875 0.4125 0.4140622484375 0.4125 0.415624784375 0.4109373234375 0.4171873203125 0.4109373234375 0.41874985625 0.4093753515625 0.4203123921875 0.4093753515625 0.421874928125 0.4078126765625 0.4234374640625 0.4078126765625 0.425 0.40625 0.4265625359375 0.40625 0.428125071875 0.4046873234375 0.4328126796875 0.4046873234375 0.434375215625 0.4031253515625 0.4359377515625 0.4031253515625 0.4375002875 0.4015626765625 0.4390622484375 0.4015626765625 0.440624784375 0.4 0.4421873203125 0.4 0.4453123921875 0.3968753515625 0.446874928125 0.3968753515625 0.4484374640625 0.3953126765625 0.45 0.3953126765625 0.4515625359375 0.39375 0.4546876078125 0.39375 0.45625014375 0.3921873234375 0.459375215625 0.3921873234375 0.4609377515625 0.3906253515625 0.4625002875 0.3906253515625 0.465624784375 0.3875 0.4671873203125 0.3875 0.471874928125 0.3828126765625 0.4734374640625 0.3828126765625 0.4765625359375 0.3796873234375 0.478125071875 0.3796873234375 0.47968760781249997 0.3781253515625 0.47968760781249997 0.3734373234375 0.48125014374999997 0.3718753515625 0.48125014374999997 0.36875 0.48437521562499997 0.3656253515625 0.4921873203125 0.3656253515625 0.49374985625 0.3640626765625 0.49374985625 0.3593753515625 0.4921873203125 0.3578126765625 0.4921873203125 0.3546873234375 0.4890622484375 0.3515626765625 0.48750028749999996 0.3515626765625 0.48593775156249996 0.35 0.48437521562499997 0.35 0.48281267968749997 0.3484373234375 0.48281267968749997 0.3406253515625 0.48125014374999997 0.3390626765625 0.47968760781249997 0.3390626765625 0.478125071875 0.3375 0.4765625359375 0.3375 0.475 0.3359373234375 0.4703123921875 0.3359373234375 0.46874985625 0.3343753515625 0.4640622484375 0.3343753515625 0.4625002875 0.3359373234375 0.4609377515625 0.3359373234375 0.459375215625 0.3375 0.4578126796875 0.3375 0.45625014375 0.3390626765625 0.4546876078125 0.3390626765625 0.4515625359375 0.3421873234375 0.45 0.3421873234375
0 0.53125014375 0.4625 0.5296876078125 0.4640626765625 0.528125071875 0.4640626765625 0.525 0.4671873234375 0.5234374640625 0.4671873234375 0.521874928125 0.46875 0.51874985625 0.46875 0.51874985625 0.4906253515625 0.5203123921875 0.4921873234375 0.5328126796875 0.4921873234375 0.5390622484375001 0.4859373234375 0.5421873203125 0.4859373234375 0.54374985625 0.4843753515625 0.546874928125 0.4843753515625 0.5515625359375 0.4796873234375 0.559375215625 0.4796873234375 0.5609377515625 0.4781253515625 0.5625002875 0.4781253515625 0.5671873203125 0.4734373234375 0.56874985625 0.4734373234375 0.5703123921875 0.4718753515625 0.571874928125 0.4718753515625 0.571874928125 0.46875 0.5734374640625 0.4671873234375 0.5734374640625 0.4609373234375 0.571874928125 0.4593753515625 0.571874928125 0.4578126765625 0.5671873203125 0.4531253515625 0.55625014375 0.4531253515625 0.553125071875 0.45625 0.55 0.45625 0.546874928125 0.4593753515625 0.5453123921875 0.4593753515625 0.54374985625 0.4609373234375 0.5421873203125 0.4609373234375 0.5406247843750001 0.4625 0.53125014375 0.4625
0 0.4671873203125 0.6171873234375 0.465624784375 0.61875 0.4625002875 0.61875 0.4609377515625 0.6203126765625 0.4578126796875 0.6203126765625 0.4546876078125 0.6234373234375 0.453125071875 0.6234373234375 0.4515625359375 0.625 0.4484374640625 0.625 0.446874928125 0.6265626765625 0.4453123921875 0.6265626765625 0.4421873203125 0.6296873234375 0.440624784375 0.6296873234375 0.440624784375 0.65 0.4421873203125 0.6515626765625 0.44374985625 0.6515626765625 0.4453123921875 0.6531253515625 0.4484374640625 0.6531253515625 0.45 0.6515626765625 0.4515625359375 0.6515626765625 0.453125071875 0.65 0.4546876078125 0.65 0.45625014375 0.6484373234375 0.459375215625 0.6484373234375 0.4640622484375 0.64375 0.465624784375 0.64375 0.4671873203125 0.6421873234375 0.471874928125 0.6421873234375 0.4765625359375 0.6375 0.478125071875 0.6375 0.47968760781249997 0.6359373234375 0.48437521562499997 0.6359373234375 0.48593775156249996 0.6343753515625 0.48750028749999996 0.6343753515625 0.490624784375 0.63125 0.4921873203125 0.63125 0.49374985625 0.6296873234375 0.4984374640625 0.6296873234375 0.5 0.6281253515625 0.5015625359375 0.6281253515625 0.50625014375 0.6234373234375 0.5078126796875 0.6234373234375 0.5109377515625 0.6203126765625 0.5109377515625 0.6171873234375 0.5125002875 0.6156253515625 0.5125002875 0.6093753515625 0.5109377515625 0.6078126765625 0.5109377515625 0.6015626765625 0.4921873203125 0.6015626765625 0.48281267968749997 0.6109373234375 0.47968760781249997 0.6109373234375 0.478125071875 0.6125 0.475 0.6125 0.4734374640625 0.6140626765625 0.471874928125 0.6140626765625 0.46874985625 0.6171873234375 0.4671873203125 0.6171873234375
0 0.309375215625 0.7875 0.3078126796875 0.7890626765625 0.30625014375 0.7890626765625 0.303125071875 0.7921873234375 0.3 0.7921873234375 0.2984374640625 0.79375 0.2953123921875 0.79375 0.29374985625 0.7953126765625 0.2921873203125 0.7953126765625 0.2890622484375 0.7984373234375 0.2859377515625 0.7984373234375 0.284375215625 0.8 0.2796876078125 0.8 0.278125071875 0.8015626765625001 0.2765625359375 0.8015626765625001 0.2734374640625 0.8046873234374999 0.271874928125 0.8046873234374999 0.27031239218750003 0.80625 0.26406224843750004 0.80625 0.2625002875 0.8078126765625001 0.2609377515625 0.8078126765625001 0.259375215625 0.8093753515625 0.2578126796875 0.8093753515625 0.25625014375 0.8109373234374999 0.2546876078125 0.8109373234374999 0.253125071875 0.8125 0.2484374640625 0.8125 0.2453123921875 0.8156253515625 0.24374985625 0.8156253515625 0.2421873203125 0.8171873234374999 0.2390622484375 0.8171873234374999 0.2375002875 0.81875 0.2359377515625 0.81875 0.2359377515625 0.8406253515625 0.24374985625 0.8484373234374999 0.24374985625 0.85 0.246874928125 0.8531253515625 0.25625014375 0.8531253515625 0.2578126796875 0.8515626765625001 0.259375215625 0.8515626765625001 0.2625002875 0.8484373234374999 0.26562478437500003 0.8484373234374999 0.26718732031250003 0.8468753515625 0.27031239218750003 0.8468753515625 0.275 0.8421873234374999 0.278125071875 0.8421873234374999 0.2796876078125 0.8406253515625 0.28125014375 0.8406253515625 0.284375215625 0.8375 0.2859377515625 0.8375 0.2875002875 0.8359373234374999 0.290624784375 0.8359373234374999 0.2921873203125 0.8343753515625 0.29374985625 0.8343753515625 0.296874928125 0.83125 0.2984374640625 0.83125 0.3 0.8296873234375 0.3046876078125 0.8296873234375 0.30625014375 0.8281253515625 0.3109377515625 0.8281253515625 0.3140622484375 0.825 0.3171873203125 0.825 0.31874985625 0.8234373234374999 0.3234374640625 0.8234373234374999 0.325 0.8218753515625 0.328125071875 0.8218753515625 0.33125014375 0.81875 0.3328126796875 0.81875 0.334375215625 0.8171873234374999 0.340624784375 0.8171873234374999 0.3421873203125 0.8156253515625 0.34374985625 0.8156253515625 0.3453123921875 0.8140626765625001 0.3453123921875 0.8109373234374999 0.346874928125 0.8093753515625 0.346874928125 0.8031253515625 0.35 0.8 0.35 0.7890626765625 0.3453123921875 0.7890626765625 0.340624784375 0.7843753515625 0.340624784375 0.7828126765625 0.3390622484375 0.7828126765625 0.334375215625 0.7781253515625 0.3265625359375 0.7781253515625 0.325 0.7796873234375 0.3234374640625 0.7796873234375 0.321874928125 0.78125 0.3203123921875 0.78125 0.315624784375 0.7859373234375 0.3140622484375 0.7859373234375 0.3125002875 0.7875 0.309375215625 0.7875
1 0.61874985625 0.5390626765625 0.6140622484375 0.54375 0.6140622484375 0.5453126765625 0.6078126796875 0.5515626765625 0.6078126796875 0.5531253515625 0.60625014375 0.5546873234375 0.60625014375 0.55625 0.6046876078125 0.5578126765625 0.6046876078125 0.5593753515625 0.6015625359375 0.5625 0.6015625359375 0.5640626765625 0.5953123921875 0.5703126765625 0.5953123921875 0.5718753515625 0.5921873203125 0.575 0.5921873203125 0.5765626765625 0.5890622484375 0.5796873234375 0.5890622484375 0.58125 0.5875002874999999 0.5828126765625 0.5875002874999999 0.5843753515625 0.5859377515624999 0.5859373234375 0.5859377515624999 0.5875 0.5828126796875 0.5906253515625 0.5828126796875 0.5921873234375 0.58125014375 0.59375 0.58125014375 0.5968753515625 0.5796876078125 0.5984373234375 0.5796876078125 0.6015626765625 0.578125071875 0.6031253515625 0.578125071875 0.6046873234375 0.5734374640625 0.6093753515625 0.5734374640625 0.6109373234375 0.56874985625 0.6156253515625 0.56874985625 0.6281253515625 0.5703123921875 0.6296873234375 0.571874928125 0.6296873234375 0.5734374640625 0.6281253515625 0.575 0.6281253515625 0.578125071875 0.625 0.578125071875 0.6234373234375 0.5796876078125 0.6218753515625 0.5796876078125 0.6203126765625 0.58125014375 0.61875 0.5828126796875 0.61875 0.5859377515624999 0.6156253515625 0.5859377515624999 0.6140626765625 0.5921873203125 0.6078126765625 0.5921873203125 0.60625 0.596874928125 0.6015626765625 0.596874928125 0.6 0.6 0.5968753515625 0.6 0.5953126765625 0.6046876078125 0.5906253515625 0.6046876078125 0.5890626765625 0.6109377515625 0.5828126765625 0.6109377515625 0.58125 0.6171873203125 0.575 0.6171873203125 0.5734373234375 0.621874928125 0.56875 0.621874928125 0.5671873234375 0.625 0.5640626765625 0.625 0.5625 0.628125071875 0.5593753515625 0.628125071875 0.5578126765625 0.6296876078125 0.55625 0.6296876078125 0.5546873234375 0.63125014375 0.5531253515625 0.63125014375 0.5515626765625 0.634375215625 0.5484373234375 0.634375215625 0.5453126765625 0.6359377515625 0.54375 0.6359377515625 0.5390626765625 0.6375002875 0.5375 0.6375002875 0.525 0.6265625359375 0.525 0.625 0.5265626765625 0.625 0.5281253515625 0.621874928125 0.53125 0.621874928125 0.5328126765625 0.6203123921875 0.5343753515625 0.6203123921875 0.5359373234375 0.61874985625 0.5375 0.61874985625 0.5390626765625
0 0.4484374640625 0.1734373234375 0.446874928125 0.175 0.4453123921875 0.175 0.44374985625 0.1765626765625 0.4421873203125 0.1765626765625 0.4390622484375 0.1796873234375 0.4375002875 0.1796873234375 0.4359377515625 0.18125 0.4328126796875 0.18125 0.43125014375 0.1828126765625 0.4296876078125 0.1828126765625 0.4265625359375 0.1859373234375 0.425 0.1859373234375 0.4234374640625 0.1875 0.4203123921875 0.1875 0.41874985625 0.1890626765625 0.4171873203125 0.1890626765625 0.415624784375 0.1906253515625 0.4140622484375 0.1906253515625 0.4125002875 0.1921873234375 0.409375215625 0.1921873234375 0.4078126796875 0.19375 0.403125071875 0.19375 0.403125071875 0.2171873234375 0.4046876078125 0.21875 0.4046876078125 0.2203126765625 0.40625014375 0.2218753515625 0.40625014375 0.2234373234375 0.4078126796875 0.225 0.4078126796875 0.2265626765625 0.409375215625 0.2281253515625 0.409375215625 0.2296873234375 0.4140622484375 0.2343753515625 0.415624784375 0.2343753515625 0.4171873203125 0.2359373234375 0.421874928125 0.2359373234375 0.4234374640625 0.2343753515625 0.425 0.2343753515625 0.428125071875 0.23125 0.4296876078125 0.23125 0.4328126796875 0.2281253515625 0.434375215625 0.2281253515625 0.4390622484375 0.2234373234375 0.440624784375 0.2234373234375 0.4421873203125 0.2218753515625 0.4453123921875 0.2218753515625 0.4484374640625 0.21875 0.45 0.21875 0.4515625359375 0.2171873234375 0.4546876078125 0.2171873234375 0.45625014375 0.2156253515625 0.4578126796875 0.2156253515625 0.459375215625 0.2140626765625 0.4609377515625 0.2140626765625 0.4625002875 0.2125 0.4640622484375 0.2125 0.465624784375 0.2109373234375 0.4734374640625 0.2109373234375 0.475 0.2093753515625 0.4765625359375 0.2093753515625 0.48437521562499997 0.2015626765625 0.48437521562499997 0.19375 0.48281267968749997 0.1921873234375 0.48281267968749997 0.1890626765625 0.48125014374999997 0.1875 0.48125014374999997 0.1828126765625 0.47968760781249997 0.18125 0.47968760781249997 0.175 0.478125071875 0.1734373234375 0.478125071875 0.1718753515625 0.4765625359375 0.1703126765625 0.4765625359375 0.16875 0.475 0.1671873234375 0.475 0.1656253515625 0.471874928125 0.1625 0.465624784375 0.1625 0.4640622484375 0.1640626765625 0.4625002875 0.1640626765625 0.4578126796875 0.16875 0.45625014375 0.16875 0.453125071875 0.1718753515625 0.4515625359375 0.1718753515625 0.45 0.1734373234375 0.4484374640625 0.1734373234375
0 0.4578126796875 0.7234373234375 0.4609377515625 0.7203126765625 0.4609377515625 0.7171873234375 0.4625002875 0.7156253515625 0.4625002875 0.7140626765625 0.465624784375 0.7109373234375 0.465624784375 0.7046873234375 0.4640622484375 0.7031253515625 0.4640622484375 0.7 0.4625002875 0.6984373234375 0.45 0.6984373234375 0.45 0.7 0.44374985625 0.70625 0.44374985625 0.7234373234375 0.4453123921875 0.7234373234375 0.446874928125 0.725 0.4546876078125 0.725 0.45625014375 0.7234373234375 0.4578126796875 0.7234373234375
0 0.6421873203125 0.4265626765625 0.64374985625 0.425 0.6453123921875 0.425 0.653125071875 0.4171873234375 0.653125071875 0.4046873234375 0.6515625359375 0.4031253515625 0.6515625359375 0.4015626765625 0.6359377515625 0.4015626765625 0.634375215625 0.4031253515625 0.63125014375 0.4031253515625 0.63125014375 0.43125 0.634375215625 0.43125 0.6359377515625 0.4296873234375 0.6375002875 0.4296873234375 0.640624784375 0.4265626765625 0.6421873203125 0.4265626765625
0 0.6890622484375 0.1953126765625 0.703125071875 0.1953126765625 0.703125071875 0.1875 0.7015625359375 0.1859373234375 0.7015625359375 0.1796873234375 0.703125071875 0.1781253515625 0.703125071875 0.1765626765625 0.7015625359375 0.175 0.7015625359375 0.1734373234375 0.7 0.1718753515625 0.7 0.1703126765625 0.6984374640625 0.16875 0.6984374640625 0.1656253515625 0.696874928125 0.1640626765625 0.6875002875 0.1640626765625 0.684375215625 0.1671873234375 0.6828126796875 0.1671873234375 0.68125014375 0.16875 0.68125014375 0.1875 0.6828126796875 0.1875 0.6875002875 0.1921873234375 0.6875002875 0.19375 0.6890622484375 0.1953126765625
0 0.6515625359375 0.1375 0.65 0.1390626765625 0.6484374640625 0.1390626765625 0.646874928125 0.1406253515625 0.64374985625 0.1406253515625 0.64374985625 0.1656253515625 0.6453123921875 0.1671873234375 0.65625014375 0.1671873234375 0.6578126796875 0.1656253515625 0.659375215625 0.1656253515625 0.6640622484375001 0.1609373234375 0.6703123921875 0.1609373234375 0.6765625359375 0.1546873234375 0.6828126796875 0.1546873234375 0.6890622484375 0.1484373234375 0.696874928125 0.1484373234375 0.703125071875 0.1421873234375 0.70625014375 0.1421873234375 0.7078126796875 0.1406253515625 0.7093752156249999 0.1406253515625 0.7125002874999999 0.1375 0.7125002874999999 0.1359373234375 0.7140622484375 0.1343753515625 0.7140622484375 0.1171873234375 0.6796876078125 0.1171873234375 0.678125071875 0.11875 0.675 0.11875 0.66874985625 0.125 0.66874985625 0.1265626765625 0.659375215625 0.1359373234375 0.65625014375 0.1359373234375 0.6546876078125 0.1375 0.6515625359375 0.1375
0 0.5625002875 0.4906253515625 0.559375215625 0.49375 0.55 0.49375 0.546874928125 0.4968753515625 0.5453123921875 0.4968753515625 0.5421873203125 0.5 0.534375215625 0.5 0.5328126796875 0.5015626765625 0.528125071875 0.5015626765625 0.525 0.5046873234375 0.525 0.5296873234375 0.5359377515625 0.5296873234375 0.5375002875 0.5281253515625 0.5406247843750001 0.5281253515625 0.54374985625 0.525 0.5453123921875 0.525 0.546874928125 0.5234373234375 0.5515625359375 0.5234373234375 0.553125071875 0.5218753515625 0.5546876078125 0.5218753515625 0.5546876078125 0.5203126765625 0.55625014375 0.51875 0.5578126796875 0.51875 0.559375215625 0.5171873234375 0.5625002875 0.5171873234375 0.5640622484375 0.5156253515625 0.565624784375 0.5156253515625 0.56874985625 0.5125 0.5703123921875 0.5125 0.571874928125 0.5109373234375 0.58125014375 0.5109373234375 0.5828126796875 0.5093753515625 0.5843752156249999 0.5093753515625 0.5875002874999999 0.50625 0.5890622484375 0.50625 0.590624784375 0.5046873234375 0.5953123921875 0.5046873234375 0.596874928125 0.5031253515625 0.5984374640625 0.5031253515625 0.603125071875 0.4984373234375 0.6046876078125 0.4984373234375 0.6046876078125 0.48125 0.58125014375 0.48125 0.5796876078125 0.4828126765625 0.5796876078125 0.4843753515625 0.578125071875 0.4859373234375 0.575 0.4859373234375 0.5734374640625 0.4875 0.5640622484375 0.4875 0.5625002875 0.4890626765625 0.5625002875 0.4906253515625
0 0.6765625359375 0.2015626765625 0.675 0.2031253515625 0.6734374640625 0.2031253515625 0.671874928125 0.2046873234375 0.6703123921875 0.2046873234375 0.66874985625 0.20625 0.6625002875 0.20625 0.6609377515625 0.2078126765625 0.6609377515625 0.225 0.6625002875 0.2265626765625 0.671874928125 0.2265626765625 0.6734374640625 0.225 0.675 0.225 0.6765625359375 0.2234373234375 0.68125014375 0.2234373234375 0.6828126796875 0.2218753515625 0.684375215625 0.2218753515625 0.6875002875 0.21875 0.6890622484375 0.21875 0.690624784375 0.2171873234375 0.696874928125 0.2171873234375 0.6984374640625 0.2156253515625 0.7 0.2156253515625 0.703125071875 0.2125 0.7046876078125 0.2125 0.70625014375 0.2109373234375 0.7109377515624999 0.2109373234375 0.7125002874999999 0.2093753515625 0.715624784375 0.2093753515625 0.7203123921875 0.2046873234375 0.7265625359375 0.2046873234375 0.728125071875 0.2031253515625 0.7296876078125 0.2031253515625 0.7296876078125 0.2 0.73125014375 0.1984373234375 0.73125014375 0.1890626765625 0.696874928125 0.1890626765625 0.6953123921875 0.1906253515625 0.69374985625 0.1906253515625 0.690624784375 0.19375 0.6890622484375 0.19375 0.6828126796875 0.2 0.6796876078125 0.2 0.678125071875 0.2015626765625 0.6765625359375 0.2015626765625
0 0.56874985625 0.4218753515625 0.56874985625 0.4125 0.5671873203125 0.4109373234375 0.5671873203125 0.4046873234375 0.565624784375 0.4031253515625 0.565624784375 0.4015626765625 0.55 0.4015626765625 0.55 0.4234373234375 0.5515625359375 0.4234373234375 0.553125071875 0.425 0.5625002875 0.425 0.5640622484375 0.4234373234375 0.565624784375 0.4234373234375 0.5671873203125 0.4218753515625 0.56874985625 0.4218753515625
1 0.7796876078125 0.3078126765625 0.7796876078125 0.3093753515625 0.7734374640625 0.3156253515625 0.7734374640625 0.3171873234375 0.7703123921875 0.3203126765625 0.7703123921875 0.3218753515625 0.76874985625 0.3234373234375 0.76874985625 0.3265626765625 0.7640622484375 0.33125 0.7640622484375 0.3328126765625 0.7578126796875 0.3390626765625 0.7578126796875 0.3406253515625 0.75625014375 0.3421873234375 0.75625014375 0.34375 0.7546876078125 0.3453126765625 0.7546876078125 0.3468753515625 0.7515625359375 0.35 0.7515625359375 0.3515626765625 0.75 0.3531253515625 0.75 0.3546873234375 0.7453123921875 0.3593753515625 0.7453123921875 0.3609373234375 0.74374985625 0.3625 0.74374985625 0.3656253515625 0.7421873203125 0.3671873234375 0.7421873203125 0.36875 0.7390622484375 0.3718753515625 0.7390622484375 0.3734373234375 0.7359377515625 0.3765626765625 0.7359377515625 0.3781253515625 0.73125014375 0.3828126765625 0.73125014375 0.3859373234375 0.7265625359375 0.3906253515625 0.7265625359375 0.3921873234375 0.721874928125 0.3968753515625 0.721874928125 0.3984373234375 0.71874985625 0.4015626765625 0.71874985625 0.4031253515625 0.7140622484375 0.4078126765625 0.7140622484375 0.4093753515625 0.7078126796875 0.4156253515625 0.7078126796875 0.41875 0.70625014375 0.4203126765625 0.70625014375 0.4265626765625 0.7015625359375 0.43125 0.7015625359375 0.4328126765625 0.6953123921875 0.4390626765625 0.69374985625 0.4390626765625 0.69374985625 0.4406253515625 0.6921873203125 0.4421873234375 0.6921873203125 0.44375 0.6890622484375 0.4468753515625 0.6890622484375 0.4484373234375 0.675 0.4625 0.6734374640625 0.4625 0.671874928125 0.4640626765625 0.6703123921875 0.4640626765625 0.6703123921875 0.4671873234375 0.66874985625 0.46875 0.66874985625 0.475 0.6671873203125 0.4765626765625 0.6671873203125 0.4781253515625 0.6578126796875 0.4875 0.6578126796875 0.4890626765625 0.65625014375 0.4906253515625 0.65625014375 0.49375 0.6546876078125 0.4953126765625 0.6546876078125 0.4968753515625 0.65 0.5015626765625 0.65 0.5031253515625 0.63125014375 0.5218753515625 0.63125014375 0.5234373234375 0.6296876078125 0.525 0.6296876078125 0.5546873234375 0.63125014375 0.5531253515625 0.6328126796875 0.5531253515625 0.6328126796875 0.5515626765625 0.634375215625 0.55 0.634375215625 0.5453126765625 0.6359377515625 0.54375 0.6359377515625 0.5390626765625 0.6609377515625 0.5140626765625 0.6609377515625 0.5125 0.6625002875 0.5109373234375 0.6625002875 0.5093753515625 0.6640622484375001 0.5078126765625 0.6640622484375001 0.50625 0.6656247843750001 0.5046873234375 0.6656247843750001 0.5031253515625 0.6671873203125 0.5015626765625 0.6671873203125 0.4984373234375 0.66874985625 0.4968753515625 0.66874985625 0.4953126765625 0.6703123921875 0.49375 0.6703123921875 0.4921873234375 0.671874928125 0.4906253515625 0.671874928125 0.4890626765625 0.6734374640625 0.4875 0.6734374640625 0.4843753515625 0.675 0.4828126765625 0.675 0.48125 0.6796876078125 0.4765626765625 0.6796876078125 0.475 0.6859377515625 0.46875 0.6875002875 0.46875 0.6890622484375 0.4671873234375 0.690624784375 0.4671873234375 0.6921873203125 0.4656253515625 0.6921873203125 0.4625 0.69374985625 0.4609373234375 0.69374985625 0.4546873234375 0.6953123921875 0.4531253515625 0.6953123921875 0.45 0.7 0.4453126765625 0.7015625359375 0.4453126765625 0.7093752156249999 0.4375 0.7093752156249999 0.4359373234375 0.7171873203125 0.4281253515625 0.7171873203125 0.4265626765625 0.71874985625 0.425 0.71874985625 0.4234373234375 0.7203123921875 0.4218753515625 0.7203123921875 0.4203126765625 0.721874928125 0.41875 0.721874928125 0.4171873234375 0.7234374640625 0.4156253515625 0.7234374640625 0.4140626765625 0.7265625359375 0.4109373234375 0.728125071875 0.4109373234375 0.7359377515625 0.4031253515625 0.7359377515625 0.4015626765625 0.7375002875 0.4 0.7375002875 0.3984373234375 0.7453123921875 0.3906253515625 0.7453123921875 0.3890626765625 0.746874928125 0.3875 0.746874928125 0.3859373234375 0.7484374640625 0.3843753515625 0.7484374640625 0.3828126765625 0.7515625359375 0.3796873234375 0.7515625359375 0.3781253515625 0.7546876078125 0.375 0.7546876078125 0.3718753515625 0.7609377515625 0.3656253515625 0.7609377515625 0.3640626765625 0.7625002875 0.3625 0.7625002875 0.3593753515625 0.7703123921875 0.3515626765625 0.7703123921875 0.35 0.7734374640625 0.3468753515625 0.7734374640625 0.3453126765625 0.78125014375 0.3375 0.78125014375 0.3359373234375 0.784375215625 0.3328126765625 0.784375215625 0.33125 0.7875002875 0.3281253515625 0.7875002875 0.3265626765625 0.7906247843750001 0.3234373234375 0.7906247843750001 0.3218753515625 0.7921873203125 0.3203126765625 0.7921873203125 0.31875 0.79374985625 0.3171873234375 0.79374985625 0.3156253515625 0.7953123921875 0.3140626765625 0.7953123921875 0.3125 0.796874928125 0.3109373234375 0.796874928125 0.30625 0.7984374640625 0.3046873234375 0.7984374640625 0.3 0.796874928125 0.2984373234375 0.796874928125 0.2953126765625 0.7953123921875 0.2953126765625 0.79374985625 0.29375 0.7890622484375001 0.29375 0.7890622484375001 0.2953126765625 0.7875002875 0.2968753515625 0.7875002875 0.3 0.7859377515625 0.3015626765625 0.7859377515625 0.3031253515625 0.784375215625 0.3046873234375 0.7828126796875 0.3046873234375 0.7796876078125 0.3078126765625
4 0.9375002875 0.1875 0.9390622484375 0.1859373234375 0.9390622484375 0.1796873234375 0.9375002875 0.1781253515625 0.9375002875 0.1578126765625 0.9359377515625 0.15625 0.9359377515625 0.1484373234375 0.934375215625 0.1468753515625 0.934375215625 0.1453126765625 0.90625014375 0.1453126765625 0.90625014375 0.1921873234375 0.9109377515625001 0.1921873234375 0.9125002875 0.19375 0.93125014375 0.19375 0.9328126796875 0.1921873234375 0.934375215625 0.1921873234375 0.9375002875 0.1890626765625 0.9375002875 0.1875
4 0.5359377515625 0.8156253515625 0.5359377515625 0.8578126765625 0.5640622484375 0.8578126765625 0.565624784375 0.85625 0.5703123921875 0.85625 0.571874928125 0.8578126765625 0.571874928125 0.8156253515625 0.5359377515625 0.8156253515625
1 0.48750028749999996 0.8015626765625001 0.48437521562499997 0.8046873234374999 0.47968760781249997 0.8046873234374999 0.478125071875 0.80625 0.471874928125 0.80625 0.4703123921875 0.8078126765625001 0.46874985625 0.8078126765625001 0.465624784375 0.8109373234374999 0.4640622484375 0.8109373234374999 0.4625002875 0.8125 0.4625002875 0.8406253515625 0.4640622484375 0.8421873234374999 0.4765625359375 0.8421873234374999 0.478125071875 0.8406253515625 0.47968760781249997 0.8406253515625 0.48281267968749997 0.8375 0.48437521562499997 0.8375 0.48593775156249996 0.8359373234374999 0.48750028749999996 0.8359373234374999 0.490624784375 0.8328126765625001 0.4921873203125 0.8328126765625001 0.4953123921875 0.8296873234375 0.5015625359375 0.8296873234375 0.503125071875 0.8281253515625 0.5046876078125 0.8281253515625 0.50625014375 0.8265626765625 0.5078126796875 0.8265626765625 0.509375215625 0.825 0.5109377515625 0.825 0.5125002875 0.8234373234374999 0.515624784375 0.8234373234374999 0.5171873203125 0.8218753515625 0.5203123921875 0.8218753515625 0.5234374640625 0.81875 0.525 0.81875 0.5265625359375 0.8171873234374999 0.5296876078125 0.8171873234374999 0.5328126796875 0.8140626765625001 0.534375215625 0.8140626765625001 0.534375215625 0.7906253515625 0.50625014375 0.7906253515625 0.5046876078125 0.7921873234375 0.5015625359375 0.7921873234375 0.4984374640625 0.7953126765625 0.496874928125 0.7953126765625 0.4921873203125 0.8 0.490624784375 0.8 0.4890622484375 0.8015626765625001 0.48750028749999996 0.8015626765625001
4 0.634375215625 0.7531253515625 0.634375215625 0.7156253515625 0.5953123921875 0.7156253515625 0.5953123921875 0.7609373234375 0.596874928125 0.7625 0.61874985625 0.7625 0.6203123921875 0.7609373234375 0.625 0.7609373234375 0.6265625359375 0.7593753515625 0.628125071875 0.7593753515625 0.634375215625 0.7531253515625
0 0.621874928125 0.0953126765625 0.61874985625 0.0984373234375 0.6171873203125 0.0984373234375 0.615624784375 0.1 0.6109377515625 0.1 0.609375215625 0.1015626765625 0.6078126796875 0.1015626765625 0.603125071875 0.10625 0.59374985625 0.10625 0.5921873203125 0.1078126765625 0.5890622484375 0.1078126765625 0.5875002874999999 0.1093753515625 0.5875002874999999 0.13125 0.5890622484375 0.1328126765625 0.5921873203125 0.1328126765625 0.59374985625 0.1343753515625 0.596874928125 0.1343753515625 0.6015625359375 0.1296873234375 0.6046876078125 0.1296873234375 0.60625014375 0.1281253515625 0.6078126796875 0.1281253515625 0.6109377515625 0.125 0.6125002875 0.125 0.6140622484375 0.1234373234375 0.6171873203125 0.1234373234375 0.61874985625 0.1218753515625 0.6203123921875 0.1218753515625 0.6234374640625 0.11875 0.625 0.11875 0.6265625359375 0.1171873234375 0.63125014375 0.1171873234375 0.6328126796875 0.1156253515625 0.634375215625 0.1156253515625 0.6375002875 0.1125 0.6390622484375 0.1125 0.640624784375 0.1109373234375 0.6453123921875 0.1109373234375 0.646874928125 0.1093753515625 0.6484374640625 0.1093753515625 0.6546876078125 0.1031253515625 0.6546876078125 0.0921873234375 0.653125071875 0.0906253515625 0.653125071875 0.0890626765625 0.65 0.0890626765625 0.6484374640625 0.0875 0.6421873203125 0.0875 0.640624784375 0.0890626765625 0.6390622484375 0.0890626765625 0.6359377515625 0.0921873234375 0.634375215625 0.0921873234375 0.6328126796875 0.09375 0.625 0.09375 0.6234374640625 0.0953126765625 0.621874928125 0.0953126765625
3 0.8140622484375 0.2890626765625 0.8140622484375 0.23125 0.8125002875 0.2296873234375 0.8125002875 0.225 0.76874985625 0.225 0.76874985625 0.2890626765625 0.8140622484375 0.2890626765625
5 0.18125014374999998 0.9609373234374999 0.17812507187499999 0.9609373234374999 0.1765625359375 0.9625 0.175 0.9625 0.1734374640625 0.9640626765625001 0.171874928125 0.9640626765625001 0.1703123921875 0.9656253515625 0.1671873203125 0.9656253515625 0.165624784375 0.9671873234374999 0.1640622484375 0.9671873234374999 0.1625002875 0.96875 0.1515625359375 0.96875 0.15 0.9703126765625001 0.13437521562500002 0.9703126765625001 0.13125014375 0.9671873234374999 0.13125014375 0.9656253515625 0.1296876078125 0.9640626765625001 0.1296876078125 0.9625 0.128125071875 0.9609373234374999 0.128125071875 0.9593753515625 0.1203123921875 0.9515626765625 0.1203123921875 0.9984373234374999 0.190624784375 0.9984373234374999 0.190624784375 0.9968753515625 0.19374985625000002 0.99375 0.1984374640625 0.99375 0.2 0.9921873234374999 0.2046876078125 0.9921873234374999 0.20625014375 0.9906253515625 0.2078126796875 0.9906253515625 0.209375215625 0.9890626765625001 0.2109377515625 0.9890626765625001 0.2125002875 0.9875 0.21562478437500002 0.9875 0.21718732031250002 0.9859373234375 0.2234374640625 0.9859373234375 0.225 0.9843753515625 0.234375215625 0.9843753515625 0.2359377515625 0.9828126765625 0.2375002875 0.9828126765625 0.2390622484375 0.98125 0.24374985625 0.98125 0.2453123921875 0.9796873234374999 0.25 0.9796873234374999 0.2515625359375 0.9781253515625 0.2546876078125 0.9781253515625 0.25625014375 0.9765626765625001 0.2578126796875 0.9765626765625001 0.259375215625 0.975 0.2609377515625 0.975 0.2609377515625 0.9578126765625001 0.25625014375 0.9531253515625 0.25625014375 0.9515626765625 0.25 0.9453126765625001 0.2484374640625 0.9453126765625001 0.246874928125 0.94375 0.19687492812500001 0.94375 0.19687492812500001 0.9468753515625 0.19531239218750002 0.9484373234374999 0.19531239218750002 0.95 0.1890622484375 0.95625 0.1875002875 0.95625 0.184375215625 0.9593753515625 0.18281267968749998 0.9593753515625 0.18125014374999998 0.9609373234374999
0 0.5984374640625 0.6484373234375 0.596874928125 0.6468753515625 0.596874928125 0.64375 0.5953123921875 0.6421873234375 0.5953123921875 0.6406253515625 0.59374985625 0.6390626765625 0.5765625359375 0.6390626765625 0.5765625359375 0.6656253515625 0.5890622484375 0.6656253515625 0.590624784375 0.6640626765625 0.5921873203125 0.6640626765625 0.59374985625 0.6625 0.5953123921875 0.6625 0.5984374640625 0.6593753515625 0.5984374640625 0.6484373234375
4 0.6109377515625 0.8796873234374999 0.6125002875 0.8781253515625 0.615624784375 0.8781253515625 0.6234374640625 0.8703126765625001 0.6234374640625 0.86875 0.625 0.8671873234374999 0.625 0.8328126765625001 0.5796876078125 0.8328126765625001 0.5796876078125 0.8843753515625 0.5828126796875 0.8843753515625 0.5843752156249999 0.8828126765625001 0.590624784375 0.8828126765625001 0.5921873203125 0.88125 0.6 0.88125 0.6015625359375 0.8796873234374999 0.6109377515625 0.8796873234374999