0 0 0.20937484843749998 0.0796875 0.20937484843749998 0.0796875 0.1734377265625 0 0.1734377265625 0 0.20937484843749998
0 0.1875 0.6031251515625 0.1875 0.5718748484375 0.1859375 0.570312575 0.09375 0.570312575 0.09375 0.6062503015625 0.1015625 0.6062503015625 0.103125 0.6046874250000001 0.1234375 0.6046874250000001 0.125 0.6062503015625 0.1859375 0.6062503015625 0.1859375 0.6046874250000001 0.1875 0.6031251515625
4 0.0046875 0.11718742499999998 0.003125 0.1187503015625 0.0015625 0.1187503015625 0.0015625 0.1718748484375 0.0359375 0.1718748484375 0.0390625 0.16875030156249998 0.040625 0.16875030156249998 0.040625 0.11718742499999998 0.0046875 0.11718742499999998
0 0.2453125 0.620312575 0.2453125 0.6562503015625001 0.3390625 0.6562503015625001 0.3390625 0.620312575 0.2453125 0.620312575
0 0.446875 0.6234377265625 0.4484375 0.6218748484375001 0.4484375 0.5875 0.35625 0.5875 0.35625 0.625 0.3984375 0.625 0.4 0.6234377265625 0.4046875 0.6234377265625 0.40625 0.625 0.4421875 0.625 0.44375 0.6234377265625 0.446875 0.6234377265625
1 0.15 0.7109377265625 0.1546875 0.7156251515625 0.15625 0.7156251515625 0.1640625 0.7234377265624999 0.165625 0.7234377265624999 0.171875 0.7296874250000001 0.1765625 0.7296874250000001 0.1828125 0.7359377265625 0.184375 0.7359377265625 0.1875 0.7390622734375001 0.1875 0.7406251515625 0.1890625 0.742187425 0.190625 0.742187425 0.196875 0.7484377265625 0.2 0.7484377265625 0.2015625 0.75 0.203125 0.75 0.2046875 0.7515622734375 0.21875 0.7515622734375 0.21875 0.742187425 0.2140625 0.7375 0.2125 0.7375 0.209375 0.7343748484375 0.209375 0.732812575 0.2078125 0.732812575 0.2046875 0.7296874250000001 0.203125 0.7296874250000001 0.1984375 0.725 0.1953125 0.725 0.1921875 0.7218748484375 0.1921875 0.720312575 0.190625 0.7187503015625001 0.1890625 0.7187503015625001 0.1828125 0.7125 0.1796875 0.7125 0.178125 0.7109377265625 0.1765625 0.7109377265625 0.171875 0.7062503015625 0.1703125 0.7062503015625 0.1671875 0.7031251515625 0.1671875 0.7015622734375 0.165625 0.7 0.1625 0.7 0.1578125 0.695312575 0.15625 0.695312575 0.1546875 0.6937503015625001 0.1515625 0.6937503015625001 0.1453125 0.6875 0.14375 0.6875 0.1390625 0.682812575 0.13125 0.682812575 0.13125 0.6937503015625001 0.1328125 0.6937503015625001 0.1390625 0.7 0.1390625 0.7015622734375 0.14375 0.7062503015625 0.14375 0.7078125749999999 0.146875 0.7109377265625 0.15 0.7109377265625
5 0.7125 0.5828125749999999 0.7125 0.6609377265624999 0.821875 0.6609377265624999 0.821875 0.5828125749999999 0.7125 0.5828125749999999
0 0.8125 0.49843772656249996 0.7203125 0.49843772656249996 0.7203125 0.5359377265624999 0.8109375 0.5359377265624999 0.8125 0.5343748484375 0.8125 0.5187503015625 0.8109375 0.517187425 0.8109375 0.5062503015625001 0.8125 0.504687425 0.8125 0.49843772656249996
0 0.2625 0.825 0.271875 0.825 0.2734375 0.8234377265624999 0.2734375 0.8140622734375 0.275 0.8125 0.275 0.804687425 0.2625 0.804687425 0.2625 0.825
0 0.615625 0.6140622734375001 0.615625 0.6359377265624999 0.671875 0.6359377265624999 0.671875 0.6140622734375001 0.615625 0.6140622734375001
1 0.0890625 0.6656251515625 0.090625 0.6656251515625 0.0921875 0.6671874250000001 0.09375 0.6671874250000001 0.1 0.6734377265625 0.1015625 0.6734377265625 0.1078125 0.679687425 0.109375 0.679687425 0.1125 0.682812575 0.1125 0.6843748484375001 0.1140625 0.6859377265625 0.115625 0.6859377265625 0.1171875 0.6875 0.11875 0.6875 0.121875 0.6906251515624999 0.1234375 0.6906251515624999 0.125 0.692187425 0.1265625 0.692187425 0.128125 0.6937503015625001 0.140625 0.6937503015625001 0.140625 0.6859377265625 0.1390625 0.6843748484375001 0.1390625 0.682812575 0.1359375 0.679687425 0.1359375 0.6781251515625 0.1328125 0.675 0.13125 0.675 0.1265625 0.670312575 0.125 0.670312575 0.1234375 0.6687503015625 0.1203125 0.6687503015625 0.1171875 0.6656251515625 0.1171875 0.6640622734375 0.115625 0.6625 0.1140625 0.6625 0.1078125 0.6562503015625001 0.10625 0.6562503015625001 0.1046875 0.654687425 0.103125 0.654687425 0.096875 0.6484377265625 0.0953125 0.6484377265625 0.09375 0.6468748484375 0.09375 0.6453125749999999 0.0875 0.6390622734375 0.0859375 0.6390622734375 0.084375 0.6375 0.0828125 0.6375 0.0765625 0.6312503015625001 0.075 0.6312503015625001 0.0734375 0.629687425 0.071875 0.629687425 0.06875 0.6265622734375 0.0578125 0.6265622734375 0.0578125 0.6359377265624999 0.0640625 0.642187425 0.065625 0.642187425 0.08125 0.657812575 0.08125 0.6593748484375 0.0828125 0.6609377265624999 0.084375 0.6609377265624999 0.0890625 0.6656251515625
0 0.084375 0.067187425 0.084375 0.09062515156249999 0.096875 0.09062515156249999 0.096875 0.067187425 0.084375 0.067187425
0 0.5046875 0.4375 0.5046875 0.45937484843750004 0.515625 0.45937484843750004 0.515625 0.4375 0.5046875 0.4375
4 0.4625 0.5718748484375 0.4625 0.6062503015625 0.4640625 0.607812575 0.4859375 0.607812575 0.4875 0.6062503015625 0.490625 0.6062503015625 0.4921875 0.6046874250000001 0.4921875 0.5718748484375 0.4625 0.5718748484375
1 0.2234375 0.7687503015625 0.2234375 0.7703125749999999 0.2265625 0.7734377265625 0.228125 0.7734377265625 0.23125 0.7765622734375001 0.23125 0.7781251515625 0.2328125 0.779687425 0.234375 0.779687425 0.2453125 0.7906251515625 0.2453125 0.7921874250000001 0.2484375 0.795312575 0.259375 0.795312575 0.2609375 0.7937503015625 0.2625 0.7937503015625 0.2640625 0.7921874250000001 0.265625 0.7921874250000001 0.26875 0.7890622734375 0.26875 0.7781251515625 0.265625 0.775 0.2625 0.775 0.2515625 0.7640622734375 0.25 0.7640622734375 0.246875 0.7609377265624999 0.2453125 0.7609377265624999 0.240625 0.7562503015625001 0.2390625 0.7562503015625001 0.234375 0.7515622734375 0.2328125 0.7515622734375 0.23125 0.75 0.228125 0.75 0.221875 0.7437503015625 0.21875 0.7437503015625 0.215625 0.7406251515625 0.20625 0.7406251515625 0.20625 0.7531251515624999 0.2140625 0.7609377265624999 0.215625 0.7609377265624999 0.21875 0.7640622734375 0.21875 0.7656251515625 0.2203125 0.767187425 0.221875 0.767187425 0.2234375 0.7687503015625
0 0.0875 0.129687425 0.0875 0.1109377265625 0.075 0.1109377265625 0.075 0.1312503015625 0.0859375 0.1312503015625 0.0875 0.129687425
1 0.475 0.6406251515625 0.471875 0.6437503015625 0.46875 0.6437503015625 0.4671875 0.6453125749999999 0.465625 0.6453125749999999 0.4609375 0.65 0.459375 0.65 0.453125 0.6562503015625001 0.4515625 0.6562503015625001 0.4453125 0.6625 0.44375 0.6625 0.4421875 0.6640622734375 0.440625 0.6640622734375 0.4296875 0.675 0.428125 0.675 0.4203125 0.682812575 0.41875 0.682812575 0.41875 0.6843748484375001 0.415625 0.6875 0.4140625 0.6875 0.4125 0.6890622734375 0.4125 0.6906251515624999 0.409375 0.6937503015625001 0.4078125 0.6937503015625001 0.40625 0.695312575 0.40625 0.6968748484375 0.4046875 0.6984377265624999 0.403125 0.6984377265624999 0.4015625 0.7 0.4 0.7 0.3953125 0.704687425 0.39375 0.704687425 0.3921875 0.7062503015625 0.390625 0.7062503015625 0.3890625 0.7078125749999999 0.3890625 0.725 0.39375 0.725 0.3953125 0.7234377265624999 0.4 0.7234377265624999 0.4015625 0.7218748484375 0.403125 0.7218748484375 0.40625 0.7187503015625001 0.4078125 0.7187503015625001 0.4140625 0.7125 0.415625 0.7125 0.421875 0.7062503015625 0.4234375 0.7062503015625 0.4265625 0.7031251515625 0.428125 0.7031251515625 0.428125 0.7015622734375 0.4296875 0.7 0.4296875 0.6984377265624999 0.43125 0.6968748484375 0.43125 0.695312575 0.434375 0.692187425 0.4359375 0.692187425 0.4421875 0.6859377265625 0.44375 0.6859377265625 0.45 0.679687425 0.4515625 0.679687425 0.4578125 0.6734377265625 0.459375 0.6734377265625 0.4609375 0.6718748484375 0.4609375 0.670312575 0.4625 0.6687503015625 0.4640625 0.6687503015625 0.4703125 0.6625 0.471875 0.6625 0.4734375 0.6609377265624999 0.475 0.6609377265624999 0.4765625 0.6593748484375 0.478125 0.6593748484375 0.4828125 0.654687425 0.484375 0.654687425 0.4859375 0.6531251515625 0.4859375 0.6515622734375001 0.4890625 0.6484377265625 0.4921875 0.6484377265625 0.496875 0.6437503015625 0.4984375 0.6437503015625 0.5 0.642187425 0.5015625 0.642187425 0.503125 0.6406251515625 0.5046875 0.6406251515625 0.5078125 0.6375 0.5078125 0.6281251515624999 0.490625 0.6281251515624999 0.4875 0.6312503015625001 0.4859375 0.6312503015625001 0.484375 0.632812575 0.4828125 0.632812575 0.478125 0.6375 0.4765625 0.6375 0.475 0.6390622734375 0.475 0.6406251515625
5 0.046875 0.2218748484375 0.046875 0.207812575 0.0015625 0.207812575 0.0015625 0.2234377265625 0.0453125 0.2234377265625 0.046875 0.2218748484375
1 0.0234375 0.6156251515625 0.025 0.6156251515625 0.0265625 0.617187425 0.028125 0.617187425 0.03125 0.620312575 0.03125 0.6218748484375001 0.0328125 0.6234377265625 0.034375 0.6234377265625 0.0359375 0.625 0.0375 0.625 0.040625 0.6281251515624999 0.0421875 0.6281251515624999 0.04375 0.629687425 0.046875 0.629687425 0.0484375 0.6312503015625001 0.0515625 0.6312503015625001 0.053125 0.632812575 0.0546875 0.632812575 0.05625 0.6343748484375 0.059375 0.6343748484375 0.0609375 0.6359377265624999 0.0640625 0.6359377265624999 0.0640625 0.625 0.0609375 0.6218748484375001 0.0609375 0.620312575 0.059375 0.620312575 0.0515625 0.6125 0.05 0.6125 0.0484375 0.6109377265625 0.046875 0.6109377265625 0.0421875 0.6062503015625 0.0390625 0.6062503015625 0.0359375 0.6031251515625 0.0359375 0.6015622734375 0.034375 0.6 0.0328125 0.6 0.0265625 0.5937503015625001 0.0234375 0.5937503015625001 0.021875 0.592187425 0.0203125 0.592187425 0.015625 0.5875 0.0140625 0.5875 0.0078125 0.5812503015625 0.0046875 0.5812503015625 0.003125 0.579687425 0.0015625 0.579687425 0.0015625 0.6 0.003125 0.6015622734375 0.0046875 0.6015622734375 0.0078125 0.6046874250000001 0.009375 0.6046874250000001 0.015625 0.6109377265625 0.01875 0.6109377265625 0.0234375 0.6156251515625
3 0.5421875 0.4687503015625 0.515625 0.4687503015625 0.515625 0.517187425 0.5390625 0.517187425 0.5453125 0.5109377265624999 0.5453125 0.4765622734375 0.54375 0.475 0.54375 0.47343772656249994 0.5421875 0.47187484843750005 0.5421875 0.4687503015625
1 0.55625 0.467187425 0.5578125 0.467187425 0.5640625 0.47343772656249994 0.565625 0.47343772656249994 0.56875 0.4765622734375 0.56875 0.47812515156249996 0.5703125 0.479687425 0.571875 0.479687425 0.5734375 0.48125030156250004 0.575 0.48125030156250004 0.5765625 0.48281257499999997 0.5765625 0.4843748484375 0.578125 0.4843748484375 0.5828125 0.48906227343750003 0.5828125 0.4906251515625 0.584375 0.4906251515625 0.5859375 0.492187425 0.5875 0.492187425 0.5890625 0.49375030156250005 0.590625 0.49375030156250005 0.5921875 0.495312575 0.59375 0.495312575 0.6015625 0.5031251515624999 0.603125 0.5031251515624999 0.6046875 0.504687425 0.60625 0.504687425 0.6078125 0.5062503015625001 0.609375 0.5062503015625001 0.6109375 0.507812575 0.6109375 0.5093748484375 0.6171875 0.5156251515625 0.61875 0.5156251515625 0.6203125 0.517187425 0.6234375 0.517187425 0.625 0.5187503015625 0.6265625 0.5187503015625 0.6296875 0.5218748484375 0.63125 0.5218748484375 0.6390625 0.529687425 0.640625 0.529687425 0.6515625 0.5406251515625 0.653125 0.5406251515625 0.6546875 0.5421874250000001 0.6578125 0.5421874250000001 0.6640625 0.5484377265625 0.6640625 0.55 0.665625 0.55 0.66875 0.5531251515625 0.66875 0.554687425 0.6703125 0.554687425 0.675 0.5593748484375001 0.675 0.5609377265625 0.6765625 0.5625 0.6765625 0.5640622734375 0.68125 0.5687503015625001 0.6859375 0.5687503015625001 0.6875 0.567187425 0.6890625 0.567187425 0.690625 0.5656251515624999 0.690625 0.5640622734375 0.6921875 0.5625 0.6921875 0.55 0.6875 0.545312575 0.6859375 0.545312575 0.684375 0.5437503015625 0.6828125 0.5437503015625 0.678125 0.5390622734375 0.6765625 0.5390622734375 0.675 0.5375 0.6734375 0.5375 0.665625 0.529687425 0.6640625 0.529687425 0.6625 0.5281251515625 0.6625 0.5265622734375001 0.6609375 0.525 0.6609375 0.5218748484375 0.65625 0.517187425 0.65625 0.5156251515625 0.653125 0.5125 0.6515625 0.5125 0.6484375 0.5093748484375 0.646875 0.5093748484375 0.64375 0.5062503015625001 0.6421875 0.5062503015625001 0.6390625 0.5031251515624999 0.6375 0.5031251515624999 0.6359375 0.5015622734375 0.634375 0.5015622734375 0.6328125 0.5 0.63125 0.5 0.6296875 0.49843772656249996 0.628125 0.49843772656249996 0.6234375 0.49375030156250005 0.6234375 0.492187425 0.61875 0.4875 0.6171875 0.4875 0.615625 0.48593772656249995 0.6140625 0.48593772656249995 0.6109375 0.48281257499999997 0.6109375 0.48125030156250004 0.609375 0.48125030156250004 0.603125 0.475 0.6015625 0.475 0.6 0.47343772656249994 0.5984375 0.47343772656249994 0.5953125 0.470312575 0.5890625 0.470312575 0.5875 0.4687503015625 0.584375 0.4687503015625 0.578125 0.4625 0.5765625 0.4625 0.5703125 0.4562503015625 0.56875 0.4562503015625 0.5671875 0.45468742500000003 0.565625 0.45468742500000003 0.5546875 0.44375030156250006 0.5546875 0.442187425 0.55 0.4375 0.5390625 0.4375 0.5375 0.43593772656249996 0.5359375 0.43593772656249996 0.534375 0.4343748484375 0.5328125 0.4343748484375 0.53125 0.432812575 0.53125 0.43125030156250005 0.5296875 0.429687425 0.528125 0.429687425 0.528125 0.45 0.5296875 0.44843772656249997 0.534375 0.44843772656249997 0.546875 0.4609377265625 0.5484375 0.4609377265625 0.55 0.4625 0.5515625 0.4625 0.55625 0.467187425
1 0.01875 0.629687425 0.0203125 0.629687425 0.021875 0.6312503015625001 0.0234375 0.6312503015625001 0.028125 0.6359377265624999 0.0296875 0.6359377265624999 0.0328125 0.6390622734375 0.0328125 0.6406251515625 0.034375 0.6406251515625 0.04375 0.65 0.04375 0.6531251515625 0.0484375 0.657812575 0.0484375 0.6593748484375 0.05 0.6609377265624999 0.0515625 0.6609377265624999 0.0578125 0.6671874250000001 0.0609375 0.6671874250000001 0.0625 0.6687503015625 0.071875 0.6687503015625 0.0765625 0.6734377265625 0.078125 0.6734377265625 0.08125 0.6765622734375001 0.08125 0.6781251515625 0.0828125 0.679687425 0.0828125 0.6812503015625 0.0890625 0.6875 0.090625 0.6875 0.0953125 0.692187425 0.096875 0.692187425 0.0984375 0.6937503015625001 0.1 0.6937503015625001 0.103125 0.6968748484375 0.1046875 0.6968748484375 0.10625 0.6984377265624999 0.1078125 0.6984377265624999 0.1140625 0.704687425 0.115625 0.704687425 0.11875 0.7078125749999999 0.11875 0.7093748484375 0.1203125 0.7109377265625 0.121875 0.7109377265625 0.128125 0.717187425 0.1296875 0.717187425 0.1328125 0.720312575 0.1328125 0.7218748484375 0.134375 0.7218748484375 0.1375 0.725 0.1390625 0.725 0.14375 0.7296874250000001 0.1453125 0.7296874250000001 0.1515625 0.7359377265625 0.153125 0.7359377265625 0.1578125 0.7406251515625 0.159375 0.7406251515625 0.1625 0.7437503015625 0.1640625 0.7437503015625 0.1703125 0.75 0.171875 0.75 0.1765625 0.754687425 0.178125 0.754687425 0.1828125 0.7593748484375 0.184375 0.7593748484375 0.1859375 0.7609377265624999 0.1875 0.7609377265624999 0.19375 0.767187425 0.1953125 0.767187425 0.2140625 0.7859377265624999 0.215625 0.7859377265624999 0.2203125 0.7906251515625 0.221875 0.7906251515625 0.2234375 0.7921874250000001 0.2265625 0.7921874250000001 0.228125 0.7937503015625 0.2296875 0.7937503015625 0.234375 0.7984377265625 0.2359375 0.7984377265625 0.2375 0.8 0.253125 0.8 0.25625 0.7968748484375 0.25625 0.7937503015625 0.2546875 0.7921874250000001 0.2546875 0.7906251515625 0.2515625 0.7875 0.2453125 0.7875 0.2421875 0.7843748484375 0.2421875 0.782812575 0.240625 0.7812503015625001 0.2390625 0.7812503015625001 0.2375 0.779687425 0.2359375 0.779687425 0.234375 0.7781251515625 0.234375 0.7765622734375001 0.2328125 0.7765622734375001 0.2296875 0.7734377265625 0.228125 0.7734377265625 0.2234375 0.7687503015625 0.221875 0.7687503015625 0.2140625 0.7609377265624999 0.2125 0.7609377265624999 0.2109375 0.7593748484375 0.2109375 0.757812575 0.209375 0.7562503015625001 0.2078125 0.7562503015625001 0.203125 0.7515622734375 0.2015625 0.7515622734375 0.2 0.75 0.196875 0.75 0.190625 0.7437503015625 0.1890625 0.7437503015625 0.1859375 0.7406251515625 0.1859375 0.7390622734375001 0.184375 0.7375 0.1828125 0.7375 0.1765625 0.7312503015625 0.1703125 0.7312503015625 0.1671875 0.7281251515625 0.1671875 0.7265622734375 0.165625 0.725 0.1640625 0.725 0.159375 0.720312575 0.1578125 0.720312575 0.15625 0.7187503015625001 0.153125 0.7187503015625001 0.146875 0.7125 0.1453125 0.7125 0.1421875 0.7093748484375 0.1421875 0.7078125749999999 0.140625 0.7062503015625 0.1390625 0.7062503015625 0.1359375 0.7031251515625 0.1359375 0.7015622734375 0.128125 0.6937503015625001 0.125 0.6937503015625001 0.1234375 0.692187425 0.121875 0.692187425 0.11875 0.6890622734375 0.1171875 0.6890622734375 0.115625 0.6875 0.1140625 0.6875 0.1109375 0.6843748484375001 0.1109375 0.682812575 0.109375 0.682812575 0.1015625 0.675 0.1 0.675 0.0953125 0.670312575 0.09375 0.670312575 0.0921875 0.6687503015625 0.090625 0.6687503015625 0.084375 0.6625 0.0828125 0.6625 0.0796875 0.6593748484375 0.0796875 0.657812575 0.0671875 0.6453125749999999 0.0671875 0.6437503015625 0.065625 0.642187425 0.065625 0.6406251515625 0.0609375 0.6359377265624999 0.059375 0.6359377265624999 0.0578125 0.6343748484375 0.053125 0.6343748484375 0.0515625 0.632812575 0.0484375 0.632812575 0.046875 0.6312503015625001 0.0421875 0.6312503015625001 0.040625 0.629687425 0.0390625 0.629687425 0.034375 0.625 0.0328125 0.625 0.0296875 0.6218748484375001 0.0296875 0.620312575 0.028125 0.6187503015625 0.0265625 0.6187503015625 0.0203125 0.6125 0.01875 0.6125 0.015625 0.6093748484375 0.0140625 0.6093748484375 0.0109375 0.6062503015625 0.0078125 0.6062503015625 0.003125 0.6015622734375 0.0015625 0.6015622734375 0.0015625 0.620312575 0.003125 0.6218748484375001 0.00625 0.6218748484375001 0.0078125 0.6234377265625 0.0109375 0.6234377265625 0.0140625 0.6265622734375 0.015625 0.6265622734375 0.01875 0.629687425
4 0.509375 0.48281257499999997 0.475 0.48281257499999997 0.475 0.5187503015625 0.4796875 0.5187503015625 0.48125 0.517187425 0.5046875 0.517187425 0.50625 0.5156251515625 0.5078125 0.5156251515625 0.509375 0.5140622734375 0.509375 0.48281257499999997
5 0.246875 0.6562503015625001 0.246875 0.670312575 0.3046875 0.670312575 0.3046875 0.6562503015625001 0.246875 0.6562503015625001
0 0.496875 0.5156251515625 0.496875 0.5343748484375 0.509375 0.5343748484375 0.509375 0.5156251515625 0.496875 0.5156251515625
3 0.0484375 0.032812575 0.0484375 0.09843772656250001 0.08125 0.09843772656250001 0.08125 0.032812575 0.0484375 0.032812575
3 0.2796875 0.779687425 0.3078125 0.779687425 0.309375 0.7781251515625 0.309375 0.75 0.2546875 0.75 0.2546875 0.7765622734375001 0.25625 0.7781251515625 0.2578125 0.7781251515625 0.259375 0.779687425 0.2609375 0.779687425 0.2625 0.7812503015625001 0.278125 0.7812503015625001 0.2796875 0.779687425
1 0.0109375 0.070312575 0.009375 0.070312575 0.0046875 0.075 0.003125 0.075 0.0015625 0.0765622734375 0.0015625 0.10156227343749999 0.003125 0.10156227343749999 0.009375 0.095312575 0.009375 0.0937503015625 0.0109375 0.092187425 0.0109375 0.09062515156249999 0.0171875 0.08437484843750001 0.0171875 0.082812575 0.0203125 0.079687425 0.021875 0.079687425 0.0265625 0.075 0.028125 0.075 0.0296875 0.0734377265625 0.0328125 0.0734377265625 0.0390625 0.067187425 0.040625 0.067187425 0.0421875 0.0656251515625 0.0421875 0.0640622734375 0.04375 0.0625 0.0453125 0.0625 0.05 0.057812575 0.05 0.045312575 0.0375 0.045312575 0.0375 0.0484377265625 0.0296875 0.05625030156250001 0.028125 0.05625030156250001 0.021875 0.0625 0.0203125 0.0625 0.0140625 0.0687503015625 0.0125 0.0687503015625 0.0109375 0.070312575
0 0.41875 0.525 0.41875 0.5187503015625 0.40625 0.5187503015625 0.40625 0.5390622734375 0.4171875 0.5390622734375 0.4171875 0.5359377265624999 0.41875 0.5343748484375 0.41875 0.529687425 0.4171875 0.5281251515625 0.4171875 0.5265622734375001 0.41875 0.525
4 0.5859375 0.575 0.6078125 0.575 0.609375 0.5734377265624999 0.6109375 0.5734377265624999 0.6125 0.5718748484375 0.6125 0.5375 0.5859375 0.5375 0.5859375 0.575
3 0.5296875 0.557812575 0.4921875 0.557812575 0.4921875 0.6234377265625 0.51875 0.6234377265625 0.5203125 0.6218748484375001 0.521875 0.6218748484375001 0.5265625 0.617187425 0.528125 0.617187425 0.5296875 0.6156251515625 0.5296875 0.557812575
1 0.51875 0.6234377265625 0.5171875 0.625 0.5109375 0.625 0.5109375 0.642187425 0.51875 0.642187425 0.5203125 0.6406251515625 0.521875 0.6406251515625 0.5265625 0.6359377265624999 0.5328125 0.6359377265624999 0.5390625 0.629687425 0.540625 0.629687425 0.5421875 0.6281251515624999 0.5421875 0.6265622734375 0.5484375 0.620312575 0.5484375 0.6125 0.546875 0.6109377265625 0.546875 0.6093748484375 0.5390625 0.6093748484375 0.5359375 0.6125 0.5328125 0.6125 0.53125 0.6140622734375001 0.53125 0.6156251515625 0.528125 0.6187503015625 0.525 0.6187503015625 0.5203125 0.6234377265625 0.51875 0.6234377265625
5 0.153125 0.620312575 0.153125 0.6062503015625 0.09375 0.6062503015625 0.09375 0.6187503015625 0.0953125 0.620312575 0.153125 0.620312575
0 0.5953125 0.45156227343750005 0.5953125 0.467187425 0.615625 0.467187425 0.615625 0.45156227343750005 0.5953125 0.45156227343750005
5 0.671875 0.6484377265625 0.6703125 0.6468748484375 0.54375 0.6468748484375 0.5421875 0.6484377265625 0.5421875 0.6734377265625 0.675 0.6734377265625 0.675 0.6593748484375 0.6734375 0.657812575 0.6734375 0.6531251515625 0.671875 0.6515622734375001 0.671875 0.6484377265625
3 0.7015625 0.5828125749999999 0.7 0.5812503015625 0.7 0.5765622734375 0.671875 0.5765622734375 0.671875 0.617187425 0.7015625 0.617187425 0.7046875 0.6140622734375001 0.7046875 0.595312575 0.703125 0.5937503015625001 0.703125 0.5890622734375001 0.7015625 0.5875 0.7015625 0.5828125749999999
5 0.409375 0.5390622734375 0.409375 0.5531251515625 0.465625 0.5531251515625 0.465625 0.5390622734375 0.409375 0.5390622734375
5 0.7796875 0.5468748484375 0.7796875 0.5343748484375 0.703125 0.5343748484375 0.703125 0.5484377265625 0.778125 0.5484377265625 0.7796875 0.5468748484375
5 0.4078125 0.6375 0.409375 0.6359377265624999 0.415625 0.6359377265624999 0.415625 0.625 0.3578125 0.625 0.3578125 0.6375 0.4078125 0.6375
1 0.378125 0.725 0.365625 0.7375 0.3640625 0.7375 0.35625 0.745312575 0.3546875 0.745312575 0.3546875 0.7468748484375001 0.353125 0.7484377265625 0.3515625 0.7484377265625 0.3484375 0.7515622734375 0.346875 0.7515622734375 0.3421875 0.7562503015625001 0.340625 0.7562503015625001 0.3390625 0.757812575 0.3375 0.757812575 0.3375 0.7593748484375 0.334375 0.7625 0.3328125 0.7625 0.33125 0.7640622734375 0.3296875 0.7640622734375 0.3296875 0.7656251515625 0.328125 0.767187425 0.3265625 0.767187425 0.325 0.7687503015625 0.321875 0.7687503015625 0.315625 0.775 0.3140625 0.775 0.309375 0.779687425 0.30625 0.779687425 0.3046875 0.7812503015625001 0.303125 0.7812503015625001 0.303125 0.8 0.315625 0.8 0.3171875 0.7984377265625 0.31875 0.7984377265625 0.3203125 0.7968748484375 0.321875 0.7968748484375 0.328125 0.7906251515625 0.3296875 0.7906251515625 0.3296875 0.7890622734375 0.33125 0.7875 0.3328125 0.7875 0.340625 0.779687425 0.3421875 0.779687425 0.346875 0.775 0.3484375 0.775 0.3515625 0.7718748484375 0.353125 0.7718748484375 0.3578125 0.767187425 0.359375 0.767187425 0.3609375 0.7656251515625 0.3609375 0.7640622734375 0.3640625 0.7609377265624999 0.365625 0.7609377265624999 0.3671875 0.7593748484375 0.36875 0.7593748484375 0.3734375 0.754687425 0.375 0.754687425 0.3765625 0.7531251515624999 0.378125 0.7531251515624999 0.3828125 0.7484377265625 0.384375 0.7484377265625 0.390625 0.742187425 0.3921875 0.742187425 0.3953125 0.7390622734375001 0.396875 0.7390622734375001 0.3984375 0.7375 0.4 0.7375 0.4015625 0.7359377265625 0.40625 0.7359377265625 0.4078125 0.7343748484375 0.4078125 0.7125 0.390625 0.7125 0.3890625 0.7140622734375001 0.3875 0.7140622734375001 0.3859375 0.7156251515625 0.384375 0.7156251515625 0.38125 0.7187503015625001 0.38125 0.720312575 0.378125 0.7234377265624999 0.378125 0.725
0 0.0046875 0.3625 0.00625 0.3609377265625 0.0078125 0.3609377265625 0.0078125 0.320312575 0.0015625 0.320312575 0.0015625 0.3625 0.0046875 0.3625
0 0.6953125 0.532812575 0.6953125 0.5484377265625 0.7140625 0.5484377265625 0.7140625 0.532812575 0.6953125 0.532812575
3 0.6484375 0.5734377265624999 0.6484375 0.5437503015625 0.628125 0.5437503015625 0.628125 0.575 0.646875 0.575 0.6484375 0.5734377265624999