0 0.39482600625000003 0.44373182968749997 0.39884067343749996 0.46363906093749996 0.41424170781249997 0.460105384375 0.41022704218749995 0.440198153125 0.39482600625000003 0.44373182968749997
4 0.4464260109375 0.755530225 0.43870567187500004 0.7172479375 0.3986626375 0.7264355765625 0.40607426406249997 0.7631870703125 0.4076144265625 0.7628336874999999 0.40946273125 0.7640112328125 0.4464260109375 0.755530225
0 0.4801940078125 0.5154684375 0.4108884953125 0.53137018125 0.414903021875 0.5512767249999999 0.41675203749999995 0.552454828125 0.48451738750000006 0.5369064640625 0.4801940078125 0.5154684375
0 0.1640563140625 0.378119740625 0.165905328125 0.37929784375 0.2074885203125 0.36975682499999996 0.2087198296875 0.367871959375 0.2287413453125 0.3632781390625 0.230590359375 0.3644562421875 0.23213051875000001 0.3641028625 0.2278071390625 0.3426648359375 0.1600417875 0.35821319687500003 0.1603505 0.35974399375 0.15911919218749998 0.361628859375 0.162516153125 0.37847312187500004 0.1640563140625 0.378119740625
0 0.1470713703125 0.2938977375 0.1510860375 0.3138049703125 0.21885138906249998 0.2982566078125 0.21483672031249998 0.2783493765625 0.1470713703125 0.2938977375
0 0.42104355781249997 0.5098141375 0.42289243125000003 0.5109915515625 0.47371658749999995 0.49933024687499994 0.4693932078125 0.4778922203125 0.417028890625 0.48990690781249996 0.4176464578125 0.49296918593749994 0.41641515 0.4948540515625 0.419503396875 0.5101675171875 0.42104355781249997 0.5098141375
0 0.7655132078125 0.6278441640625 0.7723071296875 0.6615326875 0.87241528125 0.638563459375 0.865621359375 0.6048749359375 0.7655132078125 0.6278441640625
5 0.9214494578125001 0.7458736984375001 0.991304365625 0.7298458984375 0.9922763937499999 0.646310103125 0.9053909328125 0.6662454624999999 0.9214494578125001 0.7458736984375001
0 0.537218021875 0.5824926859375 0.5418502546874999 0.605462196875 0.6142360874999999 0.5888536921874999 0.6096038546875 0.5658841812500001 0.537218021875 0.5824926859375
5 0.4425221296875 0.3366581125 0.458271803125 0.41475486562499997 0.706231940625 0.357861865625 0.6904822671875 0.27976511249999997 0.4425221296875 0.3366581125
1 0.568068375 0.6715443750000001 0.5699173859375 0.6727224781250001 0.5729971390624999 0.6720158484375001 0.5748461515625001 0.6731939515625001 0.5763863109375 0.6728405703125 0.5800842 0.6751960890625 0.580393053125 0.6767275734375 0.584090940625 0.6790830921875 0.5856310984374999 0.6787297109375 0.5985740500000001 0.68697575 0.6001136421875 0.6866224984375 0.6019625171875 0.6877999140625 0.603502678125 0.68744653125 0.610898590625 0.6921582578125001 0.6124387515625 0.691804875 0.6179857890625 0.6953391890625 0.61952595 0.6949858078125 0.621374821875 0.696163221875 0.62445514375 0.695456459375 0.6318504890625001 0.700168315625 0.6333906484375 0.6998149359375 0.6407865609375001 0.7045266609375 0.6423267234375001 0.70417328125 0.6441757359375 0.705351384375 0.6444845875 0.7068828703125 0.6463336 0.708060971875 0.6478737625 0.7077075921875 0.649722634375 0.70888500625 0.6543431156249999 0.7078248640625 0.6598895859375 0.7113593078125 0.6601983 0.7128901015625 0.6617384609375 0.7125367203125 0.6691343734374999 0.717248446875 0.670674534375 0.7168950656249999 0.6725235453125 0.7180731703125 0.67406370625 0.7177197890625 0.67591271875 0.71889789375 0.6774528796875 0.7185445125000001 0.67930189375 0.7197226171875 0.6823822140625 0.71901585625 0.68423051875 0.7201933984375 0.688851 0.71913325625 0.703642825 0.7285567078125 0.7051829859375001 0.7282033265625001 0.7070319984375 0.72938143125 0.708572159375 0.7290280499999999 0.72706144375 0.7408078406249999 0.728601603125 0.740454459375 0.7322994890625 0.742809978125 0.7338396515625 0.7424565984375 0.7393865484375 0.7459902203125 0.742466303125 0.7452835875 0.7443153140625001 0.7464616921875 0.745855475 0.7461083109375 0.7495535015625 0.7484645203125 0.7510936609375001 0.7481111390625 0.7529425359374999 0.749288553125 0.754482696875 0.748935171875 0.7600297359375 0.7524694843749999 0.761569896875 0.752116103125 0.7652677828125001 0.7544716218749999 0.7668079421875 0.754118240625 0.7705054015624999 0.7564745796875 0.772045559375 0.7561211984375 0.7738944359375 0.7572986125 0.7754345953125 0.75694523125 0.7791326203125 0.7593014390625 0.7806727828125 0.758948059375 0.78437066875 0.7613035765625 0.7859108296875 0.7609501953125 0.7914578671875 0.7644845078125 0.792998028125 0.7641311281250001 0.796695346875 0.766486775 0.7982355078125 0.76613339375 0.80008451875 0.767311496875 0.800393371875 0.7688429828125 0.8019335328125001 0.768489603125 0.8093294453125001 0.7732013265625 0.8108696046875 0.772847946875 0.8127184796875 0.7740253609375001 0.8157988015625 0.7733186 0.821345840625 0.7768529109375 0.8228859999999999 0.7764995296875 0.8247343046875001 0.7776770749999999 0.8262744640624999 0.7773236953125 0.8281234796874999 0.7785017984375 0.829663640625 0.7781484171875 0.8352105390625001 0.7816820390625 0.838290859375 0.780975278125 0.8419888859375 0.7833314875 0.8435290453125001 0.7829781062500001 0.84722693125 0.7853336234375 0.8487670921875001 0.78498024375 0.8506161062500001 0.786158346875 0.8521556984374999 0.785805096875 0.8540047109375 0.7869832 0.8555448718750001 0.7866298203125 0.8592427578124999 0.7889853375 0.8607829171875 0.7886319562499999 0.87557474375 0.7980554078125001 0.877114903125 0.797702028125 0.882661375 0.8012364703125 0.8842015359375001 0.8008830890624999 0.8860504078125 0.802060503125 0.8906708906249999 0.8010003609374999 0.8925199015624999 0.8021784640625 0.8885052359375001 0.782271234375 0.8869650765625 0.782624615625 0.8851162031250001 0.7814472 0.88480735 0.779915715625 0.8811093234375 0.77755950625 0.8795691640625 0.7779128875 0.877720290625 0.7767354734375 0.8746405375 0.77744210625 0.8727915234375001 0.7762640015625 0.86817104375 0.77732414375 0.8663220296875 0.7761460390625 0.8647818703124999 0.7764994203125 0.8629328578125 0.7753213156250001 0.8613926968750001 0.775674696875 0.855845796875 0.7721410750000001 0.8543056359375001 0.7724944546875 0.8524566234375 0.7713163515625 0.8509164625000001 0.77166973125 0.84721914375 0.769314084375 0.8456789828125 0.769667465625 0.8419809578124999 0.76731125625 0.8404407984375 0.7676646375 0.8348938968749999 0.7641310156250001 0.8318135765625 0.7648377765625 0.8281156921875 0.7624822609375 0.8278068375000001 0.760950775 0.8259578265625 0.7597726703125 0.824417665625 0.7601260515625 0.813324434375 0.753058678125 0.8130155828125 0.7515271921875 0.8111665671875 0.7503490890625 0.8096264062499999 0.75070246875 0.8077773953125 0.7495243671875 0.8062372343750001 0.749877746875 0.7969924484375001 0.7439886062500001 0.7954522875000001 0.7443419875 0.7936032749999999 0.7431638828125 0.7920631140625 0.7435172640625 0.79021466875 0.7423390296875 0.7871343484375 0.743045790625 0.7852853375 0.7418676859375 0.783745175 0.7422210671875 0.7800472890625 0.73986555 0.778507128125 0.74021893125 0.7766581140625 0.7390408265625 0.775117953125 0.7393942078125 0.7658730296875 0.7335043765625 0.7643328671875 0.7338577578125001 0.7587865359375 0.7303240062499999 0.7572463765624999 0.7306773859375 0.7498504640625 0.7259656609375 0.748310303125 0.726319040625 0.7409143921875 0.721607315625 0.73937423125 0.721960696875 0.7338278984375 0.7184269453125001 0.7335190468749999 0.716895459375 0.7319788859374999 0.717248840625 0.7245829734375 0.7125371140625 0.71072153125 0.7157175421875 0.708872515625 0.7145394375 0.7057927640625 0.71524606875 0.703943890625 0.7140686546875 0.7036350375 0.7125371703125001 0.701786025 0.7113590656250001 0.7002458640625 0.711712446875 0.6780586953125 0.6975771374999999 0.676518534375 0.69793051875 0.6709716328125 0.6943968968750001 0.669431475 0.694750278125 0.6675824609375 0.6935721734375 0.6660423015625 0.6939255546875 0.6641932875000001 0.6927474499999999 0.662653128125 0.69310083125 0.657106228125 0.689567209375 0.65556606875 0.6899205890625 0.6537170546875 0.6887424859375 0.65217689375 0.6890958656249999 0.6447815484375 0.6843840109375 0.643241390625 0.6847373906249999 0.6376944890625 0.6812037703125 0.63461416875 0.6819105328124999 0.63091628125 0.6795550125 0.6306074296874999 0.678023528125 0.6287584171875 0.6768454234375 0.6272182578125001 0.6771988062500001 0.6253692421875 0.6760207015625 0.6238290828124999 0.6763740828125 0.6201317640624999 0.674018434375 0.618591603125 0.6743718140625 0.616742590625 0.6731937109375 0.61520243125 0.673547090625 0.6133534187499999 0.6723689875 0.6118132578125001 0.6727223671875 0.6062663578125 0.6691887453125 0.6047261953125 0.6695421265625 0.5991792968749999 0.6660085046875001 0.5976391359375001 0.6663618859375 0.593941678125 0.664005546875 0.5924015171875 0.664358928125 0.58870363125 0.6620034109375 0.5871634718750001 0.662356790625 0.5853144578125 0.6611786875 0.5822341375 0.6618854484375001 0.5803851265625 0.6607073437500001 0.578844965625 0.661060725 0.575147078125 0.6587052078125 0.5736069171875 0.6590585875 0.571757903125 0.6578804828125 0.570526596875 0.65976535 0.565906684375 0.6608253609375 0.5646753765625 0.6627102265625 0.5665282140625 0.67189775625 0.568068375 0.6715443750000001
4 0 0.48946161874999994 0.0088483390625 0.48743141874999996 0.001127859375 0.44914844218749994 0 0.44940722343750006 0 0.48946161874999994
4 0.5604506765624999 0.8415201015625 0.5684798703125 0.8813338765625 0.6069833109375 0.8724994875000001 0.59895411875 0.8326857125 0.5604506765624999 0.8415201015625
4 0.53700855625 0.7812096640624999 0.5295969296874999 0.7444581703125001 0.49109348906249994 0.753292559375 0.49819626250000004 0.7885125671875 0.4997364234375 0.7881591875 0.5015854375 0.7893372890625 0.53700855625 0.7812096640624999
5 0.22849175625 0.04242796875 0.10682192812499999 0.070344396875 0.12698642499999999 0.170332615625 0.1285265859375 0.169979234375 0.12975789375 0.16809437031250002 0.14361876875 0.1649140734375 0.1454677828125 0.166092178125 0.1500882640625 0.165032034375 0.1556351625 0.1685656578125 0.15810570625 0.1808161546875 0.1568743984375 0.1827010203125 0.1571832515625 0.18423250468750002 0.2526709203125 0.16232341875 0.22849175625 0.04242796875
0 0.40250259843749997 0.39390505937500003 0.395708675 0.360216534375 0.298680846875 0.38247900156250003 0.3005298578125 0.38365710625 0.3067062140625 0.4142833515625 0.3085550875 0.4154607640625 0.40250259843749997 0.39390505937500003
0 0.5707758468749999 0.541147315625 0.5667613203124999 0.5212407765625 0.505156609375 0.535375615625 0.5039251625000001 0.5372597906250001 0.5008448421875 0.5379665515625 0.50455065625 0.5563422984375 0.5707758468749999 0.541147315625
1 0.4072336515625 0.6171231640625 0.40877381249999994 0.616769784375 0.41616972343749997 0.6214815078125 0.420790203125 0.6204213671875001 0.42263921875 0.62159946875 0.42417937656250004 0.6212460890625 0.426028390625 0.6224241921875 0.42633724375000004 0.6239556796875 0.4278774046875 0.6236022984375 0.42972627812499997 0.6247797125 0.43126643906249995 0.62442633125 0.4386617828125 0.6291381875 0.44020194375 0.62878480625 0.44574898125000006 0.63231911875 0.44728914375000006 0.6319657359375 0.449138015625 0.6331431515625 0.4506781765625 0.6327897703125 0.4580740890625 0.637501496875 0.4611538421875 0.636794865625 0.46300285468749997 0.63797296875 0.4645430140625 0.6376195890624999 0.468241040625 0.6399757968750001 0.4697812015625 0.639622415625 0.4716300734375 0.6407998296875 0.47317023437500005 0.6404464484375 0.478717275 0.6439807609375 0.4817975953125 0.643274 0.48364646875000006 0.6444514140625001 0.48826638125 0.6433914015625 0.49196440781249995 0.6457476093750001 0.49350456875 0.6453942296874999 0.5045983671875 0.6524614734374999 0.502127825 0.640210975 0.5002789515625 0.6390335609375 0.499970096875 0.637502075 0.4984299375 0.63785545625 0.49288303750000007 0.634321834375 0.4925741859375 0.63279035 0.49072517343750005 0.6316122453124999 0.4891850125 0.631965628125 0.485487125 0.6296101078125 0.4851782734375 0.6280786234375 0.4833298265625 0.6269003890625 0.48178966875 0.6272537703125 0.47809178281250003 0.624898253125 0.477782928125 0.6233667671875 0.47593391562500004 0.6221886640625 0.47439375625 0.62254204375 0.4669978421875 0.61783031875 0.4608372 0.619243840625 0.4571393140625 0.616888325 0.45683046093749996 0.6153568390624999 0.454982015625 0.6141786046875 0.451901696875 0.614885365625 0.446354796875 0.6113517453124999 0.44481463593750004 0.6117051265625 0.4429656234375 0.6105270218750001 0.4414254625 0.610880403125 0.43402955 0.6061686765625 0.4324893890625 0.6065220578125 0.426943059375 0.6029883046875 0.4254028984375 0.603341684375 0.4235538859375 0.6021635812499999 0.41893340468750007 0.603223725 0.41523551718749996 0.6008682046875 0.4149266640625 0.5993367203125 0.4130776515625 0.598158615625 0.4115374921875 0.598511996875 0.40414157812499996 0.5938002703125 0.394901184375 0.595920425 0.398606996875 0.6142961734375 0.400147159375 0.6139427921875 0.403845184375 0.6162989999999999 0.4053847765625 0.6159457500000001 0.4072336515625 0.6171231640625
1 0.15518763124999999 0.5099304499999999 0.1662815703125 0.516998384375 0.1678217296875 0.5166450031250001 0.1696706046875 0.51782241875 0.1712107640625 0.5174690375 0.174908790625 0.5198252453125 0.1752176421875 0.5213567296875 0.17706651874999998 0.52253414375 0.178606678125 0.5221807640625 0.18230413437499998 0.5245371015625 0.1826129890625 0.5260685859375 0.1844618609375 0.527246 0.18600202187499998 0.52689261875 0.193397934375 0.5316043453125 0.1949380953125 0.5312509640624999 0.1967871078125 0.53242906875 0.19832726875 0.5320756875 0.2020252953125 0.5344318968749999 0.2035654546875 0.534078515625 0.2054143296875 0.5352559296875 0.2069544875 0.5349025484375 0.21434983281250003 0.53961440625 0.21897031406249998 0.5385542625 0.22636622812499999 0.5432659859375 0.22790638749999997 0.54291260625 0.2353022984375 0.5476243328125 0.238382053125 0.5469177015625 0.24023106562500002 0.54809580625 0.2417712265625 0.547742425 0.247318125 0.551276046875 0.2488582859375 0.5509226671875 0.2562542 0.5556343921875 0.2577943609375 0.5552810125 0.25964337187500003 0.556459115625 0.2611835328125 0.5561057359375 0.266729865625 0.5596394874999999 0.2682700234375 0.55928610625 0.2701190390625 0.5604642109375 0.27165919843749997 0.5601108296875 0.2735082109375 0.561288934375 0.2738170640625 0.56282041875 0.275357225 0.5624670375 0.2772060984375 0.5636444515625 0.2787462578125 0.5632910703125 0.282444284375 0.5656472796875 0.287064765625 0.5645871375 0.2833589515625 0.5462113890625 0.281818790625 0.5465647703125 0.279969778125 0.5453866656249999 0.2784296171875 0.545740046875 0.2710337046875 0.5410283203125 0.26949354531249997 0.5413817015625 0.265795659375 0.539026184375 0.2654868078125 0.5374947 0.2639466453125 0.53784808125 0.2620976328125 0.5366699765625 0.2590178796875 0.537376609375 0.251621965625 0.53266488125 0.2500818078125 0.5330182625 0.24268589375 0.5283065359375 0.2396055734375 0.5290132984375 0.2377565609375 0.52783519375 0.2362164 0.5281885749999999 0.2306700671875 0.524654821875 0.22912990781250003 0.525008203125 0.22543202031249998 0.522652684375 0.22512316875 0.5211212 0.22327415468749998 0.519943096875 0.22019383593750003 0.5206498578125001 0.218344821875 0.519471753125 0.2168046609375 0.519825134375 0.2112577609375 0.5162915124999999 0.20817744062500002 0.5169982734375 0.20447955312500002 0.51464275625 0.2041707015625 0.5131112718749999 0.20232225625 0.5119330375 0.19924193437499998 0.5126397984375 0.19739292343749998 0.5114616937500001 0.1958527625 0.511815075 0.18845685 0.5071033484374999 0.1869166890625 0.5074567296875 0.18506781562500002 0.506279315625 0.18475896249999998 0.50474783125 0.18290995000000002 0.503569728125 0.181369790625 0.5039231078124999 0.1795207765625 0.502745003125 0.1779806171875 0.503098384375 0.1761317421875 0.501920971875 0.17459215156250002 0.502274221875 0.1727431375 0.5010961171874999 0.1712029765625 0.5014494984375 0.1693539640625 0.5002713953125 0.167813803125 0.5006247765625 0.1604178921875 0.49591304999999997 0.1573375703125 0.4966198125 0.15548855781249998 0.4954417078125 0.153948396875 0.4957950875 0.15148578125 0.49956481875 0.152721053125 0.50569006875 0.154570065625 0.506868171875 0.15518763124999999 0.5099304499999999
4 0.1934810390625 0.6998131703125 0.20151037187499998 0.739627634375 0.23847365312500002 0.7311466249999999 0.230444321875 0.6913321625 0.1934810390625 0.6998131703125
5 0 0.2218996296875 0.0265813140625 0.215800703125 0.029043929687499997 0.21203097187500003 0.0367447296875 0.21026406875 0.0404421875 0.21262040624999998 0.06046427343750001 0.20802645625 0.05644960624999999 0.1881192234375 0 0.20107125468749998 0 0.2218996296875
0 0.3979220421875 0.4750648375 0.4007014375 0.48884681875 0.41918279218750004 0.48460638125 0.41547697812499995 0.4662306328125 0.40777617812500006 0.4679975359375 0.40654473125 0.4698817125 0.398844496875 0.4716484859375 0.39915335 0.47317997187499994 0.3979220421875 0.4750648375
4 0.6316052015625 0.8267964640625 0.6235758687499999 0.786982 0.5912336375 0.7944027359375 0.5964835765625 0.820435215625 0.5952522671875 0.82232008125 0.597722809375 0.8345705796875 0.6316052015625 0.8267964640625
1 0.5132257265625 0.6552890234375 0.513534440625 0.656819815625 0.5150745999999999 0.6564664359375 0.5206210718750001 0.6600008796875 0.5209297859375 0.6615316734375 0.5246278109375 0.6638878828125 0.52586308125 0.67001313125 0.5234003281249999 0.6737821734375 0.5240180328124999 0.676845140625 0.522786725 0.67873000625 0.5237131453125 0.683323771875 0.5200196499999999 0.6889775484375 0.520328503125 0.6905090328125 0.5166344390625001 0.6961629390625 0.51355411875 0.6968696999999999 0.5123228109375 0.698754565625 0.5077023296875 0.699814709375 0.5064710203125 0.701699575 0.5049308625 0.7020529546875001 0.5036994140625 0.7039371296875 0.5040082671875 0.705468615625 0.502776959375 0.7073534796875001 0.50586506875 0.7226662562499999 0.50771408125 0.7238443609375 0.5083317859375 0.72690733125 0.523733390625 0.7233735218749999 0.52619600625 0.719603790625 0.527736165625 0.7192504109375 0.5289669046875 0.7173656765625 0.532047225 0.716658915625 0.5369725953125 0.7091201421875 0.5539137921874999 0.705233084375 0.5551452390625 0.703348909375 0.5582255609375 0.7026421484375 0.561919484375 0.6969875515624999 0.5616107703125001 0.6954567578125 0.5628420765625 0.6935718921875 0.5625332249999999 0.6920404078125 0.5637645328125 0.6901555421875 0.5634558203125 0.6886247453125 0.5671497421875 0.6829701499999999 0.562517509375 0.6600006375 0.5594371890625001 0.6607074 0.5575881765624999 0.6595292953125 0.5560480171875 0.659882675 0.5523501296875 0.6575271578125 0.5508099703125 0.6578805390625 0.5397165984375001 0.6508124750000001 0.5381764390625 0.6511658546875 0.5344785515625 0.6488103390625 0.5313982296875001 0.6495171 0.5295492187499999 0.648338996875 0.5249287359375 0.6493991390625 0.5175328234375 0.6446874125 0.5159926640625 0.64504079375 0.5104463328125 0.641507040625 0.507983578125 0.64527608125 0.50921885 0.65140133125 0.5110678609375 0.652579434375 0.5113767140625 0.6541109203125 0.5132257265625 0.6552890234375
5 0.3994302046875 0.41063204999999997 0.395724390625 0.3922563046875 0.175486571875 0.44278857968749996 0.1795012375 0.4626958109375 0.3966587375 0.412870296875 0.39789004375000003 0.41098543125000003 0.3994302046875 0.41063204999999997
5 0.6845596171875 0.7617746359375 0.6786921140625 0.7326798765625 0.59706531875 0.751408665625 0.60231511875 0.77744045625 0.60416413125 0.778618559375 0.604472984375 0.7801500453125 0.6845596171875 0.7617746359375
2 0.5849978171875 0.6436276624999999 0.5853066703125 0.6451591484375 0.58715554375 0.6463365609375 0.588695703125 0.6459831796875 0.5942421765625 0.6495176234375 0.5957823375 0.6491642421875 0.597631209375 0.65034165625 0.5991713703125 0.6499882765625 0.604718409375 0.6535225875 0.6062585687500001 0.6531692062500001 0.60810744375 0.654346621875 0.611187765625 0.6536398578125 0.6130367765625 0.6548179625 0.6145769375000001 0.65446458125 0.6182749640625 0.656820790625 0.621354715625 0.6561141593750001 0.623203590625 0.6572915734375 0.62474375 0.6569381937500001 0.6321396625 0.66164991875 0.6336798234375001 0.6612965390625 0.6392268624999999 0.66483085 0.640767021875 0.66447746875 0.642615896875 0.6656548843750001 0.6456962171875 0.664948121875 0.6530915609375 0.669659978125 0.654631721875 0.669306596875 0.6694235484375 0.6787300484375 0.67250386875 0.6780232859375 0.6798992109374999 0.6827351421875 0.681439371875 0.6823817609375 0.6888352859375 0.6870934890625 0.690375446875 0.68674010625 0.6922244578125001 0.6879182109374999 0.6937646187500001 0.6875648296875 0.6974626453125 0.6899210390625 0.6990028046875 0.6895676578125001 0.7008516796875 0.690745071875 0.7023918390625 0.690391690625 0.709787184375 0.6951035484375 0.7113273437500001 0.6947501671875 0.7131763578125 0.695928271875 0.71471651875 0.695574890625 0.7202634171875 0.6991085125 0.7218035796875 0.69875513125 0.7273506171874999 0.70228944375 0.728890778125 0.7019360625 0.7307396500000001 0.7031134781249999 0.7338194031249999 0.7024068453125001 0.7356684171875 0.70358495 0.737208578125 0.7032315687499999 0.7427554765625 0.706765190625 0.7442956374999999 0.7064118109375 0.7498426765625 0.7099461234375 0.7513828359375 0.7095927421875 0.7569297374999999 0.7131263640625 0.7584698953125 0.7127729828125 0.7603183421875 0.7139512171875 0.761858503125 0.7135978359374999 0.763707375 0.7147752484375001 0.7652475359375 0.7144218671875 0.7670965484375001 0.715599971875 0.7686367093750001 0.715246590625 0.7741836078125 0.7187802125 0.77572376875 0.7184268328125001 0.7775727828125001 0.7196049359375001 0.7791129421874999 0.7192515562499999 0.78465984375 0.722785178125 0.7877395953125 0.7220785484375 0.8006825484375 0.730324584375 0.80222270625 0.7299712046875 0.80407158125 0.73114861875 0.805611740625 0.7307952390625 0.8130076546874999 0.7355069640624999 0.8160874078125 0.7348003328125 0.8179364187499999 0.7359784375 0.8194765796875 0.73562505625 0.8231746062499999 0.7379812625 0.8247147671875 0.7376278828125 0.8265636390625 0.7388052968750001 0.8281038000000001 0.7384519171874999 0.8299528140625 0.7396300203124999 0.831492975 0.739276640625 0.8333419859375001 0.74045474375 0.834882146875 0.7401013625 0.8441265046875 0.7459913234375 0.8456666640625 0.74563794375 0.8475155390625 0.7468153562500001 0.8490556984375001 0.7464619765625 0.8564516125000001 0.7511737 0.8595319328125001 0.7504669390625 0.8669278453124999 0.7551786640625 0.8684680046875 0.7548252843750001 0.8758633515625001 0.759537140625 0.8774035109374999 0.7591837609375001 0.8847994218749999 0.7638954874999999 0.8863395828125 0.76354210625 0.8881885984375 0.7647202078124999 0.8989691515624999 0.7622466734375 0.9008181640625 0.763424778125 0.902358325 0.763071396875 0.9011230546875 0.7569461484375 0.8992740390625 0.7557680437500001 0.8989651875 0.754236559375 0.8971163140625 0.7530591453125 0.8968074625 0.7515276609375 0.894959015625 0.750349425 0.8946501640625 0.7488179421875001 0.8928012890625 0.747640528125 0.8924924375 0.7461090421875001 0.885096525 0.74139731875 0.8789358828125 0.742810840625 0.8770868703125 0.7416327359375 0.8755467093749999 0.7419861171875 0.873697696875 0.7408080140625 0.8721575375 0.7411613953125 0.8684596499999999 0.7388058765625 0.8669200578125 0.7391591265625 0.8650710437500001 0.7379810234375 0.863530884375 0.738334403125 0.856134971875 0.7336226781249999 0.8530546515624999 0.7343294390625 0.8512056375 0.733151334375 0.8496654765624999 0.733504715625 0.844118578125 0.72997109375 0.8425784171874999 0.730324475 0.8370320859374999 0.7267907234375001 0.835491925 0.727144103125 0.8336429109375001 0.725966 0.8321027531249999 0.7263193796875 0.8302537390625 0.725141275 0.8287135781250001 0.72549465625 0.8268647046875 0.7243172437500001 0.8253245453125 0.7246706234375 0.8234755312500001 0.72349251875 0.821935371875 0.7238458999999999 0.8200863578125 0.7226677953125 0.8185461984375 0.7230211765625 0.8111508531249999 0.7183093203124999 0.8108420000000001 0.7167778359375 0.8071441140625 0.7144223171874999 0.8056039546875 0.7147756968750001 0.796359028125 0.7088858671875 0.7948188671875 0.70923925 0.7892719687499999 0.705705628125 0.7877318078125 0.7060590078125 0.7858827953125 0.7048809046875 0.782803040625 0.7055875359375 0.7809540296875 0.70440943125 0.7794138687500001 0.7047628125000001 0.7757159812500001 0.7024072953125 0.774175821875 0.7027606750000001 0.7704777953125 0.7004044671874999 0.7689376343750001 0.7007578484375 0.7633907343749999 0.6972242265624999 0.761850575 0.69757760625 0.7563036750000001 0.694043984375 0.7547640828125 0.6943972359374999 0.7529150703124999 0.69321913125 0.7513749093750001 0.6935725125000001 0.743978996875 0.6888607859375 0.7408986765625001 0.689567546875 0.7335027640625 0.684855821875 0.731962603125 0.685209203125 0.7282647156250001 0.682853684375 0.7279558640625 0.6813222 0.7261074187500001 0.6801439640625 0.723027096875 0.680850728125 0.7211780859375 0.6796726234375 0.719637925 0.680026003125 0.7177890515625001 0.6788485890625 0.7162488890625001 0.6792019687499999 0.7143998781249999 0.6780238656249999 0.7128597171875 0.678377246875 0.7110107046875 0.67719914375 0.70947054375 0.6775525234375 0.7039236421874999 0.6740189015625 0.702383484375 0.6743722828125 0.7005344703125 0.6731941781249999 0.6989948796875 0.673547428125 0.691598965625 0.668835703125 0.6900588062499999 0.669189084375 0.68451190625 0.6656554625 0.6829717453125 0.66600884375 0.67557583125 0.6612971171875001 0.6740356734375 0.6616504984375 0.672186659375 0.66047239375 0.6675667468750001 0.66153240625 0.6638688593750001 0.6591768890624999 0.6623286984375001 0.65953026875 0.6604796859375 0.658352165625 0.6589395265625 0.6587055453125 0.6570905140625001 0.6575274421875 0.655550353125 0.657880821875 0.6537013390624999 0.6567027171875 0.6521611796875 0.6570560984375 0.65031230625 0.6558786859375 0.650003453125 0.6543472 0.642608109375 0.64963534375 0.6364474687499999 0.6510488671875 0.634598453125 0.6498707625 0.6299779734375 0.6509309046875 0.6225820609375 0.6462191796875 0.6210419 0.646572559375 0.6136465546875 0.6418607046875 0.6121063953125 0.642214084375 0.6047104828125 0.637502359375 0.6031703203125 0.6378557390624999 0.5976234218750001 0.6343221171875 0.5960832625 0.6346754984375 0.5942342484375 0.6334973953125 0.5926940890625 0.6338507765625 0.588996203125 0.6314952578125 0.5766754859375001 0.6343221734375 0.5779107578125 0.6404474234374999 0.5797596328125 0.6416248343750001 0.5812997921874999 0.6412714546875 0.5849978171875 0.6436276624999999
5 0.32683490625 0.6259575328125 0.3299230140625 0.6412703093750001 0.391527725 0.6271354687499999 0.38843961718750003 0.61182269375 0.32683490625 0.6259575328125
0 0.37592862031249996 0.23017278124999999 0.37623747500000004 0.23170426718749998 0.4455429875 0.2158025234375 0.4368960875 0.17292578125 0.3645102546875 0.1895342859375 0.3719218828125 0.22628578125 0.37377075625 0.2274631953125 0.3740796078125 0.22899467968749998 0.37592862031249996 0.23017278124999999
5 0.9556693062500001 0.7957002281250001 0.9906314249999999 0.787678375 0.9910426703124999 0.75233594375 0.9488752453125 0.7620110140625 0.9556693062500001 0.7957002281250001
0 0.5002907015625 0.6630632140625 0.48180934531249997 0.6673036515625 0.4858240125 0.687210884375 0.48767288750000004 0.6883882984375 0.5046140828125 0.6845012406250001 0.5002907015625 0.6630632140625
3 0.11563148593749999 0.2578530609375 0.1045140453125 0.20272582031250003 0.0814122078125 0.20802640156250002 0.0903679578125 0.252434628125 0.09221683281250001 0.25361204375 0.09406980937500001 0.2628002625 0.11563148593749999 0.2578530609375
0 0.1775371234375 0.229229478125 0.18186064062500001 0.25066819375 0.251166153125 0.23476645000000002 0.246842634375 0.2133277328125 0.1775371234375 0.229229478125
1 0.278449296875 0.5857899296875 0.2245448203125 0.598157996875 0.22701536249999998 0.61040849375 0.22886437499999998 0.6115865968749999 0.281228690625 0.5995719109375 0.278449296875 0.5857899296875
0 0.1302172421875 0.474003734375 0.117896528125 0.47683064999999997 0.12160234218749999 0.49520639843750003 0.12345064531250001 0.4963839421875 0.13423176875 0.493910278125 0.1302172421875 0.474003734375
0 0.041087789062500005 0.2717519765625 0.0444848890625 0.28859693124999997 0.056805603125000007 0.2857700140625 0.0534085015625 0.26892506250000003 0.041087789062500005 0.2717519765625
0 0.14865924218749998 0.3896635328125 0.144644575 0.36975630000000004 0.1307831328125 0.3729367265625 0.13387138125 0.38825019374999997 0.13572039375 0.38942829843750004 0.13633795937499998 0.392490578125 0.14865924218749998 0.3896635328125
5 0.7405780734375 0.664006409375 0.7442838875 0.68238215625 0.873654515625 0.6526988234375 0.8699487015624999 0.6343230765625 0.7405780734375 0.664006409375