5 0.7703126109375 0.425 0.77187495625 0.425 0.7765623453125 0.42968773281250006 0.7828124328125 0.42968773281250006 0.7843751328125 0.4312498140625 0.7937499109374999 0.4312498140625 0.7953126109374999 0.42968773281250006 0.8 0.42968773281250006 0.80312504375 0.426562825 0.80312504375 0.423437175 0.8046873890624999 0.4218750921875 0.8046873890624999 0.41875018593749996 0.8062500890625 0.4171873609375 0.8062500890625 0.415625278125 0.8093751328125001 0.41250037187500005 0.8093751328125001 0.41093754687499995 0.8187499109375 0.40156282499999996 0.8187499109375 0.39843717500000003 0.8203126109375001 0.3968750921875 0.8203126109375001 0.3953122671875 0.82187495625 0.3937501859375 0.82187495625 0.3921873609375 0.8234376546875 0.39062527812500003 0.8234376546875 0.36406245312499996 0.825 0.362500371875 0.825 0.3312498140625 0.8234376546875 0.32968773281249997 0.8234376546875 0.32812490781250003 0.8203126109375001 0.325 0.8187499109375 0.325 0.8171875671875 0.323437175 0.6984376546875 0.323437175 0.6984376546875 0.4328126390625 0.7562500890625 0.4328126390625 0.7578124328125 0.434374721875 0.760937478125 0.4312498140625 0.762500178125 0.4312498140625 0.7656248671875 0.42812490781249996 0.7671875671875 0.42812490781249996 0.7703126109375 0.425
5 0.35312504375 0.22656282499999997 0.3546873890625 0.225 0.3562500890625 0.225 0.3562500890625 0.1828126390625 0.27343765468750003 0.1828126390625 0.27343765468750003 0.22656282499999997 0.35312504375 0.22656282499999997
0 0.3171875671875 0.664062453125 0.3171875671875 0.659374721875 0.3187499109375 0.6578126390625 0.3187499109375 0.651562825 0.3171875671875 0.65 0.3171875671875 0.6468750921875001 0.30468738906250004 0.6468750921875001 0.30312504375 0.648437175 0.2953126109375 0.648437175 0.2937499109375 0.6468750921875001 0.22968738906250002 0.6468750921875001 0.22968738906250002 0.710937546875 0.3187499109375 0.710937546875 0.3187499109375 0.6937501859374999 0.3171875671875 0.6921873609375 0.3171875671875 0.685937546875 0.3187499109375 0.684374721875 0.3187499109375 0.665625278125 0.3171875671875 0.664062453125
0 0.4906248671875 0.21250037187499998 0.4921875671875 0.21093754687500002 0.4937499109375 0.21093754687500002 0.4937499109375 0.15937472187499999 0.4078124328125 0.15937472187499999 0.4078124328125 0.21250037187499998 0.4906248671875 0.21250037187499998
0 0.25 0.3796877328125 0.25 0.40468773281250003 0.2656248671875 0.40468773281250003 0.2656248671875 0.3796877328125 0.25 0.3796877328125
5 0.410937478125 0.21093754687500002 0.410937478125 0.2328126390625 0.464062521875 0.2328126390625 0.464062521875 0.21093754687500002 0.410937478125 0.21093754687500002
0 0.2062500890625 0.27343717500000003 0.2062500890625 0.32812490781250003 0.2921875671875 0.32812490781250003 0.2921875671875 0.27343717500000003 0.2062500890625 0.27343717500000003
0 0.135937478125 0.5062498140625 0.1328124328125 0.509374721875 0.1328124328125 0.537500371875 0.1343751328125 0.537500371875 0.135937478125 0.535937546875 0.14687495625 0.535937546875 0.1484376546875 0.534374721875 0.1484376546875 0.5062498140625 0.135937478125 0.5062498140625
5 0.2062500890625 0.323437175 0.2062500890625 0.3453122671875 0.2953126109375 0.3453122671875 0.2953126109375 0.323437175 0.2062500890625 0.323437175
3 0 0.391535315625 0.013181171875 0.391535315625 0.013181171875 0.337847584375 0 0.337847584375 0 0.391535315625
0 0.0046873890625 0.2718750921875 0.0046873890625 0.301562825 0.056250089062499994 0.301562825 0.056250089062499994 0.2718750921875 0.0046873890625 0.2718750921875
0 0.14687495625 0.284374721875 0.14687495625 0.2531249078125 0.1312500890625 0.2531249078125 0.1312500890625 0.289062453125 0.1421875671875 0.289062453125 0.14687495625 0.284374721875
5 0.4937499109375 0.36875018593750003 0.4937499109375 0.3921873609375 0.54687495625 0.3921873609375 0.54687495625 0.36875018593750003 0.4937499109375 0.36875018593750003
5 0.314062521875 0 0.314062521875 0.0546877328125 0.33906252187499997 0.0546877328125 0.34062486718749996 0.0531249078125 0.3421875671875 0.0531249078125 0.3437499109375 0.051562825 0.3437499109375 0.05 0.34687495625000003 0.0468750921875 0.34687495625000003 0 0.314062521875 0
5 0.587500178125 0.489062453125 0.5890625218750001 0.489062453125 0.5921875671875 0.4921873609375 0.5921875671875 0.5046877328125 0.5937499109375 0.5062498140625 0.5937499109375 0.5078126390625 0.664062521875 0.5078126390625 0.6656248671875 0.5062498140625 0.6671875671875 0.5062498140625 0.6671875671875 0.490625278125 0.6656248671875 0.490625278125 0.6609374781249999 0.48593754687499996 0.6593751328125 0.48593754687499996 0.6578124328125 0.48437472187499997 0.6562500890625 0.48593754687499996 0.6437499109375 0.48593754687499996 0.6421875671875 0.48750037187500006 0.6328124328125 0.48750037187500006 0.62812504375 0.4828126390625 0.6234376546875 0.4828126390625 0.62187495625 0.4812498140625 0.6171875671875 0.4812498140625 0.6156248671875 0.47968773281250005 0.6062500890625 0.47968773281250005 0.6046873890625 0.47812490781249994 0.6078124328125 0.475 0.662500178125 0.475 0.664062521875 0.47343717500000004 0.6671875671875 0.47343717500000004 0.6671875671875 0.44531226718749994 0.5062500890625 0.44531226718749994 0.5062500890625 0.5078126390625 0.585937478125 0.5078126390625 0.585937478125 0.4937501859375 0.5828124328125 0.490625278125 0.5828124328125 0.489062453125 0.5843751328125 0.48750037187500006 0.585937478125 0.48750037187500006 0.587500178125 0.489062453125
1 0.0984376546875 0.4421873609375 0.0984376546875 0.45 0.1046873890625 0.45 0.1046873890625 0.426562825 0.1062500890625 0.425 0.1062500890625 0.423437175 0.1078124328125 0.4218750921875 0.1078124328125 0.4203122671875 0.1093751328125 0.41875018593749996 0.1093751328125 0.415625278125 0.11093747812500002 0.414062453125 0.11093747812500002 0.3953122671875 0.11250017812499999 0.3937501859375 0.11250017812499999 0.337500371875 0.11093747812500002 0.335937546875 0.11093747812500002 0.3312498140625 0.1078124328125 0.32812490781250003 0.1078124328125 0.3218750921875 0.1062500890625 0.3203122671875 0.1062500890625 0.315625278125 0.0984376546875 0.315625278125 0.0984376546875 0.42812490781249996 0.1 0.42968773281250006 0.1 0.4312498140625 0.1015623453125 0.4328126390625 0.1015623453125 0.43593754687499997 0.1 0.437500371875 0.1 0.440625278125 0.0984376546875 0.4421873609375
0 0.5234376546874999 0.1578126390625 0.5234376546874999 0.187500371875 0.537500178125 0.187500371875 0.537500178125 0.1578126390625 0.5234376546874999 0.1578126390625
2 0 0.38605055781250003 0.12640674999999998 0.5169881046875 0.136794671875 0.5001301109375 0.13931403125 0.3306602234375 0.44044831249999994 0.67529219375 0.452183303125 0.65830929375 0.3787875671875 0.40509739843750003 0.37773037343750004 0.002371746875 0.36160461875 0 0.365381528125 0.407916728125 0.42748135 0.632362825 0.13864511562499998 0.30205353125 0.12851225625 0.311208921875 0.1243882765625 0.48957472187500006 0.0013655421875 0.34591598437500004 0.00022522187499999998 0.341826765625 0 0.33990706249999997 0 0.341162825 0 0.38605055781250003
2 0.405133215625 0 0.5444770875 0.16004535312499998 0.548056128125 0.342408921875 0.5591889875 0.3498951671875 0.623350621875 0.2724899625 0.6734674953125 0.3327962828125 0.685576909375 0.3135858734375 0.625750621875 0.25102230468750003 0.558159146875 0.3250557625 0.556765896875 0.146155390625 0.4303477796875 0 0.405133215625 0
1 0.057106571875 0.35032342031249997 0.0325772640625 0.35032342031249997 0.0325772640625 0.37574349375 0.057106571875 0.37574349375 0.057106571875 0.35032342031249997
0 0.07132326875 0.5258773234375 0.05916341093750001 0.5258773234375 0.05916341093750001 0.5550148703125 0.07132326875 0.5550148703125 0.07132326875 0.5258773234375
0 0.309829484375 0.3526728625 0.2980710484375 0.3526728625 0.2980710484375 0.3828661703125 0.309829484375 0.3828661703125 0.309829484375 0.3526728625
0 0.3702806390625 0.059561339062499996 0.35611367656250004 0.059561339062499996 0.35611367656250004 0.0827583640625 0.3702806390625 0.0827583640625 0.3702806390625 0.059561339062499996
0 0.5501793953125 0.21395539062500002 0.536605684375 0.21395539062500002 0.536605684375 0.23774721250000003 0.5501793953125 0.23774721250000003 0.5501793953125 0.21395539062500002
0 0.6264777968749999 0.20455390312500002 0.6141190046875 0.20455390312500002 0.6141190046875 0.23483643125000003 0.6264777968749999 0.23483643125000003 0.6264777968749999 0.20455390312500002
0 0.6499609234375 0.1680334578125 0.638458259375 0.1680334578125 0.638458259375 0.198717471875 0.6499609234375 0.198717471875 0.6499609234375 0.1680334578125
0 0.7337406750000001 0.21865799218749998 0.7212149203125 0.21865799218749998 0.7212149203125 0.25106691406250004 0.7337406750000001 0.25106691406250004 0.7337406750000001 0.21865799218749998
0 0.4572291296875 0.6144386609375 0.4459822375 0.6144386609375 0.4459822375 0.644208178125 0.4572291296875 0.644208178125 0.4572291296875 0.6144386609375
0 0.419385790625 0.5678304828125 0.43166145624999996 0.5552394046875 0.42447495625 0.531225278125 0.413031615625 0.5439055765624999 0.4136607453125 0.5462780671874999 0.419385790625 0.5678304828125
0 0.4089126109375 0.593280296875 0.4036746 0.6161769515625 0.41444618125000005 0.629319703125 0.4208397875 0.6038639406249999 0.4089126109375 0.593280296875
0 0.5034440499999999 0.3424869890625 0.49279040781249994 0.3424869890625 0.49279040781249994 0.371609665625 0.5034440499999999 0.371609665625 0.5034440499999999 0.3424869890625
0 0.490009946875 0.046698884375 0.4836969796875 0.0723137546875 0.4939623453125 0.0829308546875 0.49985719375000004 0.059449814062499995 0.490009946875 0.046698884375
1 0.0046721140625 0.409879553125 0.0771392546875 0.4945308546875 0.079067140625 0.472047584375 0.0040401421875 0.3836490703125 0.0046721140625 0.409879553125
1 0.1329047953125 0.5618245359375 0 0.408811153125 0.000645115625 0.438846840625 0.13287246875 0.5853115234375 0.1329047953125 0.5618245359375
1 0.133853996875 0.333444609375 0.1336831265625 0.3526765796875 0.19078117187500002 0.4220944234375 0.1918841921875 0.3986527875 0.133853996875 0.333444609375
1 0.19132078125000002 0.421628996875 0.28987175781249996 0.5294401484375 0.29029733593749996 0.5110446093750001 0.19154316093749998 0.39747732343750003 0.19132078125000002 0.421628996875
1 0.2904554171875 0.531316728125 0.37136980468749997 0.6262736062500001 0.371794315625 0.6067568765625 0.28981918281249996 0.5097033453125001 0.2904554171875 0.531316728125
1 0.132933925 0.3636490703125 0.13352646562499998 0.3842304828125 0.44796696249999995 0.7448208171874999 0.4469619890625 0.7142401484375 0.132933925 0.3636490703125
1 0.46620532812500004 0.6434386609375 0.47611687343750003 0.6301397765625001 0.40039218437499996 0.37109070625 0.3929996453125 0.3814661703125 0.46620532812500004 0.6434386609375
1 0.390236234375 0.38901561406249996 0.3897669625 0.1753985125 0.3803730015625 0.1823048328125 0.38153179375 0.3951509296875 0.38216483125 0.3958765796875 0.390236234375 0.38901561406249996
1 0.4023289515625 0 0.39089804687499996 0.0003063203125 0.3914746 0.0009687734375 0.391662521875 0.38596431249999996 0.402544228125 0.3658423796875 0.4023289515625 0
1 0.459496625 0.0009687734375 0.570170159375 0.1288 0.581825221875 0.1141858734375 0.47869840156250004 0 0.459496625 0.0009687734375
1 0.5821850796875 0.3052141265625 0.581946359375 0.11218438593749999 0.5706166968749999 0.1288869890625 0.5710159859374999 0.31669219375 0.571860390625 0.3167144984375 0.5821850796875 0.3052141265625
1 0.64459111875 0.2324342 0.6971097687500001 0.29460223124999996 0.70679111875 0.27817620781249996 0.6542127890625 0.21903494375000002 0.64459111875 0.2324342
1 0.55296945 0.387391078125 0.5530923624999999 0.415945725 0.6245378328125 0.329573234375 0.6236522203125 0.2996527875 0.55296945 0.387391078125
4 0.104666075 0.2837843859375 0.0785026640625 0.2837843859375 0.0785026640625 0.335338290625 0.104666075 0.335338290625 0.104666075 0.2837843859375
4 0.1996145640625 0.22030855 0.173060390625 0.22030855 0.173060390625 0.2704869890625 0.1996145640625 0.2704869890625 0.1996145640625 0.22030855
4 0.12789875625 0.58250929375 0.1005062171875 0.58250929375 0.1005062171875 0.6329553906250001 0.12789875625 0.6329553906250001 0.12789875625 0.58250929375
4 0.489541740625 0.5352118953125 0.46505861406250004 0.5352118953125 0.46505861406250004 0.5861263937500001 0.489541740625 0.5861263937500001 0.489541740625 0.5352118953125
4 0.43841740625 0.3796245359375 0.4115364125 0.3796245359375 0.4115364125 0.42810780625 0.43841740625 0.42810780625 0.43841740625 0.3796245359375
4 0.425744228125 0.292501859375 0.40320781562499997 0.292501859375 0.40320781562499997 0.3412527875 0.425744228125 0.3412527875 0.425744228125 0.292501859375
4 0.5790621671875 0.0186691453125 0.5477229125 0.0186691453125 0.5477229125 0.07481784375 0.5790621671875 0.07481784375 0.5790621671875 0.0186691453125
4 0.6138703375000001 0.099572490625 0.5863783296875 0.099572490625 0.5863783296875 0.1534237921875 0.6138703375000001 0.1534237921875 0.6138703375000001 0.099572490625
4 0.6234991125 0.1593234203125 0.598866784375 0.1593234203125 0.598866784375 0.204825278125 0.6234991125 0.204825278125 0.6234991125 0.1593234203125
4 0.6916092359375 0.0796579921875 0.6615417406249999 0.0796579921875 0.6615417406249999 0.149026021875 0.6916092359375 0.149026021875 0.6916092359375 0.0796579921875
4 0.719625221875 0.1357509296875 0.6906269984375 0.1357509296875 0.6906269984375 0.195446096875 0.719625221875 0.195446096875 0.719625221875 0.1357509296875
1 0.7031467140625 0.2519479546875 0.7032433390625 0.2732118953125 0.7289833031249999 0.2717970265625 0.7284291296875 0.246753159375 0.7031467140625 0.2519479546875
1 0.5982127890625 0.4392029734375 0.597031615625 0.40808029687499997 0.5740596796874999 0.40920223125 0.5675808171875001 0.3854327140625 0.55906394375 0.394026765625 0.5746177625 0.4424602234375 0.5982127890625 0.4392029734375
3 0.159236234375 0.3053791828125 0.126476021875 0.3053791828125 0.126476021875 0.3685687734375 0.159236234375 0.3685687734375 0.159236234375 0.3053791828125
3 0.4468508 0.6165762078125 0.41942273593749996 0.6165762078125 0.41942273593749996 0.6705018593750001 0.4468508 0.6705018593750001 0.4468508 0.6165762078125
3 0.13904440468749998 0.44593308593750003 0.10486323281250001 0.44593308593750003 0.10486323281250001 0.5107955390625001 0.13904440468749998 0.5107955390625001 0.13904440468749998 0.44593308593750003
3 0.049834814062499996 0.3767063203125 0.025383659375 0.3767063203125 0.025383659375 0.432156134375 0.049834814062499996 0.432156134375 0.049834814062499996 0.3767063203125
3 0.5586962703125 0.1046431234375 0.5244511546874999 0.1046431234375 0.5244511546874999 0.2170223046875 0.5586962703125 0.2170223046875 0.5586962703125 0.1046431234375
3 0.5793303734374999 0.286553903125 0.5438170515625 0.286553903125 0.5438170515625 0.345773234375 0.5793303734374999 0.345773234375 0.5793303734374999 0.286553903125
3 0.6509893421874999 0.25491449843749997 0.5983676734375 0.25491449843749997 0.5983676734375 0.294661709375 0.6509893421874999 0.294661709375 0.6509893421874999 0.25491449843749997
3 0.39056660781249997 0.3509516734375 0.36675488437500003 0.3509516734375 0.36675488437500003 0.46220817812500004 0.39056660781249997 0.46220817812500004 0.39056660781249997 0.3509516734375