3 0.20639060625 0.6487488328125 0.16165171875 0.640819478125 0.1473289203125 0.7105425734375 0.1920678078125 0.7184719296875001 0.20639060625 0.6487488328125
3 0.1139972140625 0.944496425 0.1274933125 0.87879768125 0.08463426874999999 0.8712015015624999 0.0711381703125 0.9369002468750001 0.1139972140625 0.944496425
3 0.3858208515625 0.573123909375 0.35152243437499997 0.5670449843750001 0.3407100609375 0.6196794031249999 0.375008478125 0.625758328125 0.3858208515625 0.573123909375
3 0.5895694734375 0.19955206718750002 0.5409451078124999 0.1909340640625 0.5276980140624999 0.2554206546875 0.5763223796875 0.2640386578125 0.5895694734375 0.19955206718750002
3 0.763494578125 0.11582130625 0.7355554843750001 0.110869484375 0.7236740484374999 0.168708084375 0.7516131421875001 0.17365990625 0.763494578125 0.11582130625
3 0.650408209375 0.20316569062499998 0.5168694046875 0.179497765625 0.4635733703125 0.4389418125 0.5971121734375 0.4626097359375 0.650408209375 0.20316569062499998
3 0.272674690625 0.6570573453125 0.1505966453125 0.6354206828125 0.0961717828125 0.9003598281249999 0.2182498296875 0.921996490625 0.272674690625 0.6570573453125
2 0.8107565749999999 0.047324264062499996 0.5711016609375 0.3396206640625 0.568825403125 0.256638428125 0.55515664375 0.2680528484375 0.5587953234375 0.35514926875 0.187172871875 0.7931379140625 0.18514881562500002 0.7082651359375001 0.1706185640625 0.7147451640625 0.17380263437500001 0.8084053718750001 0.11752311093750001 0.8708396171875 0.12513805625000002 0.8901960390625 0.8317047453124999 0.051037040624999995 0.8107565749999999 0.047324264062499996
4 0.2652038671875 0.659172678125 0.2307237546875 0.65306155 0.21993351562500002 0.7055882234374999 0.2544136265625 0.7116993515625001 0.2652038671875 0.659172678125
4 0.319205996875 0.7818654609375 0.28602570156249996 0.7759847078125001 0.27568256562500004 0.826334890625 0.308862859375 0.83221564375 0.319205996875 0.7818654609375
4 0.1835863828125 0.9568301531250001 0.1877254078125 0.936681459375 0.152930821875 0.9305145953125 0.148791796875 0.9506632890625 0.1835863828125 0.9568301531250001
4 0.47089028906249997 0.37760296875 0.4375842078125 0.371699921875 0.42647966718749997 0.42575660156249995 0.45978575 0.43165964843750004 0.47089028906249997 0.37760296875
4 0.6975946078125 0.3295974578125 0.6659866734375 0.3239953828125 0.655590415625 0.3746041578125 0.68719835 0.3802062328125 0.6975946078125 0.3295974578125
4 0.646324740625 0.20827112187500002 0.6127740671875 0.2023247234375 0.6019794015625 0.2548729453125 0.6355300734375 0.26081934218749997 0.646324740625 0.20827112187500002
1 0 0.821414959375 0.030816037499999997 0.8091445859374999 0.0298760359375 0.7759951515625 0 0.7901221625 0 0.821414959375
0 0.2840327609375 0.5581531703125 0.23794735937499997 0.5714950265625001 0.2374095734375 0.610368053125 0.2828297671875 0.6001657093749999 0.2840327609375 0.5581531703125
0 0.4651682828125 0.4258151640625 0.42581606250000004 0.471172403125 0.4248102484375 0.514284103125 0.46690210781249997 0.46562458281249997 0.4651682828125 0.4258151640625
0 0.39348980624999996 0.3058186609375 0.349407396875 0.32000128437500003 0.347616725 0.360030259375 0.39410755937499997 0.343879175 0.39348980624999996 0.3058186609375
0 0.6648275203125 0.1088532296875 0.6178464046875 0.1272993375 0.6154024875 0.1676982984375 0.6646135531249999 0.14866025624999998 0.6648275203125 0.1088532296875
1 0.0739581359375 0.61053544375 0.041079196875 0.5948599296875 0.0438304078125 0.7525285640625 0.07450655 0.7621553453125001 0.0739581359375 0.61053544375
1 0.133133484375 0.63813688125 0.08099855156249999 0.6539241437500001 0.083839659375 0.695980075 0.13433715468750002 0.676980196875 0.133133484375 0.63813688125
1 0.13509149843749998 0.7907079015625 0.13650729374999998 0.6812029203125001 0.1087069046875 0.6751422328125 0.10912843750000001 0.7817109765625 0.13509149843749998 0.7907079015625
0 0.070176271875 0.830712559375 0.023885092187500002 0.8457577625000001 0.02293354375 0.8803374484375001 0.07041457031250001 0.8682580265625001 0.070176271875 0.830712559375
1 0.136868984375 0.9485501328125 0.18215344375 0.9000075437499999 0.18041018281250001 0.8596023671875 0.10895658593749999 0.9436030421874999 0.136868984375 0.9485501328125
1 0.1804856921875 0.9039375484375001 0.24781584375 0.8278001671874999 0.246641903125 0.7818699625 0.1808894796875 0.8610452234375 0.1804856921875 0.9039375484375001
1 0.5034919343750001 0.523955746875 0.5031151687500001 0.4739122078125 0.2453700515625 0.7849410406249999 0.24732197031249997 0.8298834984375001 0.5034919343750001 0.523955746875
1 0.5092021984375 0.520140321875 0.5705199734375 0.448887103125 0.565067271875 0.41082169999999996 0.502343446875 0.47877600937500003 0.5092021984375 0.520140321875
1 0.62833664375 0.3774857265625 0.6275239015625 0.3250198453125 0.5668946203125 0.3988976140625 0.5685562234375 0.45156084375 0.62833664375 0.3774857265625
1 0.6270602125 0.3790841828125 0.8726531937500001 0.085022790625 0.8711374640624999 0.05802595000000001 0.859962884375 0.056045409375 0.6266216140624999 0.32509666875 0.6270602125 0.3790841828125
1 0.8346474328125 0.051558590625 0.8307683875 0.073907475 0.8831883828124999 0.0732294265625 0.8854968828124999 0.060570960937499994 0.8346474328125 0.051558590625
1 0.21700240312500002 0.962752684375 0.90430348125 0.14788108125 0.902826140625 0.09231470625 0.185039534375 0.9570877031249999 0.21700240312500002 0.962752684375
1 0.46204160781250003 0.30809802343750003 0.45768518125 0.15673452968749998 0.42866424687500004 0.14098232187499998 0.4331979890625 0.2956994234375 0.46204160781250003 0.30809802343750003
1 0.5154618937500001 0.1830071140625 0.465989075 0.2012885421875 0.4682049765625 0.244759075 0.519517146875 0.2263592 0.5154618937500001 0.1830071140625
1 0.524074709375 0.3399737015625 0.519845209375 0.2333967140625 0.4945167203125 0.22689194375000002 0.495733940625 0.32750006875 0.524074709375 0.3399737015625
1 0.3550725078125 0.3800698109375 0.42168360156249995 0.3523858734375 0.41764090156250006 0.324792640625 0.3516979859375 0.35179767812499996 0.3550725078125 0.3800698109375
1 0.158398446875 0.801645021875 0.116532553125 0.8418498609375 0.1166246046875 0.8791940859375 0.15815224375 0.830767340625 0.158398446875 0.801645021875