4 0.19337154843749998 0.5698211796875 0.151713928125 0.5737678453124999 0.1603929125 0.6177139656249999 0.20205053125 0.6137672984375 0.19337154843749998 0.5698211796875
0 0.37368796406250004 0.6233334 0.350359696875 0.6255435312500001 0.3536976671875 0.642445378125 0.377025934375 0.6402352437500001 0.37368796406250004 0.6233334
4 0.2046178796875 0.300148821875 0.21429822187499997 0.34916533125 0.2642873640625 0.3444293296875 0.2536056640625 0.2903424328125 0.20694913124999997 0.29476270000000004 0.2056165578125 0.296610421875 0.2059502890625 0.298300275 0.2046178796875 0.300148821875
4 0.151095203125 0.725348828125 0.15243029375 0.732109071875 0.190755303125 0.7284781390624999 0.1824103765625 0.686223521875 0.1474179765625 0.689538721875 0.146085403125 0.6913864453125 0.1524276125 0.7235002828125 0.151095203125 0.725348828125
4 0.16961459375000001 0.2690280375 0.1702822203125 0.272408571875 0.2252702796875 0.26719897187499997 0.21392095156250002 0.2097315375 0.1572665890625 0.2150990046875 0.1559341796875 0.21694755156249998 0.165614359375 0.26596323593750004 0.16961459375000001 0.2690280375
5 0.5566477546875 0.6042782078125 0.5569814859375 0.6059680609375 0.5589816843750001 0.607500875 0.5593154171875 0.6091907296875 0.5613154546875 0.6107227171875 0.5616493484375 0.612413396875 0.5636493859375 0.6139453859375 0.5646509078124999 0.6190165984375 0.56665094375 0.6205485875 0.5653183703125 0.6223963078125 0.56698751875 0.63084805625 0.564322534375 0.6345443234375 0.5623223359375 0.6330115109375 0.5573234234375 0.6334851109375 0.56066155625 0.65038778125 0.5623278609375 0.6502299140625001 0.5663252515625 0.6446851 0.5679915578125 0.644527234375 0.56999175625 0.646060046875 0.5706593828125001 0.64944058125 0.5726594203125 0.65097256875 0.6643061828125 0.6422899 0.6325948125 0.48171906093750005 0.5292839171875 0.491506796875 0.5509812140625 0.6013712734375 0.5526475171875 0.6012134062500001 0.5566477546875 0.6042782078125
5 0.0670976703125 0.059360396875 0.0038065906250000004 0.06535663124999999 0.0113276546875 0.1944883328125 0.0922698203125 0.1868198234375 0.0670976703125 0.059360396875
4 0.240087703125 0.7547975890624999 0.25076940468750003 0.8088844859375 0.2974259375 0.8044642171874999 0.28607661093750003 0.7469967859375 0.244418990625 0.750943453125 0.24308658125 0.752792 0.24142027656249998 0.7529498671875 0.240087703125 0.7547975890624999
5 0.8603085734375 0.7666329984375 0.783658553125 0.7738948671875 0.8160375515625 0.937846240625 0.8926875687500001 0.9305843734374999 0.8603085734375 0.7666329984375
4 0.2839789359375 0.43554258749999997 0.2859791359375 0.43707540156249997 0.2919876140625 0.46749938437500005 0.3353115375 0.46339484999999997 0.326632553125 0.41944873125 0.2833086296875 0.42355326406250005 0.2839762578125 0.4269337984375 0.28264368281249996 0.42878151875 0.2839789359375 0.43554258749999997
5 0.8148002265625 0.1837971109375 0.73315129375 0.191532578125 0.7748767375 0.4028097828125 0.8565256703124999 0.39507431406250004 0.8148002265625 0.1837971109375
1 1 0.5039899640625001 0.9988670515625 0.5055608875 0.9992009484375 0.5072515671875 0.9978683734375 0.5090992875 0.9982022687500001 0.5107899687499999 0.9955371234375001 0.514485409375 0.9958710171874999 0.5161760906249999 0.99453844375 0.5180238109374999 0.995206071875 0.5214043453125 0.9938736609375001 0.5232528921874999 0.99420739375 0.5249427453125 0.9915424109375 0.5286390140624999 0.9918761437500001 0.5303288687500001 0.989211159375 0.5340251359375 0.9895450546875001 0.5357158156249999 0.98821248125 0.5375635375 0.986546178125 0.537721403125 0.987213803125 0.5411019375 0.9858812312499999 0.542949659375 0.98654885625 0.54633019375 0.9825514640625 0.5518750078125 0.9828851953125 0.5535648640625 0.981552625 0.555412584375 0.98188651875 0.5571032640625 0.9805539453125001 0.5589509859375 0.9808878390625001 0.5606416656250001 0.9715603187499999 0.5735781890625 0.9718940515625001 0.57526804375 0.9678966578124999 0.5808128578125 0.968230390625 0.5825027125 0.9668978156250001 0.5843504328125 0.9675654437500001 0.5877309671875001 0.966233034375 0.5895795140625 0.9665667656249999 0.5912693671875 0.9639017828125 0.5949656359375 0.9642356765625 0.596656315625 0.9629031046875 0.5985040359375 0.9635707312499999 0.6018845703125 0.9609057484375001 0.6055808390624999 0.96123948125 0.60727069375 0.958574496875 0.6109669609374999 0.9592421234374999 0.6143474953125 0.9579095515624999 0.6161952171875 0.9582434453124999 0.6178858968750001 0.9569108734375 0.61973361875 0.9552445687500001 0.619891484375 0.9555784640624999 0.621582165625 0.9529134796875001 0.6252784328125001 0.9532472125 0.6269682875 0.9492496578124999 0.6325122765625 0.9499172828125 0.635892809375 0.9485848718750001 0.6377413578125 0.9489186046875 0.6394312109375 0.9449210499999999 0.6449752 0.94525494375 0.6466658796875 0.9439223703125 0.6485136015624999 0.9442562640625001 0.6502042796875 0.9415912843750001 0.653900546875 0.941925015625 0.6555904031249999 0.9405924421874999 0.6574381234375 0.9412600671875 0.6608186578125 0.9399276578125001 0.6626672046875 0.940261390625 0.664357059375 0.9375964078125 0.6680533265624999 0.937930140625 0.66974318125 0.9365977296875 0.6715917265625 0.9369314609374999 0.6732815828125001 0.9355990500000001 0.675130128125 0.9359327828125 0.6768199828125 0.9346003734374999 0.678668528125 0.9349341046875 0.6803583843750001 0.9322691234375 0.684054653125 0.93293675 0.6874351875 0.9276067843750001 0.6948277218750001 0.928274409375 0.6982082562499999 0.9242768546875 0.7037522453125 0.9246105859375 0.7054421 0.9232781765625001 0.707290646875 0.9236119078125 0.7089805015625 0.9169493687499999 0.71822075625 0.917283265625 0.7199114375 0.9146182812499999 0.7236077046875 0.9152857453125 0.7269874140625 0.9139533359374999 0.7288359609375 0.9146209624999999 0.7322164953125 0.9132883890624999 0.734064215625 0.9139560156250001 0.73744475 0.91262360625 0.739293296875 0.9132910687500001 0.7426730046875 0.911958659375 0.7445215515625 0.912292390625 0.7462114046874999 0.9142925906249999 0.7477442187500001 0.9176252 0.7474284859375 0.9196252375 0.7489604734374999 0.920957809375 0.7471127531249999 0.927623028125 0.7464812859375 0.9289554390625 0.7446327390625 0.9286217078125001 0.742942884375 0.9326192624999999 0.7373988953125 0.9322853671875 0.735708215625 0.933617940625 0.7338604953125001 0.93328404375 0.7321698140625 0.93461661875 0.73032209375 0.9342827249999999 0.7286314140625 0.93694770625 0.7249351468749999 0.936613975 0.7232452921875 0.9379465484375 0.7213975703125 0.9372789203125 0.7180170359375 0.93861133125 0.716168490625 0.9382775984375 0.714478634375 0.9409425828125 0.7107823671875 0.9406088515625 0.7090925140625 0.9459388171875001 0.701699978125 0.9452711890625001 0.6983194453125 0.9466037640625 0.696471721875 0.9459361359375 0.6930911875 0.9472685453125 0.6912426421875 0.9469348125 0.6895527875 0.9495997968750001 0.6858565203125 0.9492659015625 0.684165840625 0.9505984734374999 0.68231811875 0.949930846875 0.6789375828125 0.9539284046875001 0.6733935953125 0.953594509375 0.671702915625 0.957592065625 0.6661589265625001 0.9592583687499999 0.666001059375 0.9605909421875 0.6641533374999999 0.960257046875 0.6624626578125 0.9615896203125001 0.6606149375 0.961255725 0.6589242578125 0.9639207078125 0.6552279890625 0.9635869765624999 0.6535381359375 0.96491955 0.651690415625 0.9645856546875 0.6499997343749999 0.96991561875 0.6426071999999999 0.96924799375 0.6392266656250001 0.9705805671875 0.63737894375 0.9702468359375 0.6356890890625 0.9729118171875 0.631992821875 0.9725779234375 0.6303021421875 0.9752429046875 0.626605875 0.974909171875 0.6249160203125 0.9789067296875 0.61937203125 0.978572834375 0.6176813515624999 0.9825703890625 0.6121373609375 0.982236659375 0.6104475078125 0.984901640625 0.6067512390625 0.984567746875 0.605060559375 0.9872327296875 0.6013642921875 0.986898996875 0.5996744374999999 0.98823140625 0.597825890625 0.9875639421875 0.59444618125 0.9888963546875 0.5925976359375 0.9882287281250001 0.5892171015625001 0.9895613000000001 0.5873693796875 0.9892274046875 0.5856787 0.9918923890625001 0.5819824328125 0.991224925 0.578602725 0.992557334375 0.5767541781250001 0.9922236015625 0.5750643234374999 0.9948885859375001 0.57136805625 0.994554690625 0.569677375 0.9958872640624999 0.5678296546875 0.9955535328125 0.5661398 0.999550925 0.5605949859375 0.9992171937500001 0.55890513125 1 0.5578190875 1 0.5039899640625001
0 0.57937605625 0.8139105859375 0.5763719796875 0.7986994203125 0.5580426296875001 0.8004359531249999 0.55671005625 0.802283675 0.5593804 0.8158049843749999 0.57937605625 0.8139105859375
0 0.21368485625 0.51796389375 0.21435231875 0.5213436031249999 0.21301990937499998 0.5231921500000001 0.2150226265625 0.5333329265625 0.23668458750000002 0.5312806609375 0.23368051093750003 0.51606949375 0.22701529374999999 0.5167009609375001 0.22501509375 0.515168146875 0.2150172671875 0.5161153484375001 0.21368485625 0.51796389375
1 0.306658665625 0.4902151 0.3026584296875 0.48715029843749996 0.302324534375 0.48545961875000004 0.30032449843750003 0.48392763125 0.2993231390625 0.47885724218750003 0.295322903125 0.475792440625 0.29498900781250004 0.47410176249999997 0.29098877343749996 0.4710369609375 0.290321309375 0.4676572515625 0.288321109375 0.4661244375 0.287987378125 0.464434584375 0.2839871421875 0.46136978281249996 0.2833195140625 0.4579892484375 0.2813193140625 0.456456434375 0.27998422343749996 0.4496961921875 0.27798402499999997 0.44816337968750003 0.27765029375 0.44647352500000004 0.271650021875 0.4418767375 0.27031476875 0.43511566874999996 0.2683145671875 0.43358285468749996 0.2679808359375 0.4318930015625 0.2639805984375 0.4288282 0.26364686718749997 0.42713834375 0.26164666875 0.4256055328125 0.26031141562500004 0.4188444640625 0.2583113765625 0.41731247656250003 0.2579776453125 0.41562261874999995 0.24997717343749998 0.40949301718750003 0.24964327968750002 0.407802340625 0.24364300625 0.40320555 0.242975378125 0.399825015625 0.2409753421875 0.3982930265625 0.24030771562500003 0.3949124921875 0.23430744374999998 0.3903157046875 0.2336398171875 0.3869351703125 0.22963958125 0.38387036874999997 0.2293056859375 0.382179690625 0.2273056484375 0.3806477015625 0.22697191718749998 0.37895784843749997 0.22497171875 0.3774250359375 0.224304090625 0.3740445015625 0.22230405625 0.3725125125 0.221636428125 0.369131978125 0.2156361546875 0.36453518906250004 0.21396700625 0.356083440625 0.2119669703125 0.35455145312499997 0.21163323906249998 0.3528615984375 0.2076330015625 0.349796796875 0.2072991078125 0.34810611874999997 0.205299071875 0.3465741296875 0.20496517656250002 0.34488344843749996 0.20296513906250002 0.3433514625 0.2026312453125 0.34166078125 0.19863117187499998 0.33859680625 0.19796354375 0.3352162734375 0.19596334531249998 0.333683459375 0.19562961406249998 0.3319936046875 0.18396547968750002 0.33309867187500003 0.1873034515625 0.35000051875 0.1933038859375 0.35459813281249997 0.19363761875000002 0.3562879875 0.1956376546875 0.357819975 0.19597155156249998 0.35951065625 0.2019718234375 0.36410744375 0.20497606093749998 0.37931943437500004 0.20697626093750002 0.3808522484375 0.2073099921875 0.382542103125 0.21331026562500002 0.387138890625 0.21364415937499998 0.3888295703125 0.21564419687499997 0.39036155781250004 0.2159780921875 0.3920522390625 0.21797812656249999 0.3935842265625 0.21831185937500003 0.3952740796875 0.2223120953125 0.39833888125 0.222645990625 0.4000295609375 0.224646028125 0.4015615484375 0.2253136546875 0.4049420828125 0.233314125 0.41107168437499997 0.23498311093750002 0.41952260937499997 0.2369831484375 0.4210545984375 0.2373170421875 0.42274527656250005 0.2413172796875 0.42581007812499994 0.2416510109375 0.42749993125 0.243651209375 0.4290327453125 0.2449863015625 0.43579298906249997 0.2469865015625 0.4373258015625 0.2473202328125 0.43901565624999994 0.2489865359375 0.438857790625 0.2529867734375 0.44192258906250004 0.2533206671875 0.4436132703125 0.261320978125 0.44974204687499997 0.2619886046875 0.45312258125 0.26398880468749997 0.45465539374999997 0.2643225359375 0.45634524687500005 0.2703228078125 0.4609420375 0.2716580609375 0.46770310625 0.2736582609375 0.4692359171875 0.27399199375 0.4709257734375 0.275658296875 0.47076790468749996 0.279658534375 0.47383270624999996 0.279992265625 0.47552256249999997 0.281992465625 0.47705537343750004 0.2823261984375 0.47874523125 0.284326396875 0.480278040625 0.28466012812499997 0.4819678984375 0.28666016562499996 0.48349988593750004 0.286994059375 0.48519056406249994 0.288994096875 0.486722553125 0.2909969765625 0.49686415625 0.2989974484375 0.5029937578125 0.29933118125 0.5046836124999999 0.303331415625 0.5077484125 0.3133292453125 0.5068012125 0.3116602609375 0.4983502890625 0.3096600609375 0.496817475 0.30899259843750004 0.4934377671875 0.306992396875 0.49190495468749995 0.306658665625 0.4902151
4 0.372328421875 0.5390923953125 0.376000125 0.557684096875 0.4059936109375 0.554842496875 0.3983161484375 0.5159675890625001 0.371655271875 0.51849345625 0.3703228625 0.520342003125 0.3736608328125 0.5372438500000001 0.372328421875 0.5390923953125
0 0.2467691671875 0.8058196843750001 0.22677351093749998 0.8077140859374999 0.22977775 0.822926078125 0.24977340625000002 0.8210316765625001 0.2467691671875 0.8058196843750001
0 0.162349575 0.481502840625 0.1593453359375 0.46629085000000003 0.1426822890625 0.4678695171875 0.141349715625 0.4697172375 0.14402022187500002 0.48323937499999997 0.162349575 0.481502840625
5 0.30935881875 0.5984347484375 0.3080264109375 0.6002832953125 0.3190418421875 0.6560600484375 0.33903749843750003 0.6541656484375 0.3206783359375 0.5612038453125 0.30401528906249997 0.5627825109375 0.30468291718749996 0.5661630453125001 0.3033503421875 0.568010765625 0.30935881875 0.5984347484375
4 0.725620203125 0.6175405734375 0.726952775 0.615692853125 0.720276671875 0.5818883359375 0.6902831875000001 0.5847299375 0.687618203125 0.5884262046875001 0.6939604125 0.6205400421875 0.725620203125 0.6175405734375
1 0.4863372640625 0.6350451234375 0.48433706406250004 0.6335123109375 0.48333570468750003 0.6284419203125 0.4793354703125 0.6253771203125 0.47900173749999997 0.623687265625 0.4770015390625 0.6221544531250001 0.47600017968749997 0.6170840640625 0.47400014375 0.6155520765625 0.473666246875 0.613861396875 0.46766597499999996 0.6092646078125 0.465996990625 0.6008136859375 0.4639967921875 0.599280871875 0.46366305937499996 0.59759101875 0.459662821875 0.594526215625 0.459328928125 0.5928355375 0.45732889062500004 0.5913035484375 0.4566612640625 0.5879230140625 0.454661228125 0.5863910265625 0.454327334375 0.5847003453124999 0.4526610296875 0.5848582125 0.45066099218750005 0.583326225 0.449993365625 0.579945690625 0.44799316562499997 0.5784128765625 0.4473257015625 0.57503316875 0.44532550156250006 0.5735003562500001 0.44499177031250003 0.5718105015625 0.440991534375 0.5687457015625 0.4406576390625 0.5670550203125 0.43865760312499996 0.5655230328124999 0.4379899765625 0.5621424984375001 0.435989940625 0.5606105109375 0.43565604531249996 0.55891983125 0.43165580937500003 0.5558550296875 0.4313220765625 0.5541651765625 0.42932187656250004 0.5526323625 0.42865441249999997 0.5492526546875001 0.4266542140625 0.547719840625 0.42632048281249996 0.5460299875 0.422320246875 0.5429651859375 0.4219863515625 0.54127450625 0.419986315625 0.53974251875 0.4193186875 0.5363619843749999 0.41131821718749995 0.5302323828125 0.410984484375 0.5285425265625 0.40898428437499995 0.5270097140625001 0.40798292500000005 0.5219393250000001 0.4059828890625 0.5204073375 0.40564899375 0.5187166578125 0.4036489578125 0.5171846703125 0.40331506250000004 0.5154939890625 0.39931499062500003 0.512430015625 0.398981096875 0.510739334375 0.39698105781250004 0.509207346875 0.39631343281250003 0.5058268125 0.39431323281249997 0.504294 0.3939795015625 0.5026041453125 0.385647978125 0.503393478125 0.3866493359375 0.5084638671875 0.388649534375 0.5099966796875 0.3903158390625 0.5098388140625 0.394316075 0.512903615625 0.395651165625 0.5196638578125 0.397651365625 0.5211966703125 0.39998797656249996 0.5330281265625 0.4019880140625 0.5345601156249999 0.4029895359375 0.5396313312500001 0.40698960937499995 0.54269530625 0.40765723437499995 0.546075840625 0.409657434375 0.547608653125 0.41132642031250005 0.556059578125 0.41332645625 0.5575915640625 0.41366035312499994 0.5592822453124999 0.419660625 0.5638790328125001 0.421329609375 0.57232995625 0.42332980937500003 0.57386276875 0.4236635421875 0.5755526234375 0.425663740625 0.5770854359375 0.425997471875 0.578775290625 0.4279975078125 0.580307278125 0.42833140312499995 0.581997959375 0.43033143906250004 0.5835299453125 0.43166669375 0.5902910140625 0.4396671671875 0.596420615625 0.44033479375000006 0.5998011515624999 0.4423348296875 0.6013331390625 0.44266872343749997 0.6030238203125 0.44666879687499994 0.60608779375 0.4470026921875 0.607778475 0.449002728125 0.6093104625 0.4493366234375 0.6110011421875 0.455336896875 0.6155979312500001 0.455670790625 0.6172886109375 0.45767082812500004 0.6188205984375 0.45867218593750003 0.6238909859375 0.46467262031249995 0.6284886015625 0.465340084375 0.6318683093749999 0.46734028437499997 0.6334011234375 0.46800791249999996 0.6367816578125 0.47600838437500004 0.642911259375 0.47634211718749997 0.6446011125 0.47834215156250004 0.6461331 0.478676046875 0.64782378125 0.4866765203125 0.6539533828125 0.4870102515625 0.6556432359375 0.48901045 0.65717605 0.492343059375 0.6568603171875 0.4936754703125 0.6550117703125 0.4933417390625 0.6533219140625001 0.49467415 0.65147336875 0.49367279062499997 0.6464029796874999 0.489672553125 0.6433381796875 0.48900492656249994 0.6399576453125 0.487004890625 0.63842565625 0.4863372640625 0.6350451234375
5 0.730646246875 0.7031565234375 0.7239810296875 0.703787990625 0.7226484546874999 0.7056357109375 0.7403401546875 0.7952178078125 0.770333640625 0.7923762062499999 0.752308209375 0.7011042562500001 0.7473092953125 0.70157785625 0.74530925625 0.7000458671875001 0.7319788203125001 0.7013088 0.730646246875 0.7031565234375
5 0.20024401875 1 0.14242442187499998 0.707229903125 0.10576571875 0.7107029703125 0.1628994125 1 0.20024401875 1
5 0.101013784375 0.43738020000000005 0.11036039375 0.48470685468749997 0.13202235625 0.4826545875 0.1163335375 0.4032140953125 0.094671575 0.4052663609375 0.1003461578125 0.43399966562500003 0.10234635781250001 0.43553247968750003 0.101013784375 0.43738020000000005
5 0.45771152343750005 0.7479549203125 0.43604956250000004 0.7500071875 0.4630875453125 0.8869142875 0.48474950781250004 0.884862021875 0.45771152343750005 0.7479549203125
5 0.6694080921875 0.968956090625 0.6910700546874999 0.9669038234375 0.6480095203125 0.7488663765625 0.62968016875 0.7506029109375 0.6283475953125001 0.75245063125 0.6266812890625 0.752608496875 0.6694080921875 0.968956090625
1 0.268344378125 0.52828119375 0.2656793953125 0.5319774609375 0.2660132890625 0.5336681390625 0.26468071718749997 0.5355158609374999 0.2630144125 0.535673728125 0.2603494296875 0.5393699953125 0.2606831625 0.5410598515625 0.2593507515625 0.5429083968749999 0.2596844828125 0.5445982515625001 0.255687090625 0.5501430640625 0.256020821875 0.5518329203125 0.24935828437500002 0.5610731765625 0.250025909375 0.5644537109375001 0.24336337187499998 0.57369396875 0.2436972671875 0.575384646875 0.2396997125 0.5809286359375 0.24003360625 0.5826193156249999 0.23603605 0.5881633046875 0.2343697453125 0.588321171875 0.233037171875 0.5901688921875 0.23137086718750002 0.590326759375 0.2220433453125 0.6032632828125 0.2230448671875 0.608334496875 0.22171229375 0.61018221875 0.22338127968750002 0.6186331421875 0.2220488703125 0.6204816890625 0.223383959375 0.6272419328125001 0.22205155156249998 0.6290904796875 0.2237205359375 0.6375414015625 0.21839057031250003 0.6449339375 0.2187243015625 0.646623790625 0.21605931875 0.6503200578125 0.21439301406250003 0.650477925 0.214726909375 0.6521686046874999 0.21339433593749998 0.654016328125 0.21406196249999998 0.6573968625 0.2127293890625 0.6592445828125 0.21306328593749999 0.6609352625 0.209065728125 0.66647925 0.20973335468749998 0.669859784375 0.20840078125 0.6717075046875001 0.208734678125 0.6733981859375 0.2074021046875 0.67524590625 0.207736 0.6769365859375001 0.20640342656250002 0.678784309375 0.206737321875 0.6804749875 0.20540474843749998 0.682322709375 0.20573864375 0.6840133875000001 0.2017410859375 0.6895573796875001 0.203410071875 0.6980083015625 0.20541010937499998 0.6995402890625 0.20574400312500002 0.70123096875 0.20774404062500001 0.70276295625 0.20807793437500002 0.7044536375 0.21007797187500002 0.7059856250000001 0.2234084109375 0.7047226921874999 0.2247409828125 0.70287496875 0.22407335781249998 0.699494434375 0.2267383375 0.6957981671875 0.22640460624999997 0.6941083140625001 0.2277370171875 0.6922597671874999 0.22740328437500001 0.6905699125 0.23006826875000003 0.6868736453125 0.229734375 0.6851829656249999 0.2310669453125 0.68333524375 0.23039932031250002 0.679954709375 0.2317318921875 0.6781069859375 0.2313979984375 0.6764163078125 0.2327305703125 0.6745685859375 0.2323966765625 0.6728779078125 0.233729246875 0.671030184375 0.23272788906250003 0.665959796875 0.23672528437499998 0.6604149828125 0.2363915515625 0.6587251281250001 0.2377239609375 0.6568765812499999 0.23739022968749998 0.655186728125 0.2387226390625 0.65333818125 0.23838890781250002 0.6516483265625 0.23972148125 0.6498006046875 0.23938758437500002 0.6481099265625 0.240720159375 0.6462622031249999 0.2403862640625 0.644571525 0.24171883749999998 0.642723803125 0.24138494062500002 0.641033121875 0.24271751406250003 0.6391854015625 0.24171615468750002 0.6341150140625 0.24304856562500002 0.6322664671875 0.24238093906249997 0.6288859328124999 0.24771106875 0.621494221875 0.24737717343750001 0.61980354375 0.2500421546875 0.616107275 0.24937452968749999 0.612726740625 0.2507071015625 0.6108790187500001 0.2500394765625 0.607498484375 0.251372046875 0.6056507640625 0.251038153125 0.6039600828125 0.2537031359375 0.600263815625 0.253369403125 0.5985739625 0.25470181406250003 0.596725415625 0.25436808437499997 0.5950355609375 0.2596980484375 0.587643025 0.261364353125 0.5874851578125 0.258694009375 0.573963846875 0.26135899375 0.5702675796875 0.2610250984375 0.5685768999999999 0.2623576703125 0.5667291796875 0.26169004375 0.5633486453125001 0.2643550265625 0.5596523765625 0.26402129531249996 0.5579625218750001 0.26535370468749997 0.5561139749999999 0.264686240625 0.5527342671875 0.2660186515625 0.5508857203125 0.26568491875 0.5491958640625 0.26968231249999997 0.5436510515624999 0.26934857968750003 0.541961196875 0.27068098906250004 0.5401126515625 0.2703472578125 0.5384227953125 0.27167983125 0.5365750734375 0.2713459359375 0.5348843953125 0.27267850937500004 0.5330366734374999 0.2743448140625 0.5328788062500001 0.275677221875 0.531030259375 0.2773435296875 0.5308723921875 0.2786761015625 0.529024671875 0.2803424046875 0.52886680625 0.2800085109375 0.527176125 0.281341084375 0.5253284046875 0.2780031140625 0.5084265578125 0.26633897968750003 0.5095316265625 0.26934321875 0.5247436171875 0.2680106453125 0.5265913375 0.268344378125 0.52828119375
3 0.2737259234375 0.684458965625 0.220404171875 0.6895106984375 0.2294168859375 0.7351466734375001 0.2827386390625 0.7300949390625 0.2737259234375 0.684458965625
0 0.21212639218749998 1 0.21150265625000003 0.9968417078125 0.19317330625 0.9985782421874999 0.19345409062500002 1 0.21212639218749998 1
0 0.7189007234375 0.44599294375 0.6972387624999999 0.4480452125 0.701244521875 0.4683284171875 0.7229064828125 0.46627615 0.7189007234375 0.44599294375
5 0.512365684375 0.741054640625 0.5187080578125001 0.773169303125 0.5207080921875 0.774701290625 0.524713690625 0.7949836718750001 0.52338128125 0.79683221875 0.527386878125 0.8171145984375 0.560712971875 0.8139572640624999 0.544356690625 0.7311370625 0.516029509375 0.733820796875 0.513364525 0.7375170640625 0.5136982578125 0.73920691875 0.512365684375 0.741054640625
0 0.39996352812499997 0.45554736875 0.3969592890625 0.440335378125 0.37696363125 0.44222977812500003 0.37563122187500003 0.4440783234375 0.37830156718749997 0.45759963593749997 0.39996352812499997 0.45554736875
0 0.4479688796875 0.5009329453125 0.4413036609375 0.5015644109374999 0.4399710875 0.5034121328125 0.4383047828125 0.5035699984375 0.43697237343750006 0.5054185453125 0.43530606718750003 0.5055764125 0.4339734953125 0.507424134375 0.4323071890625 0.5075820015625 0.433976175 0.5160329234375001 0.43597637499999997 0.5175657375 0.43631010625 0.519255590625 0.43831030625 0.5207884046875 0.43864403750000003 0.5224782593749999 0.45530708437499995 0.520899590625 0.4546394578125 0.51751905625 0.4559720328125 0.5156713359375 0.45396915312499997 0.5055297328125 0.45196911406250007 0.503997746875 0.4516352203125 0.5023070656249999 0.44996891562499997 0.5024649328125 0.4479688796875 0.5009329453125
1 0.510346721875 0.6792602984375 0.40203691406250003 0.6895216328125 0.4060369875 0.692585609375 0.4083737625 0.7044178921875 0.528347703125 0.6930514890625 0.5280138078125 0.6913608109375 0.5293463828125 0.6895130875000001 0.5326789921875 0.6891973546875 0.5310098437499999 0.6807456078125 0.5160131015625 0.6821664078125 0.5140130640625 0.6806344203125 0.512346759375 0.6807922859375 0.510346721875 0.6792602984375
5 0.1884377796875 0.7769098609375 0.18710520625 0.77875758125 0.196117921875 0.8243935578125001 0.214447275 0.8226570234375 0.19909235 0.744907209375 0.18409560625000002 0.746328009375 0.184763234375 0.74970854375 0.1834306609375 0.7515562640625 0.1884377796875 0.7769098609375
5 0.614357734375 0.776160225 0.5810316390625 0.7793175578125 0.597721815625 0.8638284421875 0.6310479124999999 0.8606711078125 0.614357734375 0.776160225
1 0.170615953125 0.2740984265625 0.168615915625 0.2725664375 0.168282184375 0.270876584375 0.1642819484375 0.2678117828125 0.16328042812500002 0.2627405703125 0.161280390625 0.26120858125 0.1589437796875 0.249377125 0.1569437421875 0.2478451375 0.156609846875 0.24615445625 0.1486093734375 0.24002485468749998 0.1482756421875 0.2383350015625 0.14627544374999998 0.2368021875 0.1459417109375 0.2351123328125 0.1439416765625 0.2335803453125 0.14360778125 0.23188966562500002 0.14160774375000001 0.230357678125 0.140606221875 0.2252864640625 0.13860618593750001 0.2237544765625 0.137938559375 0.220373940625 0.1339383234375 0.2173091390625 0.13360459062500002 0.2156192859375 0.131604390625 0.21408647187500002 0.13060303281250002 0.20901608437500002 0.1286029953125 0.20748409687499997 0.1282691015625 0.205793415625 0.126269065625 0.204261428125 0.1259351703125 0.20257074843749998 0.12393513281249999 0.2010387609375 0.11726991406250001 0.20167022812500002 0.122944496875 0.23040353281249998 0.12494469687500001 0.23193634375 0.1266110015625 0.231778478125 0.1286110375 0.2333104671875 0.129278665625 0.23669100156249998 0.1312787 0.2382229875 0.1316125953125 0.23991366875 0.13761286718750002 0.24451045625 0.1379467625 0.24620113593749998 0.13994679999999998 0.24773312500000003 0.141282053125 0.2544941921875 0.1432820890625 0.25602617968749997 0.143949715625 0.2594067140625 0.147949953125 0.26247151562500004 0.148617578125 0.26585205 0.1506176171875 0.2673840375 0.1536218546875 0.282596028125 0.1556220546875 0.2841288421875 0.15595578593749998 0.285818696875 0.157955984375 0.287351509375 0.1582897171875 0.289041365625 0.162289953125 0.292106165625 0.164960296875 0.305627478125 0.166960496875 0.307160290625 0.16729422968750002 0.3088501453125 0.169294428125 0.3103829578125 0.169628159375 0.3120728109375 0.1716283609375 0.313605625 0.1719620921875 0.3152954796875 0.1739621265625 0.31682746875 0.1742960234375 0.318518146875 0.17629605937499998 0.3200501359375 0.1766299546875 0.3217408140625 0.18063019062500002 0.324805615625 0.180963921875 0.3264954703125 0.182963959375 0.3280274578125 0.18663582343750001 0.3466199828125 0.188636021875 0.348152796875 0.18896975625 0.34984265312499996 0.19096995625 0.35137546406250003 0.17795164218749998 0.2854571078125 0.17395140625 0.2823923078125 0.1736175109375 0.280701628125 0.171617475 0.279169640625 0.170615953125 0.2740984265625
0 0.10561934531249999 0.24582006875 0.108623584375 0.2610320609375 0.130285546875 0.25897979375 0.1269474140625 0.24207712187500002 0.124947375 0.24054513437499997 0.10661802499999999 0.24228166718750002 0.10695175625 0.2439715234375 0.10561934531249999 0.24582006875
3 0.399643359375 0.4969022890625 0.4016433984375 0.49843427656249994 0.43330318749999996 0.495434809375 0.43296945625000005 0.49374495625000003 0.43430186718749997 0.4918964078125 0.43596817187500003 0.4917385421875 0.43730074218750004 0.489890821875 0.4439659625 0.48925935468750004 0.43695612656250005 0.45376498125 0.39029959375 0.4581852484375 0.39530655000000003 0.48353801875 0.3973067484375 0.4850708328125 0.399643359375 0.4969022890625
1 0.6316721640625 0.7263085296875 0.6283395546875 0.7266242625 0.62700698125 0.7284719843749999 0.6103439328125 0.73005065 0.6126805453124999 0.7418821078125 0.6493392515624999 0.738409040625 0.650671821875 0.7365613203125 0.652338128125 0.736403453125 0.6536705375 0.73455490625 0.6553368421875 0.7343970390625 0.6566694156249999 0.7325493187500001 0.6563355203125 0.7308586390625 0.6576680921875 0.7290109171875 0.6559991078125 0.72055999375 0.63600345 0.7224543953125 0.6346708796875 0.724302115625 0.6330045734375 0.7244599828125 0.6316721640625 0.7263085296875
3 1 0.42534539843749997 0.9988399234375 0.4194713390625 0.9488507796875 0.4242073390625 0.949184675 0.42589802031249996 0.9478521015625001 0.427745740625 0.9548619374999999 0.4632401125 1 0.4589637046875 1 0.42534539843749997
5 0.3433389765625 0.5556131765625001 0.3250096234375 0.5573497093750001 0.3366926828125 0.616506996875 0.3550220359375 0.6147704625 0.3433389765625 0.5556131765625001
4 0.418602325 0.37802075625 0.42461080156250003 0.40844474062499997 0.46126950781250003 0.4049716734375 0.45325815 0.3644060859375 0.42159836093749997 0.367405553125 0.4189333765625 0.3711018203125 0.4199347359375 0.3761722109375 0.418602325 0.37802075625
0 0.1889942046875 0.42732341093750004 0.1689985484375 0.4292178125 0.17267041249999998 0.4478103375 0.19266606875 0.44591593593749995 0.1889942046875 0.42732341093750004
3 0.46032224531250004 0.5720795562500001 0.463660378125 0.588982228125 0.46566041562500005 0.5905142140625 0.49065498593749995 0.5881462140625 0.4863154953125 0.5661731546875 0.4646535328125 0.5682254203125 0.4633211234375 0.5700739671874999 0.46165481875000003 0.570231834375 0.46032224531250004 0.5720795562500001
2 1 0.4221688546875 0.9995075484375 0.4228518734375 0.9978412437499999 0.42300974062499996 0.996508834375 0.4248582859375 0.9948425296875 0.42501615312499996 0.9935099562499999 0.426863875 0.9901773468749999 0.4271796078125 0.9888449375 0.4290281546875 0.9871786328125 0.429186021875 0.9858460593749999 0.4310337421875 0.9808471453125 0.4315073421875 0.979514571875 0.4333550640625 0.9728493531250001 0.43398652968749996 0.9708493171875 0.43245454375000003 0.970515584375 0.43076468749999997 0.9688492796875 0.4309225546875 0.9668490796875 0.42938974218750003 0.9635164703125 0.429705475 0.9615164343749999 0.42817348749999995 0.9448533875 0.42975215312500004 0.9435208140625001 0.43159987656250004 0.9285240703125 0.433020675 0.9271916609374999 0.434869221875 0.9255253546875 0.4350270890625 0.92352515625 0.433494275 0.8685371 0.43870387656250004 0.8665370625 0.4371718890625 0.85987184375 0.43780335625 0.85787164375 0.4362705421875 0.856205340625 0.43642840937500005 0.8542053031249999 0.434896421875 0.8458737781250001 0.43568575468750004 0.8445412078125001 0.4375334765625 0.8425411687500001 0.4360014890625 0.8325433421874999 0.43694868906249995 0.8305431421874999 0.435415875 0.8105474859375 0.4373102765625 0.8138856171875 0.45421294687499997 0.817218228125 0.4538972140625 0.8185506359374999 0.45204866718750003 0.8218832453125 0.451732934375 0.8232158203125 0.4498852125 0.824882125 0.44972734687499993 0.8262145359374999 0.44787879999999997 0.8328797531250001 0.4472473328125 0.834212328125 0.44539961093749997 0.83587863125 0.44524174531250005 0.8378786687499999 0.44677373125 0.8412112765625 0.4464579984375 0.84254385 0.444610278125 0.8575405937499999 0.44318947656249996 0.8588731656249999 0.44134175625000005 0.8755362124999999 0.43976309062499996 0.8775362515625 0.441295078125 0.8808688609375 0.44097934531250005 0.8828688953125001 0.44251133125 0.8845352015625 0.442353465625 0.8865354 0.44388627812500003 0.894866925 0.44309694374999997 0.8968669609375001 0.44462893125 0.9168626171875 0.44273453281249997 0.9181951906249999 0.4408868109375 0.9298593234375 0.43978174374999995 0.9318593609375 0.44131373125 0.9485224078125001 0.43973506562500003 0.9505226078125 0.44126787656250005 0.9621867421875001 0.44016281093750004 0.96351915 0.43831426406249996 0.9651854562500001 0.4381563984375 0.9665180296875 0.4363086765625 0.9698506390625001 0.43599294375 0.971850675 0.43752493125 0.9735169812500001 0.4373670640625 0.9775172140624999 0.44043186562500003 0.9788524671875001 0.447192934375 0.9775198968750001 0.4490406546875 0.977853790625 0.450731334375 0.9711912515625001 0.45997159062500004 0.971524984375 0.4616614453125 0.9701925734374999 0.463509990625 0.9705263046875 0.46519984687499993 0.9691938953125 0.46704839218750005 0.9701952546875001 0.47211878125 0.9675302718750001 0.47581505 0.9678640046875 0.4775049046875 0.9625340390625 0.4848974390625 0.9628679328124999 0.48658812031250004 0.9575378046875 0.4939798296875 0.9578716999999999 0.49567051093750003 0.9565391249999999 0.49751823125000005 0.956873021875 0.4992089109375 0.9528754656249999 0.5047528984375 0.953209196875 0.506442753125 0.9518767859375 0.5082913 0.9525444140625 0.511671834375 0.94987943125 0.5153681015625 0.9502131640625 0.5170579578125001 0.9475481796875 0.520754225 0.9478819109375 0.522444078125 0.9465495015625001 0.524292625 0.9468832328125 0.5259824796875 0.9442182515624999 0.5296787468749999 0.9445519828125001 0.5313686015625 0.9432195734375 0.5332171484375 0.9438872 0.5365976828125001 0.9425546265625 0.5384454046875 0.942888521875 0.5401360828125 0.9402235390625 0.54383235 0.9405572703124999 0.54552220625 0.9392246984374999 0.547369928125 0.9395585921875 0.5490606062500001 0.9368936078125 0.5527568765625 0.937227340625 0.5544467296875 0.93589493125 0.5562952765625 0.9362286624999999 0.5579851312499999 0.9348960921874999 0.559832853125 0.9352299859375 0.56152353125 0.9338974125 0.5633712531249999 0.9342313062500001 0.5650619328125 0.9315663234375 0.5687582 0.9319000546874999 0.5704480546874999 0.9305676453125 0.5722966 0.931235109375 0.575676309375 0.9299026984375001 0.5775248562499999 0.93023643125 0.5792147109375 0.92757145 0.5829109781249999 0.9282390765624999 0.5862915125 0.9269065015625 0.588139234375 0.9275741296875 0.59151976875 0.9235767359375 0.59706458125 0.9239104687499999 0.5987544375 0.9225780578125 0.600602984375 0.9229117890625 0.6022928375000001 0.918914234375 0.6078368265625 0.919248128125 0.60952750625 0.9179155578125 0.6113752265625 0.9185831828125 0.6147557609375001 0.9172507718749999 0.6166043078125 0.9175845046875001 0.6182941625 0.91358695 0.623838153125 0.91392084375 0.6255288328125 0.9112558625 0.6292251015625 0.9115895937499999 0.6309149546875 0.9089246093750001 0.634611221875 0.9092583421875 0.6363010765625 0.9079259328125 0.6381496234374999 0.9082596640625 0.6398394765625001 0.9069272546875 0.6416880234375 0.9072609859374999 0.643377878125 0.9045960015625001 0.647074146875 0.9029296984374999 0.6472320140625001 0.9002647156249999 0.65092828125 0.900598446875 0.652618134375 0.8992660375 0.65446668125 0.8999336640625 0.657847215625 0.8986010906249999 0.6596949359375001 0.8992687171875 0.6630754703124999 0.8952711624999999 0.6686194609375 0.89560505625 0.6703101390625 0.894272484375 0.6721578609375001 0.8946062171875001 0.673847715625 0.8919412328125 0.6775439828125001 0.892608859375 0.6809245171875 0.8912764484375 0.6827730640625 0.8916101796874999 0.6844629171875 0.890277771875 0.6863114640625 0.8906115031249999 0.6880013203125 0.8879465218749999 0.6916975875 0.888280253125 0.69338744375 0.88694784375 0.6952359890625 0.8876154703125 0.698616521875 0.8862828953124999 0.7004642453125001 0.886616790625 0.7021549234375 0.8839516453125 0.705850365625 0.884619271875 0.7092309 0.8832868625 0.711079446875 0.8839544890625 0.71445998125 0.8826219156249999 0.7163077015625 0.882955646875 0.7179975562500001 0.880290665625 0.721693825 0.8806245609375001 0.7233845031249999 0.8779595765625 0.7270807718750001 0.8782933093749999 0.7287706265625 0.876960734375 0.7306183468749999 0.8776283625 0.73399888125 0.87363096875 0.7395436953125001 0.871964665625 0.7397015625 0.8706320921874999 0.7415492828125 0.8709659875 0.7432399640625 0.8909616437500001 0.7413455625 0.8906277484375 0.7396548843749999 0.8919603234375 0.7378071609375 0.8912926953125 0.734426628125 0.896622659375 0.7270340921875 0.8962889296875 0.7253442390625 0.9002863218750001 0.7197994234375 0.899952590625 0.7181095703125 0.9026175734375 0.714413303125 0.9022838421875001 0.712723446875 0.906281234375 0.7071786328125 0.905947503125 0.7054887796875 0.9072799125 0.7036402328125 0.9066124484375001 0.700260525 0.9119424140625 0.6928679890625 0.9116085203125 0.691177309375 0.912941090625 0.6893295875 0.912607196875 0.6876389078125 0.9139397703125001 0.6857911859375 0.9136060374999999 0.68410133125 0.914938446875 0.6822527843749999 0.9146047156250001 0.6805629296875 0.9159371265624999 0.6787143828125 0.9149357671875 0.6736439953125 0.9162681765625 0.6717954484375 0.9156007125000001 0.668415740625 0.9169331234375001 0.6665671921875 0.9185994281250001 0.6664093265625 0.918265696875 0.664719471875 0.9209306796875 0.661023203125 0.920596784375 0.6593325250000001 0.9245943390625 0.6537885343750001 0.9242606078125 0.65209868125 0.926925590625 0.6484024140625 0.9265916953125 0.6467117328125 0.9332542343749999 0.6374714781249999 0.932920503125 0.635781621875 0.9342529140625 0.6339330765625 0.9339191828125 0.632243221875 0.9365841640625 0.6285469546875 0.9362504328125001 0.6268571 0.9389154156249999 0.6231608328125 0.9385815187500001 0.621470153125 0.93991409375 0.61962243125 0.9395802 0.6179317515625 0.9435777546875 0.6123877609374999 0.9432440218749999 0.61069790625 0.9445764328124999 0.608849359375 0.9442427015625 0.60715950625 0.9455751109375001 0.605310959375 0.945241378125 0.6036211046875 0.9465737875 0.6017725578124999 0.94624005625 0.6000827046875 0.9475726296874999 0.5982349828125 0.9472387343750001 0.5965443031250001 0.9485713078125 0.5946965828125 0.9482374124999999 0.5930059015625 0.9495699859375 0.59115818125 0.948902359375 0.587777646875 0.95023476875 0.5859291 0.9499010374999999 0.5842392453125 0.9512336109374999 0.582391525 0.9508997171875 0.5807008437500001 0.9522322875 0.5788531234375001 0.95189839375 0.57716244375 0.953230965625 0.5753147234375 0.952897071875 0.5736240421875001 0.95422964375 0.571776321875 0.9538959124999999 0.5700864671875 0.9552283234375001 0.568237921875 0.9548945906249999 0.5665480671875 0.9562270015625 0.5646995203125 0.9558932703125 0.563009665625 0.9585582515625 0.559313396875 0.9582243578125 0.55762271875 0.9595569296875001 0.555774996875 0.9588893031250001 0.5523944625 0.9602218765625 0.5505467421875 0.95988798125 0.5488560609375 0.9625529640625 0.54515979375 0.9622192328124999 0.5434699390625 0.9635518046874999 0.5416222171875 0.9632179109375001 0.5399315375 0.9672154656249999 0.5343875484375 0.9668815703125 0.53269686875 0.9682141453125 0.530849146875 0.9672127875 0.525778759375 0.971210178125 0.5202339453125 0.970876446875 0.5185440906250001 0.9722088546875 0.51669554375 0.9715413937499999 0.5133158359375 0.976871359375 0.5059233 0.9758698375 0.5008520859375001 0.9772024109374999 0.49900436406250004 0.976868678125 0.4973145109375 0.9808660703125 0.4917696953125 0.9805323390625 0.4900798421875 0.9818647484374999 0.4882312953125 0.9815310171875 0.48654144062500004 0.985528571875 0.48099745 0.9848609453125 0.47761691562499997 0.9901909124999999 0.47022438125 0.9898571796875 0.4685345265625 0.9938545718749999 0.46298971250000004 0.9931869453125 0.459609178125 0.99451951875 0.4577614578125 0.9935181609375 0.45269106875 0.9948505703125001 0.45084252343750003 0.9945168375 0.4491526671875 1 0.4415480859375 1 0.4221688546875
5 0.9172343656249999 0.5649499203125 0.937230021875 0.5630555187499999 0.9298864546875001 0.5258712921875001 0.9132234078125 0.5274499593749999 0.9118908328125 0.5292976796875 0.9102245296874999 0.529455546875 0.9172343656249999 0.5649499203125
2 0.2803370453125 0.5116492265625 0.2783368453125 0.5101164140625001 0.2780031140625 0.5084265578125 0.270002640625 0.50229695625 0.269668746875 0.500606278125 0.2676687109375 0.499074290625 0.26733497812499996 0.49738443437499996 0.265334778125 0.495851621875 0.26500104687500003 0.4941617671875 0.26300084687499997 0.4926289546875 0.262667115625 0.4909391 0.260666915625 0.48940628750000004 0.2599992875 0.486025753125 0.257999253125 0.4844937640625 0.2576655203125 0.48280390781250004 0.255665321875 0.48127109843750004 0.255331590625 0.47958124062499996 0.253331390625 0.47804842968749994 0.2526637625 0.47466789687500005 0.2506637265625 0.47313590625 0.2496623671875 0.4680655171875 0.24766216718749998 0.46653270312500006 0.2469945421875 0.4631521703125 0.2449945046875 0.4616201828125 0.2443268796875 0.4582396484375 0.242326840625 0.45670766093750004 0.241992946875 0.45501698125 0.2399929109375 0.45348499374999995 0.239325284375 0.450104459375 0.2253245390625 0.43937806874999996 0.22499064375 0.4376873875 0.2209904078125 0.4346225875 0.220656675 0.4329327328125 0.2166564390625 0.4298679328125 0.21632270625 0.42817807812500003 0.2143225078125 0.42664526406250003 0.2136548828125 0.4232647296875 0.21165484375000002 0.42173274374999997 0.2113211125 0.4200428875 0.207320878125 0.41697808593749996 0.2069869828125 0.41528740781250006 0.2049869453125 0.41375541875 0.20431931875 0.410374884375 0.20231912031250002 0.4088420703125 0.2013177625 0.40377168281250003 0.1993177234375 0.4022396953125 0.19865009843749998 0.39885916093749996 0.1966498984375 0.397326346875 0.1963161671875 0.39563649375 0.18631565781249998 0.3879749046875 0.1836451515625 0.3744527671875 0.18164511249999998 0.3729207796875 0.18131121875 0.3712301 0.1773111453125 0.3681661234375 0.17697725 0.3664754453125 0.174977215625 0.36494345781250004 0.1743095875 0.3615629234375 0.1723093875 0.360030109375 0.17197565625 0.35834025625 0.1699756203125 0.356808265625 0.16964172500000002 0.3551175875 0.1676416875 0.353585596875 0.16730779375 0.3518949203125 0.16530775625 0.3503629296875 0.164306234375 0.34529171718749996 0.1623062 0.3437597296875 0.161638571875 0.3403791953125 0.1596385359375 0.33884720625 0.1589709078125 0.335466671875 0.156970709375 0.333933859375 0.1566369765625 0.33224400468750004 0.1546367765625 0.3307111921875 0.1543030453125 0.3290213375 0.15230300937500002 0.32748935 0.15130148906250002 0.322418134375 0.14930145156250002 0.320886146875 0.14896755781249998 0.31919546875 0.14696751875 0.3176634796875 0.14629989375000002 0.3142829453125 0.14429985625 0.3127509578125 0.14329833593750002 0.30767974374999996 0.1412982984375 0.30614775625 0.140964403125 0.3044570765625 0.1369643296875 0.3013931015625 0.1362967046875 0.2980125671875 0.13429650312500002 0.29647975312499997 0.1332951453125 0.29140936562499997 0.131295109375 0.2898773765625 0.1306274828125 0.2864968421875 0.1286272828125 0.284964028125 0.12795965625 0.28158349375 0.12595962031250002 0.2800515078125 0.1249582609375 0.27498111875000003 0.12295806093749999 0.2734483046875 0.121956703125 0.2683779171875 0.11195619375000002 0.260716328125 0.1116222984375 0.25902564687499996 0.1099559953125 0.2591835140625 0.1079559578125 0.2576515265625 0.10762206249999999 0.255960846875 0.1056220265625 0.25442885937500004 0.103285415625 0.242597403125 0.101285215625 0.2410645890625 0.0989486015625 0.2292331328125 0.0969485671875 0.22770114375 0.096614834375 0.2260112875 0.0949485296875 0.22616915468749998 0.0929483296875 0.22463634062499999 0.089610359375 0.2077344953125 0.0876101609375 0.2062016828125 0.086942534375 0.2028211484375 0.078611009375 0.20361048125 0.08328439531250001 0.2272742203125 0.0849507015625 0.2271163546875 0.0869507375 0.22864834374999998 0.08728446875 0.2303381984375 0.08928467031250001 0.2318710125 0.0896184015625 0.23356086562499997 0.0916186015625 0.2350936796875 0.09428894531250001 0.248614990625 0.0962891453125 0.250147803125 0.09862575625 0.2619792609375 0.10062579218750001 0.2635112484375 0.10095968749999999 0.265201928125 0.10295972499999999 0.26673391562500004 0.10329345625 0.2684237703125 0.1072936921875 0.2714885703125 0.10762758593749999 0.2731792515625 0.109627625 0.2747112375 0.11029525 0.278091771875 0.1122952875 0.27962376093749997 0.1132968078125 0.28469497499999996 0.1152968453125 0.2862269625 0.1162983671875 0.2912981765625 0.11829840312499999 0.29283016562499997 0.1186321359375 0.2945200203125 0.1206323359375 0.2960528328125 0.122635053125 0.30619361093749997 0.1246352515625 0.30772642499999997 0.12530287812500002 0.3111069578125 0.1273029140625 0.31263894531249997 0.1276368078125 0.3143296265625 0.129636846875 0.3158616140625 0.129970740625 0.31755229375 0.1319707765625 0.31908428125 0.132304509375 0.320774134375 0.134304709375 0.32230694843749996 0.1349723359375 0.3256874828125 0.136972371875 0.3272194703125 0.13763999843750002 0.3306000046875 0.141640234375 0.33366480625 0.141973965625 0.335354659375 0.143974165625 0.3368874734375 0.144975525 0.34195786093749997 0.146975725 0.343490675 0.1476431890625 0.34687038281250004 0.15164342343749998 0.349935184375 0.15197731875 0.35162586406249996 0.1539773546875 0.35315785312500003 0.1546449828125 0.3565383875 0.1566451828125 0.35807120000000003 0.157646540625 0.3631415890625 0.1596465765625 0.3646735765625 0.1606480984375 0.369744790625 0.162648134375 0.37127677812500004 0.1636494921875 0.37634716875 0.16564969375 0.3778799796875 0.16598342500000002 0.37956983593750004 0.173983896875 0.3856994359375 0.1743176296875 0.3873892921875 0.17631782812500002 0.388922103125 0.176651559375 0.3906119578125 0.178651759375 0.392144771875 0.178985490625 0.393834625 0.180985690625 0.3953674390625 0.18131942343750002 0.39705729375 0.183319459375 0.39858928125 0.18432098125000002 0.4036604953125 0.18632101875 0.405192484375 0.1876562703125 0.4119535515625 0.1896563078125 0.413485540625 0.18999020312499998 0.4151762203125 0.191990240625 0.416708209375 0.1923241359375 0.4183988875 0.1943241703125 0.4199308765625 0.19465806562500002 0.42162155312499994 0.196658103125 0.42315354374999997 0.1983244078125 0.42299567812500005 0.20232464218750001 0.42606047656249996 0.202658375 0.4277503328125 0.204658575 0.4292831453125 0.20499230468750002 0.430973 0.2089925421875 0.43403780156250005 0.209326275 0.4357276546875 0.21132647499999999 0.43726046875 0.21199410156249998 0.440641003125 0.2139941375 0.44217299062500004 0.21432803281249999 0.44386366875 0.21832826875000003 0.4469284703125 0.218662 0.448618325 0.22266223749999997 0.4516831265625 0.22332986250000003 0.4550636609375 0.22532990000000003 0.45659564843749995 0.22566379374999998 0.4582863265625 0.22766383124999998 0.45981831562500003 0.2279975640625 0.4615081703125 0.22999776249999998 0.4630409828125 0.231666746875 0.47149190625 0.23366694687499998 0.47302471874999996 0.234000678125 0.47471457343749995 0.2360007171875 0.47624656249999997 0.23633461093750002 0.47793724062500004 0.238334646875 0.47946922968749994 0.23866854062499998 0.481159909375 0.24066857968750002 0.482691896875 0.2416699375 0.48776228593750004 0.24367013593750003 0.4892951 0.24433776406250002 0.492675634375 0.2503380359375 0.497272421875 0.2510056609375 0.50065295625 0.2550058984375 0.5037177578125 0.2553396296875 0.5054076109375 0.2593398671875 0.5084724125 0.2596737609375 0.5101630921875 0.26167379999999996 0.5116950796874999 0.26200769375 0.513385759375 0.266007765625 0.516449734375 0.26667539218749997 0.51983026875 0.26867559218750003 0.5213630828125 0.2700106828125 0.5281233265624999 0.27201088125 0.5296561390625001 0.28700762343749997 0.5282353390625001 0.28500474531250003 0.5180937359375 0.2830047078125 0.516561746875 0.2826708140625 0.51487106875 0.2806707765625 0.5133390796875 0.2803370453125 0.5116492265625
2 0.5203281421875 0.6266587078125 0.51832810625 0.6251267203124999 0.517660478125 0.6217461859375 0.5156604437500001 0.6202141984375 0.514992815625 0.6168336640625001 0.50899254375 0.6122368765624999 0.5079910234375 0.6071656625 0.505990984375 0.605633675 0.505323359375 0.602253140625 0.5013231218749999 0.5991883390625 0.500989390625 0.5974984859375 0.49898919062499997 0.5959656718749999 0.49832156562499996 0.5925851375 0.4963215265625 0.5910531484375 0.49598763281249997 0.5893624703125 0.49198755937499994 0.58629849375 0.4916536640625 0.5846078140625 0.48965362656250006 0.5830758265625 0.48931973281249996 0.5813851453125001 0.48731969687500004 0.5798531578125 0.48698580312499995 0.578162478125 0.48498576406250005 0.576630490625 0.48465187031249995 0.5749398109375 0.48265183437500003 0.5734078234375 0.4823181015625 0.57171796875 0.4803179015625 0.57018515625 0.47931654375 0.5651147671875 0.4773163453125 0.563581953125 0.4756500390625 0.5637398203124999 0.47164996718749996 0.5606758453125 0.470982340625 0.5572953109375 0.4689821390625 0.555762496875 0.46864840937499996 0.55407264375 0.46264797343749997 0.5494750296875 0.46231424062500004 0.547785175 0.45431376874999996 0.5416555734374999 0.4536461421875 0.5382750390625 0.45164610625 0.5367430515625 0.451312375 0.5350531968750001 0.4453119375 0.5304555828125 0.4449782046875 0.528765728125 0.44297800625 0.527232915625 0.4413117015625 0.52739078125 0.4429808515625 0.5358425296875 0.446980921875 0.5389065046875 0.4473148171875 0.5405971859375 0.4493148546875 0.5421291734375 0.44998248125 0.5455097062500001 0.4519826796875 0.5470425203125 0.4536516640625 0.55549344375 0.45965193906249996 0.56009023125 0.46098719218750006 0.5668513 0.462987228125 0.5683832875 0.46432248125 0.57514435625 0.46832271875 0.57820915625 0.46865645 0.5798990125000001 0.47065665 0.581431825 0.4716580078125 0.5865022140625 0.4796584796875 0.5926318140625 0.4799922109375 0.594321671875 0.4819924109375 0.595854484375 0.48232614218750003 0.5975443390625 0.4863263796875 0.600609140625 0.4866601109375 0.6022989937500001 0.48866031093749995 0.60383180625 0.48899404375 0.6055216625 0.4909942421875 0.6070544734375 0.4913279734375 0.6087443296874999 0.4953282109375 0.61180913125 0.4956621046875 0.613499809375 0.49766214218749993 0.6150317984375 0.49832976718750005 0.61841233125 0.50032980625 0.6199443203125 0.5006636999999999 0.6216349984375 0.5046639359375 0.6246997999999999 0.50499766875 0.6263896546875001 0.5069977031249999 0.6279216421875 0.507999225 0.63299285625 0.5099992624999999 0.63452484375 0.5106668890625 0.6379053781249999 0.5186673609375 0.64403498125 0.51900109375 0.645724834375 0.5206673984375 0.6455669671875001 0.5226675968750001 0.6470997796875 0.524333903125 0.6469419125 0.5263339375 0.6484739015625001 0.526667834375 0.65016458125 0.52800024375 0.6483160359375 0.52499600625 0.63310404375 0.52299596875 0.63157205625 0.5226620734375 0.629881375 0.5206620390625 0.6283493874999999 0.5203281421875 0.6266587078125
4 0.9459306125 0.6758727828125 0.9482672234375 0.6877042421875 0.9469348125 0.6895527875 0.9516080375 0.7132157015625 0.9965982671875 0.7089533 0.9872518187500001 0.6616274703125 0.95225941875 0.664942671875 0.9469292890625001 0.67233438125 0.9472631843749999 0.6740250609375 0.9459306125 0.6758727828125
5 0.890638634375 0.77409086875 0.8706429765625 0.77598526875 0.9133697796875 0.9923328609375 0.9333654359375 0.9904384609375001 0.890638634375 0.77409086875
3 0.65665585 0.6895045421875 0.5900036609375 0.6958192125 0.5990163749999999 0.7414551875 0.665668565625 0.73514051875 0.65665585 0.6895045421875