0 0.15829715 0.41251255468750003 0.038952510937500004 0.4634283609375 0.051369064062500004 0.502449040625 0.1706865671875 0.452602659375 0.15829715 0.41251255468750003
0 0.36881818125 0.5888020671875001 0.3366648578125 0.58155686875 0.33133242812499997 0.6202186109375 0.36209362343749996 0.626036928125 0.36881818125 0.5888020671875001
0 0.45384938906250005 0.5403589359375001 0.41364314843749994 0.5563161 0.4242767984375 0.59752585 0.4665115328125 0.580104875 0.45384938906250005 0.5403589359375001
0 0.59376119375 0.49103249687500006 0.47207191249999997 0.54117134375 0.48330664843750004 0.5787725265625 0.604230665625 0.5284047265625 0.59376119375 0.49103249687500006
0 0.5646431484375001 0.7823072375 0.5240094984375 0.8006499265624999 0.53522659375 0.83745199375 0.57740705625 0.8212023640625 0.5646431484375001 0.7823072375
2 0.039767978125 0.5634815359374999 0.0292862953125 0.5781477109375001 0.385895521875 0.6424977843749999 0.3912442328125 0.6290841953124999 0.039767978125 0.5634815359374999
0 0.5150719125000001 0.66927621875 0.588177746875 0.7305007390625 0.5996716421875 0.7184135890625 0.5205318859375 0.6527976359375 0.4732496609375 0.6434638109375 0.4707856171875 0.65918906875 0.5150719125000001 0.66927621875
3 0.4643487109375 0.6243279171875 0.3963839890625 0.6243279171875 0.3963839890625 0.6638847859375 0.4643487109375 0.6638847859375 0.4643487109375 0.6243279171875
3 0.6331343281249999 0.720502215625 0.5927815468750001 0.720502215625 0.5927815468750001 0.7665583453125 0.6331343281249999 0.7665583453125 0.6331343281249999 0.720502215625
3 0.23929443749999998 0.58100443125 0.1725101765625 0.58100443125 0.1725101765625 0.6171344171875 0.23929443749999998 0.6171344171875 0.23929443749999998 0.58100443125
3 0.1365535953125 0.5518759234374999 0.0767435546875 0.5518759234374999 0.0767435546875 0.5804135890625 0.1365535953125 0.5804135890625 0.1365535953125 0.5518759234374999
1 0.55926594375 0.606787296875 0.66418453125 0.7044771046875 0.6846512890625001 0.6750709015624999 0.574966078125 0.579203840625 0.55926594375 0.606787296875
1 0.5776526453125 0.737954209375 0.40481275468750005 0.7885553921875 0.4153500671875 0.820660265625 0.5864409765625 0.759949778125 0.5776526453125 0.737954209375
1 0.48189687968749995 0.737217134375 0.495218453125 0.7673220093750001 0.5231302578125 0.7610118171875 0.54653595625 0.7361063515625 0.5425183171875 0.7043057609375001 0.5237978296875 0.73409158125 0.514697421875 0.722081240625 0.48189687968749995 0.737217134375
1 0.3944206234375 0.6936440171875 0.3783934875 0.7201669125 0.4654816828125 0.739940915625 0.48359158750000003 0.713261446875 0.3944206234375 0.6936440171875
1 0.369740840625 0.7166351546875 0.386951153125 0.693859675 0.0078276796875 0.62353028125 0.0214599734375 0.6576218609375 0.369740840625 0.7166351546875
5 0.9316078703124999 0.6435347124999999 0.6569837171875 0.7589276218750001 0.7064857531250001 0.9266632203125 0.9805440984375 0.8280960125 0.9316078703124999 0.6435347124999999
5 0.9986431484375 0.49285524374999995 0.66019674375 0.63302215625 0.672232021875 0.676261446875 0.9986431484375 0.5448847859375 0.9986431484375 0.49285524374999995
5 0.2395047484375 0.44128951250000004 0.09935278125 0.504836040625 0.11908141093749999 0.541326440625 0.2551153328125 0.48280649999999997 0.2395047484375 0.44128951250000004
1 0.6452442328125 0.5450960125 0.5847001359374999 0.5718183156250001 0.5949023062500001 0.60571935 0.652697421875 0.5818522890625 0.6452442328125 0.5450960125
4 0.4128019 0.38701624843750004 0.336316146875 0.38701624843750004 0.336316146875 0.48267355937499995 0.4128019 0.48267355937499995 0.4128019 0.38701624843750004
4 0.346146540625 0.7914549484375 0.264084125 0.7914549484375 0.264084125 0.88768833125 0.346146540625 0.88768833125 0.346146540625 0.7914549484375
4 0.6475169609375 0.8845937968750001 0.5778290359375 0.8845937968750001 0.5778290359375 0.965982275 0.6475169609375 0.965982275 0.6475169609375 0.8845937968750001
5 0.5032632296874999 0.8456129984375 0.4298982359375 0.8456129984375 0.4298982359375 0.8933530281250001 0.5032632296874999 0.8933530281250001 0.5032632296874999 0.8456129984375