3 0.324693121875 0.2521457078125 0.245740740625 0.2521457078125 0.245740740625 0.434920159375 0.324693121875 0.434920159375 0.324693121875 0.2521457078125
2 0.30019999999999997 0.41288023906250004 0.271605290625 0.43246906249999995 0.277906878125 0.650980040625 0.30008042343749997 0.683562875 0.9153989421875 0.7133473046875001 0.9153989421875 0.6533632734375 0.3090370375 0.6392335328125001 0.2968380953125 0.6210938125000001 0.30019999999999997 0.41288023906250004
1 0.7713111109375 0.8205808390625 0.7704296296875001 0.8815349296875 0.88193545 0.88444710625 0.8779671953125 0.822495009375 0.7713111109375 0.8205808390625
1 0.4210211640625 0.674526946875 0.3931925921875 0.6669820359374999 0.37092169375 0.7700838328125 0.3957142859375 0.8029421156250001 0.4127079359375 0.7560479046874999 0.52524761875 0.8100119765624999 0.5513164015625 0.7322594812500001 0.4220108890625 0.69426389375 0.4210211640625 0.674526946875
1 0.2694920640625 0.4424131734375 0.237506878125 0.48569461093750005 0.23638624375 0.6449680640625 0.2743788359375 0.6050578843750001 0.2694920640625 0.4424131734375
1 0.212089946875 0.48355489062499996 0.1864074078125 0.5029620765625 0.15553333281249998 0.5717564875 0.158693121875 0.7877644703125 0.17741375625 0.772820359375 0.20981693125 0.743323353125 0.212089946875 0.48355489062499996
1 0.152819046875 0.49991217499999996 0.11287513281249999 0.50787225625 0.11288888906250001 0.56535329375 0.15521693125 0.568576846875 0.18458306875 0.507516965625 0.201503703125 0.49521556875000006 0.20427830624999999 0.3800818359375 0.178608465625 0.40808982031249996 0.17771216875 0.45286227500000004 0.152819046875 0.49991217499999996
1 0.1002994703125 0.47387824375000004 0.043503703125 0.5256147703125 0.0441693125 0.903029940625 0.10028148125 0.8601117765625 0.1002994703125 0.47387824375000004
1 0.9182857140625 0.404510978125 0.7849100531250001 0.404510978125 0.7849100531250001 0.507864271875 0.9182857140625 0.507864271875 0.9182857140625 0.404510978125
1 0.7859259265625 0.4036427140625 0.4232804234375 0.4036427140625 0.4232804234375 0.505019959375 0.7859259265625 0.505019959375 0.7859259265625 0.4036427140625
1 0.4251534390625 0.4022854296875 0.2868888890625 0.4022854296875 0.2868888890625 0.49615768437499996 0.4251534390625 0.49615768437499996 0.4251534390625 0.4022854296875
0 0.7234370375 0.1890618765625 0.725 0.19062475 0.7328126984375001 0.19062475 0.734374603125 0.1890618765625 0.735937565625 0.1890618765625 0.7375005296875 0.19062475 0.7421873015625 0.19062475 0.7453121687500001 0.1937504984375 0.759374603125 0.1937504984375 0.759374603125 0.19062475 0.7625005296875 0.1875009984375 0.7625005296875 0.1140618765625 0.67968783125 0.1140618765625 0.67968783125 0.1875009984375 0.6812497359374999 0.1875009984375 0.6828126984375 0.1890618765625 0.6937502640625001 0.1890618765625 0.69531216875 0.1875009984375 0.7156253968749999 0.1875009984375 0.7171873015625 0.1890618765625 0.7234370375 0.1890618765625
4 0.7 0.75937525 0.7 0.74062475 0.6984370375 0.7390618765625 0.6984370375 0.7375009984374999 0.7 0.7359381234375 0.7 0.726562875 0.7015629624999999 0.725 0.7015629624999999 0.7 0.6375005296875 0.7 0.6375005296875 0.8031257484375001 0.639062434375 0.8031257484375001 0.6468751328125 0.8109381234375 0.69531216875 0.8109381234375 0.69531216875 0.8078123749999999 0.7015629624999999 0.8015628749999999 0.7015629624999999 0.7609381234375 0.7 0.75937525
0 0.1734370375 0.1437504984375 0.1734370375 0.22343712500000001 0.1875005296875 0.22343712500000001 0.189062434375 0.22187425156249999 0.19531216875 0.22187425156249999 0.1968751328125 0.22343712500000001 0.2578126984375 0.22343712500000001 0.2578126984375 0.1437504984375 0.1734370375 0.1437504984375
0 0.22343703750000002 0.89062475 0.225 0.892187625 0.235937565625 0.892187625 0.2375005296875 0.89062475 0.240625396875 0.89062475 0.240625396875 0.8171876250000001 0.1578126984375 0.8171876250000001 0.1578126984375 0.8890618765625 0.1625005296875 0.8890618765625 0.164062434375 0.89062475 0.1671873015625 0.89062475 0.1687502640625 0.8890618765625 0.2125005296875 0.8890618765625 0.214062434375 0.89062475 0.22343703750000002 0.89062475
4 0.3265629625 0.25937525 0.3265629625 0.3781257484375 0.39062539687500003 0.3781257484375 0.39062539687500003 0.25937525 0.3265629625 0.25937525
0 0.540625396875 0.7921876250000001 0.540625396875 0.8656247499999999 0.6218751328125001 0.8656247499999999 0.6218751328125001 0.7921876250000001 0.540625396875 0.7921876250000001
4 0.3875005296875 0.625 0.3875005296875 0.5140618765625 0.3234370375 0.5140618765625 0.3234370375 0.6312495015625 0.35 0.6312495015625 0.35156296249999996 0.6296866265625 0.35937460312499997 0.6296866265625 0.360937565625 0.6312495015625 0.38593756562500003 0.6312495015625 0.38593756562500003 0.6265628750000001 0.3875005296875 0.625
1 0.5812497359375 0.8437504984374999 0.5812497359375 0.8453133734374999 0.57968783125 0.8468742515625 0.57968783125 0.85 0.5781248671875 0.8515628749999999 0.5765629624999999 0.8515628749999999 0.5734370375 0.848437125 0.5687502640625001 0.848437125 0.5671873015625 0.85 0.564062434375 0.85 0.5625005296875 0.848437125 0.560937565625 0.848437125 0.559374603125 0.8468742515625 0.5578126984375 0.8468742515625 0.5562497359374999 0.848437125 0.5562497359374999 0.85 0.55468783125 0.8515628749999999 0.55468783125 0.8531257484375001 0.5515629625 0.8562495015625 0.5468751328125 0.8515628749999999 0.5468751328125 0.9109381234375 0.5484370375000001 0.9109381234375 0.55 0.9125009984375 0.5578126984375 0.9125009984375 0.559374603125 0.9140618765624999 0.5671873015625 0.9140618765624999 0.5687502640625001 0.9125009984375 0.609374603125 0.9125009984375 0.610937565625 0.9109381234375 0.6203121687500001 0.9109381234375 0.6218751328125001 0.9125009984375 0.6593746031250001 0.9125009984375 0.6609375656250001 0.9109381234375 0.664062434375 0.9109381234375 0.665625396875 0.9093752500000001 0.665625396875 0.907812375 0.6671873015625 0.9062495015625001 0.6671873015625 0.901562875 0.6687502640625 0.9 0.6687502640625 0.892187625 0.67031216875 0.89062475 0.67031216875 0.8859381234375 0.6718751328125 0.8843752500000001 0.6718751328125 0.882812375 0.67031216875 0.8812495015625 0.67031216875 0.876562875 0.6687502640625 0.875 0.6687502640625 0.8703133734374999 0.6671873015625 0.8687504984375 0.6671873015625 0.8656247499999999 0.665625396875 0.8640618765625 0.665625396875 0.8625009984374999 0.664062434375 0.8609381234375 0.6609375656250001 0.8609381234375 0.6593746031250001 0.85937525 0.6578126984375 0.85937525 0.6515629625 0.8531257484375001 0.65 0.8531257484375001 0.6484370375 0.8515628749999999 0.6468751328125 0.8515628749999999 0.639062434375 0.8437504984374999 0.6375005296875 0.8437504984374999 0.635937565625 0.842187625 0.635937565625 0.8406247499999999 0.634374603125 0.8390618765625 0.6328126984375 0.8390618765625 0.625 0.8312495015625 0.625 0.8296866265625 0.6 0.8296866265625 0.6015629625 0.8312495015625 0.6015629625 0.8343752500000001 0.6 0.8359381234375001 0.5968751328125 0.8359381234375001 0.59531216875 0.8375009984374999 0.5875005296875 0.8375009984374999 0.5812497359375 0.8437504984374999
1 0.41875026406250004 0.8203133734374999 0.41875026406250004 0.8218742515624999 0.42031216875000005 0.8234371250000001 0.4218751328125 0.8234371250000001 0.4265629625 0.8281257484375001 0.4281248671875 0.8281257484375001 0.43124973593749993 0.8312495015625 0.43124973593749993 0.8328123749999999 0.43437460312500004 0.8359381234375001 0.435937565625 0.8359381234375001 0.439062434375 0.8390618765625 0.439062434375 0.8406247499999999 0.44375026406250007 0.8453133734374999 0.44375026406250007 0.8468742515625 0.45624973593749996 0.85937525 0.45624973593749996 0.8625009984374999 0.46875026406250003 0.875 0.46875026406250003 0.876562875 0.47187513281250004 0.8796866265625001 0.4734370375 0.8796866265625001 0.485937565625 0.892187625 0.4875005296875 0.892187625 0.4984370375 0.9031257484375 0.5 0.9031257484375 0.5015629625 0.9046866265625001 0.5031248671874999 0.9046866265625001 0.5046878312499999 0.9062495015625001 0.5062497359375 0.9062495015625001 0.510937565625 0.9109381234375 0.514062434375 0.9109381234375 0.515625396875 0.9125009984375 0.5171873015624999 0.9125009984375 0.5187502640625 0.9140618765624999 0.5234370375 0.9140618765624999 0.525 0.9125009984375 0.5265629625 0.9125009984375 0.5281248671875 0.9109381234375 0.5281248671875 0.901562875 0.525 0.8984371250000001 0.525 0.8968742515624999 0.5234370375 0.8953133734375 0.5234370375 0.8937504984375 0.5171873015624999 0.8875009984375 0.5171873015624999 0.8859381234375 0.510937565625 0.8796866265625001 0.509374603125 0.8796866265625001 0.5062497359375 0.876562875 0.5062497359375 0.875 0.5046878312499999 0.873437125 0.5046878312499999 0.8718742515625 0.4968751328125 0.8640618765625 0.4968751328125 0.8625009984374999 0.49218730156249996 0.857812375 0.49218730156249996 0.8562495015625 0.49062539687499995 0.8546866265625 0.48906243437499997 0.8546866265625 0.485937565625 0.8515628749999999 0.485937565625 0.85 0.4828126984375 0.8468742515625 0.4828126984375 0.8453133734374999 0.47812486718749997 0.8406247499999999 0.47812486718749997 0.8390618765625 0.475 0.8359381234375001 0.475 0.8343752500000001 0.4671873015625 0.8265628749999999 0.4671873015625 0.825 0.465625396875 0.8234371250000001 0.464062434375 0.8234371250000001 0.4625005296875 0.8218742515624999 0.4625005296875 0.8203133734374999 0.460937565625 0.8187504984375 0.459374603125 0.8187504984375 0.45624973593749996 0.8156247499999999 0.45624973593749996 0.8140618765625 0.45468783124999995 0.8125009984375 0.45468783124999995 0.8109381234375 0.44531216875 0.8015628749999999 0.44531216875 0.8 0.44375026406250007 0.798437125 0.44218730156249997 0.798437125 0.44062539687499996 0.7968742515625 0.439062434375 0.7968742515625 0.43124973593749993 0.7890618765624999 0.43124973593749993 0.7875009984375 0.4281248671875 0.78437525 0.4265629625 0.78437525 0.4234370375 0.7812495015625001 0.4218751328125 0.7812495015625001 0.42031216875000005 0.7796866265625 0.41875026406250004 0.7796866265625 0.414062434375 0.775 0.3937502640625 0.775 0.3937502640625 0.8 0.4 0.8062495015625 0.4015629625 0.8062495015625 0.410937565625 0.8156247499999999 0.4125005296875 0.8156247499999999 0.415625396875 0.8187504984375 0.41718730156249995 0.8187504984375 0.41875026406250004 0.8203133734374999
3 0.6505343921875 0.62540918125 0.58317989375 0.62540918125 0.58317989375 0.7165868265625 0.6505343921875 0.7165868265625 0.6505343921875 0.62540918125