0 0.76880725625 0.414940665625 0.76867941875 0.41650545625 0.76698308125 0.41792393906249997 0.7667274078124999 0.42105351718749995 0.7650310703125001 0.42247200156250003 0.7636250140625 0.43968287031250003 0.7665063421875 0.44310506250000004 0.7680748421875 0.44325136875000004 0.7695155078125 0.4449624640625 0.7726511234375 0.4452549484375 0.7740917875 0.4469660453125 0.7882055234374999 0.44828254687499997 0.7899018609375 0.4468640625 0.7914703609375 0.4470103703125 0.7931667 0.4455918875 0.7932945359375 0.444027096875 0.7949908734375 0.4426086140625 0.797803134375 0.4081850578125 0.796362471875 0.4064739609375 0.79479396875 0.40632765624999995 0.79335330625 0.40461655937499996 0.7902163046874999 0.40432394687500006 0.7873363609374999 0.40090188437499996 0.773222625 0.3995853828125 0.772839115625 0.40427975156249996 0.7711427765625001 0.40569823437499997 0.77050359375 0.4135221828125 0.76880725625 0.414940665625
0 0.88034846875 0.46160576249999996 0.8786521328125 0.46302424531249997 0.87852429375 0.46458903593749995 0.8768293421875001 0.4660076484375 0.876190159375 0.47383159687500004 0.8744938203125001 0.47525007812500003 0.8730877640625 0.4924609484375 0.8759677078125 0.4958830109375 0.87753620625 0.49602931874999995 0.8789768718750001 0.49774041406249997 0.8805453703125 0.4978867203125 0.8819860359374999 0.49959781718749996 0.8976682734375 0.501060625 0.8993646109375 0.49964214062499995 0.9009317265625001 0.49978831718750005 0.9026280640625 0.49836983593750006 0.9063350328125 0.45299457031249996 0.884380178125 0.4509466671875 0.8826838421875 0.45236515 0.8825560046875 0.45392993906249995 0.8808596671875 0.455348421875 0.88034846875 0.46160576249999996
0 0.3112673453125 0.37132466875 0.2879317671875 0.44781702812499996 0.4633576 0.5466145171875 0.48708983124999994 0.4673500046875 0.4830052328125 0.4729535578125 0.3112673453125 0.37132466875
0 0.17334377031249998 0.396784025 0.013832703125000002 0.29761047343749997 0.006491009375 0.33435743906250004 0.0023590578125 0.3849347015625 0.148106040625 0.47636042968750003 0.17334377031249998 0.396784025
0 0 0.7652673546875 0.003973275 0.7670789828125 0.015502089062499998 0.7260006156250001 0 0.718218121875 0 0.7652673546875
2 0 0.6620877484375 0.00041196093749999995 0.6625316703124999 0.9096086 0.5495215953125 0.9968024703125 0.2980702671875 0.9974002437499999 0.24669781875000002 0.990567475 0.243918828125 0.8945258687500001 0.5174136515625001 0.0080170578125 0.6331809421875 0 0.6123341124999999 0 0.6620877484375
1 0.6683059484375 0.5865183046875 0.68370989375 0.614557853125 0.8165045765625001 0.600398740625 0.8004170281249999 0.5694917687500001 0.6683059484375 0.5865183046875
1 0.49223155781249994 0.6111183062500001 0.503696421875 0.6379260718750001 0.6814309609375 0.6131018546875 0.6671220812499999 0.5861203671874999 0.49223155781249994 0.6111183062500001
1 0.49073528125 0.611692928125 0.31279426718750003 0.6365857874999999 0.32778055 0.6594075765625 0.5056138828125001 0.6362938125000001 0.49073528125 0.611692928125
1 0.3275443953125 0.6620591874999999 0.31281345781250003 0.634677575 0.1397532453125 0.6565829390625 0.150764265625 0.6835846015625 0.3275443953125 0.6620591874999999
1 0.15057167968750002 0.6848833125 0.13881365625 0.6588466328125 0.011852631249999999 0.67430254375 0.030091432812500003 0.700220390625 0.0309128703125 0.702049528125 0.15057167968750002 0.6848833125
1 0.93469928125 0.58587214375 0.029537556250000003 0.707819725 0.045593148437499995 0.7377348359375 0.9471709296874999 0.612837915625 0.949565309375 0.6033189609375 0.93469928125 0.58587214375
1 0.99660561875 0.314987715625 0.9188430046875 0.557598121875 0.9338259953125 0.580187034375 0.9349086921875 0.5837527687499999 0.9954092093750001 0.417806784375 0.99660561875 0.314987715625
5 0.34803434843750003 0.47601551718749996 0.3366641703125 0.508271025 0.4495399546875 0.5711445562499999 0.456836290625 0.5404849781250001 0.34803434843750003 0.47601551718749996
5 0.722213334375 0.470337471875 0.7684985578125 0.502453378125 0.7839164546874999 0.47308791875 0.729876446875 0.4407376125 0.722213334375 0.470337471875
5 0.594300734375 0.4840546609375 0.6437479671874999 0.51718153125 0.6552304609374999 0.48636854375 0.6056520328125 0.4529181203125 0.594300734375 0.4840546609375
5 0.837563025 0.2192508265625 0.8280409875 0.2468295515625 0.9372404015625 0.3124952734375 0.9496283 0.2839349515625 0.837563025 0.2192508265625
0 0.79110625625 0.1301905734375 0.771027978125 0.17826896406249998 0.95376375 0.28289964218749997 0.9712001453125 0.23693714687499998 0.79110625625 0.1301905734375
3 0.834925490625 0.5609283296875 0.9346284140625001 0.5702284140625 0.94470094375 0.44693534843749994 0.8449980187499999 0.4376352609375 0.834925490625 0.5609283296875