3 0.5357412187499999 0.689974159375 0.5503257875 0.7820575125 0.6924493890625001 0.75954734375 0.6778648171875 0.66746399375 0.5357412187499999 0.689974159375
3 0.090764371875 0.5997524296875001 0.10539585625 0.6921319968749999 0.2605450421875 0.66755878125 0.24591355625000003 0.5751792124999999 0.090764371875 0.5997524296875001
3 0.0833335640625 0.5041275484375001 0.13860948906249998 0.8531260046875 0.6994125906249999 0.7643035203124999 0.6441366656249999 0.4153050625 0.0833335640625 0.5041275484375001
1 0.5357787125 0.5837477875 0.6119928546875 0.571676653125 0.487998434375 0.46125306874999994 0.415118678125 0.47500030000000004 0.5357787125 0.5837477875
1 0.53860645 0.5811812796875 0.6601670421875 0.6878400203124999 0.7404953390625 0.6790094921875001 0.6206986671875 0.571257040625 0.53860645 0.5811812796875
1 0.707101840625 0.681833428125 0.7575468734374999 0.733423721875 0.893362725 0.6491691359375 0.8334995515625 0.593929203125 0.707101840625 0.681833428125
1 0 0.1449425125 0.4032073734375 0.4768592625 0.496371909375 0.460648696875 0.040389103125 0.0809490125 0 0.0873460171875 0 0.1449425125
3 0.0505294203125 0.2713178921875 0.0616699078125 0.3416561609375 0.147390659375 0.32807932812499996 0.136250171875 0.25774105937499997 0.0505294203125 0.2713178921875
1 0.978332284375 0.6554029421875 0.23469578124999999 0.0501738578125 0.136914653125 0.0656608671875 0.9231542968750001 0.7108240640625 0.9766459875000001 0.7036922 0.978332284375 0.6554029421875
1 0.0381626859375 0.909949725 0.2886743203125 0.868684709375 0.324243396875 0.8039914609375 0.0281983703125 0.8470375125 0.0381626859375 0.909949725
1 0.074906925 0.7301552874999999 0.0892565765625 0.82885121875 0.1757358359375 0.8145234875 0.16162050156250002 0.7141355609375 0.074906925 0.7301552874999999
1 0.169764365625 0.7210069453125 0.17593423125000002 0.7661843265625 0.3594816515625 0.7364066 0.3891651734375 0.68237885 0.169764365625 0.7210069453125
4 0.161242115625 0.4856529625 0.1711094640625 0.5479529578125 0.26997985468749996 0.532293425 0.26011250625 0.4699934328125 0.161242115625 0.4856529625
4 0.4210052375 0.3490061296875 0.43077235625 0.4106732953125 0.5246185921875 0.39580951249999996 0.514851471875 0.334142346875 0.4210052375 0.3490061296875
4 0.67479983125 0.56394288125 0.6852237796875 0.6297570953125 0.7796282531250001 0.6148048953125 0.7692043046875 0.5489906812500001 0.67479983125 0.56394288125
0 0.4431962734375 0.8059883749999999 0.45654609218750003 0.8902758093750001 0.518593359375 0.8804484875 0.5052435421875 0.796161053125 0.4431962734375 0.8059883749999999
0 0 0.5292304062500001 0.002839546875 0.5471586 0.072205953125 0.536172040625 0.059060859375 0.45317719062500006 0 0.4625315125 0 0.5292304062500001
0 0.3537112515625 1 0.3443926203125 0.9411644812500001 0.28007104531250004 0.95135201875 0.28777612812500003 1 0.3537112515625 1
2 0 0.2301047296875 0.422188053125 0.5901683890625 0.2479644875 0.6153997515625 0.251312959375 0.6309075749999999 0.43914736093749995 0.6038558593750001 0.5371910796875 0.6966125046875 0.5722361015625 0.6918514046875 0 0.20565881562500002 0 0.2301047296875
1 0.4270301734375 0.6470215609375 0.48878273749999995 0.708209121875 0.54505738125 0.69714156875 0.4706403671875 0.633994484375 0.4270301734375 0.6470215609375
1 0.394161709375 1 0.38484825625 0.88476256875 0.332223290625 0.8908257015625001 0.34711131093750003 1 0.394161709375 1