0 0.410700640625 0.4449235140625 0.4415303953125 0.4516206125 0.45359458124999996 0.3836444546875 0.4227648265625 0.37694735625 0.410700640625 0.4449235140625
4 0.5943452406249999 0.9737007171875 0.6337392187499999 0.98225820625 0.639771434375 0.9482694296874999 0.60037745625 0.9397119406250001 0.5943452406249999 0.9737007171875
4 0.5078187296875 0.1783394640625 0.5472127062500001 0.18689695312500001 0.5556577609375 0.1393129453125 0.5162637828125 0.13075545625 0.5078187296875 0.1783394640625
0 0.6741094000000001 0.6345126234375 0.70493915625 0.6412097203125 0.717003340625 0.5732335625 0.6861735859375 0.5665364671875001 0.6741094000000001 0.6345126234375
4 0.8764809343750001 0.3060763984375 0.914162065625 0.3142618078125 0.9286393359374999 0.232689021875 0.8909582031250001 0.2245036109375 0.8764809343750001 0.3060763984375
4 0.3925316859375 0.898091421875 0.36170192968750003 0.891394325 0.3596873875 0.892722175 0.3461152109375 0.9691951781249999 0.38037065625 0.97663643125 0.38519633125 0.9494459687499999 0.387209178125 0.9481192046875 0.39565423125 0.9005351953125 0.3939428328125 0.9001634296875001 0.3925316859375 0.898091421875
4 0.2873752421875 0.9068134156250001 0.28138098437500003 0.940588303125 0.3191328875 0.9487890875 0.3251271421875 0.9150141984375001 0.2873752421875 0.9068134156250001
0 0.4819535359375 0.753933525 0.49278182187499997 0.7844649453125 0.52070028125 0.7786795203125 0.5121041375 0.744884275 0.4819535359375 0.753933525
0 0.49449351249999995 0.652513975 0.5184914015625 0.6711770578125 0.5379415046875 0.64678159375 0.51521681875 0.627426696875 0.49449351249999995 0.652513975
2 0.577972628125 1 0.46906884375 0.6890311625 0.9173418578125 0.1863015140625 0.880806675 0.1751157671875 0.4586053921875 0.6686476640625 0.22915544375 0.038438349999999996 0.19847967187499999 0.0336287328125 0.5530023546875 1 0.577972628125 1
2 0.384991596875 1 0.2304412453125 0.9657656031249999 0.426026165625 0.7372459890624999 0.407318553125 0.723441615625 0.1885262296875 0.971508678125 0.31968461875 1 0.384991596875 1
1 0.168895221875 0.967244265625 0.40828226718750005 0.69095065 0.39240398593750003 0.673821984375 0.141520140625 0.9612976218749999 0.168895221875 0.967244265625
1 0.54876639375 1 0.1920465328125 0.02894715625 0.159062121875 0.024637821875 0.5156591515625 1 0.54876639375 1
1 0.12072077031249999 0.953020534375 0.8210787296875001 0.16730108593749998 0.78257493125 0.1564237921875 0.08491547031249999 0.9487764453124999 0.12072077031249999 0.953020534375
1 0.44212813906250004 0.6228975234374999 0.4480010265625 0.6456100390625 0.8742233359375 0.1789457796875 0.833728725 0.16654132187499998 0.44212813906250004 0.6228975234374999
0 0.5659803812499999 0.29004750625 0.5610653890624999 0.3177412375 0.5877834515625 0.32354515781250004 0.59269844375 0.29585142656249996 0.5659803812499999 0.29004750625
0 0.06446641875 0.1698307328125 0.059484439062500005 0.19790191562499998 0.0891487078125 0.20434583593750003 0.0941306890625 0.1762746546875 0.06446641875 0.1698307328125
1 0.10851853125 0.0817260171875 0.086980396875 0.20308355156250002 0.11703460624999999 0.209612178125 0.138572740625 0.08825464375 0.10851853125 0.0817260171875
1 0.61323271875 0.157543103125 0.5837427671875 0.3237054890625 0.6163676875 0.33079254687500004 0.6458576390624999 0.1646301609375 0.61323271875 0.157543103125
1 0.278632515625 0.14948813125 0.2736282046875 0.17768513125000002 0.4104824546875 0.207413753125 0.41548676562500003 0.1792167546875 0.278632515625 0.14948813125
1 0.267298346875 0.11552785937500001 0.2632740578125 0.1382028890625 0.5951701640625 0.2103001359375 0.599194453125 0.18762510625 0.267298346875 0.11552785937500001
5 0.6361672578124999 0.5766763234375001 0.5880916375 0.8475604375 0.6155895796874999 0.85353376875 0.6636651984374999 0.58264965625 0.6361672578124999 0.5766763234375001
5 0.7227841296874999 0.5060789812500001 0.6981769156250001 0.644729371875 0.7315528312499999 0.6519795687500001 0.75616004375 0.5133291765625 0.7227841296874999 0.5060789812500001
5 0.45983043593749995 0.3176950421875 0.43572439531249996 0.453521540625 0.4708767015625 0.4611576171875 0.4949827390625 0.325331121875 0.45983043593749995 0.3176950421875
5 0.66017345 0.1316321265625 0.627080990625 0.3180929984375 0.6565575124999999 0.324496134375 0.689649971875 0.1380352625 0.66017345 0.1316321265625
1 0.3391815609375 0.6498543953125 0.35811471093749997 0.6320818296875 0.14112031875 0.0316017421875 0.1086697640625 0.027318359375 0.3391815609375 0.6498543953125