3 0.08194340624999999 0.22719372031249999 0.07808443125 0.27459807187499996 0.12033415781250001 0.27583079375 0.1241931328125 0.228426440625 0.08194340624999999 0.22719372031249999
3 0.064288165625 0.2697685203125 0.05880067343749999 0.3371778640625 0.0889520640625 0.33805759062499996 0.09443955468750001 0.2706482484375 0.064288165625 0.2697685203125
3 0.138942084375 0.4582078125 0.1361129546875 0.492961359375 0.184596653125 0.49437596875 0.1874257828125 0.4596224203125 0.138942084375 0.4582078125
3 0.232149134375 0.4796706484375 0.23101002343750002 0.49366369375 0.2537775671875 0.4943279828125 0.25491667812499996 0.4803349375 0.232149134375 0.4796706484375
3 0.2974642984375 0.474671971875 0.295254778125 0.5018141390624999 0.32490515000000003 0.502679246875 0.3271146734375 0.47553708125 0.2974642984375 0.474671971875
3 0.566478440625 0.0774184859375 0.5626384390625 0.12458975624999999 0.60959444375 0.1259597921875 0.61343444375 0.07878852187499999 0.566478440625 0.0774184859375
2 0.0325288890625 0.9147541234375 0.214577175 0.919662121875 0.22368693906249998 0.90497675625 0.1502546578125 0.7529838421874999 0.1363373484375 0.7735735703125 0.127366146875 0.755280040625 0.027816840625 0.9015402140625 0.0325288890625 0.9147541234375
2 0 0.49556275781250003 0.127366146875 0.755280040625 0.1414014234375 0.7346590828124999 0 0.441981075 0 0.49556275781250003
2 0.9119010218750001 0.4294851640625 0.9233061765624999 0.42172683906249997 0.7285334812500001 0.0268698484375 0.71690469375 0.0203746203125 0.5781226968750001 0.093017953125 0.1414014234375 0.7346590828124999 0.1502546578125 0.7529838421874999 0.588999115625 0.10389085625000001 0.716098778125 0.036828159375 0.9119010218750001 0.4294851640625
3 0.6950411437499999 0.020863 0.6924449390625 0.052755246874999995 0.7407397296875 0.054164343749999996 0.743335934375 0.022272096875 0.6950411437499999 0.020863
3 0.854973921875 0.3132896703125 0.8534415859375001 0.3321131671875 0.8776464765625 0.33281939375 0.8791788140625 0.3139958953125 0.854973921875 0.3132896703125
5 0.5198390171875 0 0.5154074796875 0.05443780625 0.5285817734375 0.05482219218749999 0.5330446015625 0 0.5198390171875 0
1 0.52937721875 0.029374932812499997 0.5274058562499999 0.0535915 0.5411550890625 0.053992660937500006 0.5431264515625001 0.02977609375 0.52937721875 0.029374932812499997
0 0.5412049984375 0.0410917109375 0.5402301109375001 0.053067378124999995 0.5531169375 0.053443378124999996 0.5540918234375 0.041467709375 0.5412049984375 0.0410917109375
1 0.22889862187499999 0.49199079687499997 0.227987203125 0.5031868421875 0.26396189375 0.5042364765625 0.2648733125 0.49304043281250004 0.22889862187499999 0.49199079687499997
5 0.24579353906249998 0.9824811046875 0.25009317656249996 0.9296635906249999 0.235013375 0.9292236062500001 0.2307137375 0.9820411218749999 0.24579353906249998 0.9824811046875
5 0.139236615625 0.8571557343749999 0.13617848593749998 0.8947223578125 0.15262171093750002 0.8952021218749999 0.155679840625 0.8576354984375 0.139236615625 0.8571557343749999
5 0.1633651390625 0.5824499624999999 0.15798691250000002 0.6485170671875 0.1736991453125 0.6489755046875 0.179077371875 0.5829083984375 0.1633651390625 0.5824499624999999
0 0.175390684375 0.6140880609375 0.172512484375 0.649444409375 0.18552250625 0.649824003125 0.188400709375 0.614467653125 0.175390684375 0.6140880609375
0 0.7942968546875 0.21391136406250003 0.8018885265625 0.224541515625 0.8118888515625 0.2183521671875 0.80696978125 0.2061441078125 0.7942968546875 0.21391136406250003
1 0.9625481265625 0.3978009328125 0.9876978187500001 0.3995233078125 0.9895620515625 0.3354537875 0.9683710671875 0.3350998984375 0.9644749296875 0.3775500609375 0.9466407531250001 0.38435705625 0.9435439953125 0.3732164734375 0.9290973921875001 0.373493459375 0.943719528125 0.4067404578125 0.9581867468749999 0.40727213593749995 0.9518778906250001 0.3944176828125 0.963024240625 0.388695728125 0.9625481265625 0.3978009328125
5 0.853474653125 0.36644669687500003 0.852281890625 0.38109880625 0.8637313703125 0.38143286718749997 0.8649241312499999 0.366780759375 0.853474653125 0.36644669687500003
5 0.8297123984375 0.3475095515625 0.8191038125000001 0.47782732031249997 0.8352759984375 0.4782991765625 0.8458845828125 0.347981409375 0.8297123984375 0.3475095515625
5 0.811655834375 0.3363562578125 0.801180725 0.46503440312500005 0.8187573984375 0.46554723750000004 0.8292325093749999 0.3368690921875 0.811655834375 0.3363562578125
5 0.7738612765624999 0.27842332187499996 0.768379671875 0.34576033125 0.7953278359375 0.346546596875 0.8008094390625 0.27920958906250004 0.7738612765624999 0.27842332187499996
5 0.734646696875 0.271965928125 0.7268600453125 0.3676185578125 0.7544160015625 0.3684225578125 0.762202653125 0.2727699296875 0.734646696875 0.271965928125
0 0.7606037453125001 0.1843287046875 0.7641216328125 0.18116365 0.7650505203125 0.16975300937499999 0.7501750015625 0.17600032031249999 0.7451219203125 0.2272988453125 0.7602733859375 0.228436190625 0.7631927421875 0.192574290625 0.7602056140625 0.1892194390625 0.7606037453125001 0.1843287046875
0 0.756665121875 0.3446370578125 0.7548475171875 0.3669648453125 0.7680464515625001 0.367349953125 0.76986405625 0.3450221625 0.756665121875 0.3446370578125
0 0.8088763812499999 0.31374288125 0.8120419265625 0.313277734375 0.8071631671875 0.3131353875 0.8041768609375 0.3097805609375 0.8043095499999999 0.308150584375 0.8028160515625 0.306472353125 0.802948740625 0.3048423765625 0.8047076828125 0.3032598484375 0.8048046640625 0.3020685109375 0.7971383203125 0.31341409531250003 0.7949497921875001 0.345213503125 0.8065998999999999 0.3448629796875 0.8088763812499999 0.31374288125
0 0.6505127140625 0.04527595625 0.6386172078125 0.051937992187500004 0.6469209921875 0.061878628125 0.6560695796875 0.0561926453125 0.6505127140625 0.04527595625
0 0.749010240625 0 0.7480091468750001 0.012297603125 0.763302496875 0.012743817187500001 0.7643399125 0 0.749010240625 0
4 0.717167334375 0.0759782390625 0.71595298125 0.0908955796875 0.7323222875 0.0913731875 0.7335366421875 0.076455846875 0.717167334375 0.0759782390625
4 0.6938950375 0 0.6926260828124999 0.01558806875 0.7108516171875 0.0161198359375 0.7121638609375001 0 0.6938950375 0
4 0.5795589046875 0.055391117187500005 0.57823463125 0.0716587359375 0.5964108859375 0.0721890640625 0.597735159375 0.055921446875 0.5795589046875 0.055391117187500005
5 0.5323919046875 0.0993928828125 0.529330503125 0.13699969375 0.5449441765625 0.1374552546875 0.5480055765625 0.09984844375 0.5323919046875 0.0993928828125
0 0.4739760390625 0.22962495 0.46521722343749994 0.240636340625 0.47783279375000004 0.246943640625 0.484575171875 0.2361167203125 0.4739760390625 0.22962495
5 0.474479475 0.11742133437499999 0.469072459375 0.183842084375 0.4844397296875 0.1842904546875 0.48984674375 0.1178697046875 0.474479475 0.11742133437499999
0 0.4862239703125 0.15003411875 0.4835970140625 0.182304121875 0.4971080546875 0.1826983328125 0.49973501093749995 0.1504283296875 0.4862239703125 0.15003411875
1 0.3514453890625 0.5142412000000001 0.3464198234375 0.5759761671875 0.3597091046875 0.576363909375 0.3647346703125 0.514628940625 0.3514453890625 0.5142412000000001
0 0.3600756828125 0.560028065625 0.35898760625000004 0.573394196875 0.3734596140625 0.5738164484375 0.374547690625 0.5604503171874999 0.3600756828125 0.560028065625
4 0.42044124531250004 0.272176059375 0.4190378015625 0.2894161984375 0.4341997390625 0.2898585796875 0.43560318125 0.2726184390625 0.42044124531250004 0.272176059375
5 0.3911896375 0.185605978125 0.380711909375 0.3143162703125 0.39405047031249996 0.31470545156249996 0.40452819531250006 0.1859951578125 0.3911896375 0.185605978125
5 0.3438572625 0.3080969203125 0.338057021875 0.379348121875 0.35170769218750003 0.3797464078125 0.35750793281250004 0.30849520625000004 0.3438572625 0.3080969203125
0 0.3535685375 0.3409081859375 0.350768196875 0.3753080890625 0.3645010015625 0.37570877187499996 0.36730134375 0.34130886718750003 0.3535685375 0.3409081859375
2 0.3070433671875 0.49511030937499995 0.3172219421875 0.4856412625 0.15982835 0.47890758125 0.0701988328125 0.301410278125 0.087535034375 0.2774494609375 0.0886506046875 0.277368415625 0.074901703125 0.27535516718749997 0.061686728125 0.296880721875 0.061195303125 0.304748009375 0.15046227968749998 0.48622348437499996 0.1570204796875 0.4899266390625 0.3070433671875 0.49511030937499995
0 0.106513328125 0.39536473125 0.0954452859375 0.40085291874999995 0.10309409843749999 0.4116284265625 0.1129555546875 0.40571107656249994 0.106513328125 0.39536473125
5 0.2959000046875 0.4362413703125 0.293674125 0.46358447031249994 0.309657403125 0.46405081406250004 0.31188328125 0.4367077140625 0.2959000046875 0.4362413703125
5 0.27840575156249997 0.42374294062500006 0.27458472500000003 0.47068112656250005 0.28982058125 0.4711256640625 0.29364160781250004 0.424187478125 0.27840575156249997 0.42374294062500006
0 0.23476610937500003 0.4707842015625 0.23368392187499998 0.48407799531249995 0.2470881890625 0.4844690921875 0.24817037812499998 0.4711752984375 0.23476610937500003 0.4707842015625
5 0.1585706859375 0.49075656875 0.15667849375 0.514000615625 0.1736227359375 0.514494996875 0.175514928125 0.49125095312499995 0.1585706859375 0.49075656875
5 0.1588646265625 0.4396630765625 0.1572119015625 0.459965453125 0.17539636875 0.4604960203125 0.17704909375 0.44019364687499996 0.1588646265625 0.4396630765625
1 0.11469884687500001 0.491953878125 0.10806112187500001 0.5734929015625 0.1228534546875 0.5739244968749999 0.129491178125 0.49238547343750005 0.11469884687500001 0.491953878125
0 0.12181165625000001 0.55724141875 0.12063328749999999 0.571716703125 0.135614528125 0.5721538109375001 0.13679289687500001 0.5576785265625 0.12181165625000001 0.55724141875
5 0.100072825 0.43046729375000004 0.0893471234375 0.562223746875 0.1065788375 0.56272651875 0.1173045375 0.43097006406249994 0.100072825 0.43046729375000004
5 0.060876314062500006 0.3921834203125 0.0558782265625 0.4535808171875 0.08777085625 0.45451135000000004 0.09276894375 0.3931139515625 0.060876314062500006 0.3921834203125
0 0.033379221875 0.29275809375 0.032112524999999996 0.308318425 0.046592746875 0.30874091406250004 0.04785944375 0.2931805828125 0.033379221875 0.29275809375
5 0.128151834375 0.142124425 0.12212651875 0.2161404796875 0.154002725 0.2170705328125 0.1600280375 0.143054478125 0.128151834375 0.142124425
5 0.054290171875 0.13605795468749998 0.046239843749999995 0.234949640625 0.0587077859375 0.23531341718749998 0.0667581140625 0.1364217328125 0.054290171875 0.13605795468749998
0 0.0723779609375 0.2296062890625 0.07702234062499999 0.1725538875 0.0630513390625 0.1727835203125 0.0600383484375 0.20712566093749998 0.05889826875 0.228574115625 0.0723779609375 0.2296062890625
0 0.077642503125 0.20938432499999998 0.07646740625000001 0.2238194234375 0.0916047015625 0.224261084375 0.0927797984375 0.20982598593750001 0.077642503125 0.20938432499999998
5 0.0470368046875 0.253780678125 0.0452198546875 0.2761004296875 0.0614823875 0.276574921875 0.0632993375 0.2542551703125 0.0470368046875 0.253780678125
5 0.0511848953125 0.32939467968749997 0.0492626046875 0.35300844531250003 0.06443275312499999 0.353451065625 0.06635504375 0.3298372984375 0.0511848953125 0.32939467968749997
0 0.0358750484375 0.6702272953125 0.033102187500000005 0.7042896296875 0.0468021375 0.7046893546875 0.049574998437500004 0.6706270187500001 0.0358750484375 0.6702272953125
5 0.024605956249999998 0.63956193125 0.0193697109375 0.703884928125 0.0341209765625 0.7043153265625001 0.0393572234375 0.6399923281250001 0.024605956249999998 0.63956193125
5 0.0554683890625 0.6815664156250001 0.045139184375 0.8084522281250001 0.059791889062500006 0.8088797515625 0.07012109375 0.6819939374999999 0.0554683890625 0.6815664156250001
1 0.1407298859375 0.505776115625 0.1308138828125 0.5187381531249999 0.2759255953125 0.5245284796874999 0.290300521875 0.5117417625 0.1407298859375 0.505776115625
1 0.21081535312500002 0.537649203125 0.2739418390625 0.5415953906250001 0.293000184375 0.5235531390625 0.300634065625 0.51423461875 0.288096665625 0.5148960125 0.27317875625 0.5269700046875 0.222051421875 0.5257481515625 0.21081535312500002 0.537649203125
1 0.7990049531250001 0.156713390625 0.8114475750000001 0.15539585312499998 0.751181265625 0.026365679687499997 0.7369200640625 0.026863182812500004 0.7366584953124999 0.0277401484375 0.7990049531250001 0.156713390625
1 0.8685086359374999 0.2669926046875 0.8112671109375 0.1550135453125 0.7984008296875 0.15780352343749998 0.852974721875 0.2672765375 0.8685086359374999 0.2669926046875
1 0.9208086968750001 0.3747855671875 0.8685745875 0.2671331015625 0.85343694375 0.2671103640625 0.9083481734375001 0.37420931875 0.9208086968750001 0.3747855671875
1 0.5794771609375 0.0217466046875 0.53186304375 0.09448155 0.547083896875 0.0944833484375 0.5964819765625 0.022882437499999998 0.5794771609375 0.0217466046875
1 0.608628040625 0.09777188437499999 0.595255278125 0.11599694062499999 0.6076542218750001 0.1166318171875 0.6194364359375 0.138516121875 0.601907246875 0.168437915625 0.6182105265625 0.1688467265625 0.6571786078125 0.10900442343750001 0.64365558125 0.104550215625 0.6278173296875 0.12861757812500002 0.6118364453125 0.10637794062499999 0.6198324421875 0.0974655578125 0.608628040625 0.09777188437499999
1 0.32552570625 0.4904950546875 0.3392715125 0.49105966093750003 0.5957070734375 0.11551384687499999 0.579602359375 0.11538635625 0.32552570625 0.4904950546875
1 0.6078166875 0.11759930468749999 0.5952516109375 0.11574869531250001 0.3408085046875 0.49035283906249993 0.3506981515625 0.4915630453125 0.6078166875 0.11759930468749999
1 0.3684359265625 0.4913812828125 0.3681658375 0.49137179062499997 0.6368189828124999 0.0998069046875 0.622550128125 0.09736438750000001 0.3566768765625 0.49209922187500005 0.3684359265625 0.4913812828125
1 0.2283047328125 0.655933521875 0.3422775546875 0.490875059375 0.332513315625 0.49044031875 0.3256548390625 0.4899807921875 0.2145094359375 0.6544699828125 0.2283047328125 0.655933521875
1 0.3689230984375 0.491919971875 0.3534558828125 0.4911722046875 0.1557101546875 0.7848407125 0.1637524515625 0.797326 0.3689230984375 0.491919971875
1 0.026518178125000003 0.46249907031250004 0.009150909375 0.4618916390625 0.08850330625 0.6268682578125 0.10411256093750001 0.625284603125 0.026518178125000003 0.46249907031250004
1 0.24661264843750003 0.9142161124999999 0.10640040937499999 0.6271261906250001 0.0899068125 0.62719440625 0.2330096109375 0.91305063125 0.24661264843750003 0.9142161124999999
0 0.118583175 0.722256928125 0.10751767187500001 0.727016078125 0.1130542328125 0.7362201796875001 0.122793275 0.73162454375 0.118583175 0.722256928125
0 0.10720384218750001 0.775319846875 0.0996814171875 0.7855447468750001 0.1098030265625 0.79231986875 0.1168085421875 0.7817294312499999 0.10720384218750001 0.775319846875
1 0.22936740156250002 0.6564922265625001 0.2151368796875 0.655550934375 0.046801009375 0.9078319203125 0.059148575 0.9083799000000001 0.22936740156250002 0.6564922265625001
1 0.114932965625 0.92606 0.023643810937500002 0.9226037 0.0140790875 0.937366025 0.10623670468749999 0.9394482578125001 0.114932965625 0.92606
1 0.20749196875 0.9282884875 0.11502657187500001 0.926841790625 0.1059738984375 0.9403606359375001 0.1941137703125 0.9459027078125001 0.19375244375 0.9469330593749999 0.20749196875 0.9282884875
4 0.022922640624999997 0.853053071875 0.021650709375 0.8686777015624999 0.0404183265625 0.8692252859374999 0.0416902578125 0.85360065625 0.022922640624999997 0.853053071875
4 0.1693595140625 0.8725442984375 0.1680234625 0.8889565890625001 0.1846145296875 0.8894406671875 0.18595058125 0.8730283765625 0.1693595140625 0.8725442984375
0 0 0.9229587671875 0.0140946484375 0.9233700062500001 0.0153194703125 0.90832406875 0.0010527953124999999 0.907907809375 0 0.9208405421875 0 0.9229587671875
0 0.256926803125 0.982805940625 0.2575542625 0.9750981124999999 0.243550415625 0.974689521875 0.24292295625000002 0.98239735 0.256926803125 0.982805940625
1 0.8950326125 0.2748505328125 0.8935398703124999 0.27317313125 0.8942033796875 0.26502244375 0.8912162531250001 0.2616675921875 0.8913489406249999 0.260037615625 0.8898553781249999 0.25836018906249997 0.88998813125 0.256729409375 0.8884953890625 0.2550520078125 0.8886280781250001 0.25342202812500003 0.8841482078125 0.248389775 0.8842808968750001 0.2467597984375 0.8827873328125 0.2450823734375 0.8830527765625 0.2418216171875 0.8785729046874999 0.23678936093749997 0.8787055953125 0.235159384375 0.8727322265625 0.22844890156250003 0.8729976031250001 0.22518895 0.8715048609375 0.22351154687500002 0.87163755 0.22188157031250003 0.8701439859375 0.2202041421875 0.870276675 0.21857416562499998 0.8687831765625 0.2168959375 0.8689158656249999 0.2152659609375 0.8674223031249999 0.213588534375 0.8676876796874999 0.21032858124999998 0.8661949375000001 0.2086511796875 0.8663276265625001 0.207021203125 0.8618478203125 0.2019881453125 0.8619805093749999 0.20035816718750002 0.8604869453124999 0.1986807421875 0.8606196359375 0.19705076562499999 0.8576333281249999 0.1936959375 0.8577660171874999 0.1920659609375 0.8547789546875 0.1887103046875 0.8549116437500001 0.187080328125 0.8504317734375 0.1820480734375 0.8505644625000001 0.180418096875 0.84907171875 0.1787406953125 0.8493371640625 0.1754799375 0.8463500359375 0.1721250859375 0.8464827234375001 0.1704951109375 0.844989159375 0.168817684375 0.8451218484374999 0.1671877078125 0.8436291078125 0.1655103046875 0.8438945500000001 0.16224954687499998 0.8409074203125 0.1588946953125 0.8410401109375 0.15726471875 0.8395473671874999 0.15558731718750002 0.83968005625 0.153957340625 0.8381864921875 0.15227991406250002 0.8384519359375 0.14901915625 0.833972065625 0.143986903125 0.8341047546875 0.1423569265625 0.8326111890625001 0.1406795 0.8327438796875001 0.13904952343750002 0.8282640750000001 0.1340164671875 0.828529453125 0.13075651093750001 0.827036709375 0.129079109375 0.8271693984375 0.1274491328125 0.822688771875 0.122416053125 0.8228214609375 0.1207860765625 0.8168488484375 0.11407641875 0.8169815375 0.1124464421875 0.8154880390624999 0.1107682140625 0.8156207265625 0.1091382375 0.8141271625 0.1074608109375 0.814259853125 0.105830834375 0.811273546875 0.10247600781249999 0.8114062343749999 0.10084603125 0.805432865625 0.094135546875 0.80556555625 0.09250556875 0.7995921203125 0.08579589062500001 0.799724875 0.0841651078125 0.7967385671875 0.08081028125 0.7951123156250001 0.08076283125 0.7949796250000001 0.082392809375 0.79322150625 0.083975359375 0.792292615625 0.095386 0.7952788578125001 0.09874163281250001 0.7951461671875 0.100371609375 0.798132475 0.10372643749999999 0.7979997859375 0.1053564140625 0.79949335 0.1070338390625 0.7990952171875 0.1119245734375 0.8005887812499999 0.11360200000000001 0.800323403125 0.1168619546875 0.8018169671875001 0.11853937968749999 0.801684278125 0.12016935625 0.8031770203124999 0.12184675781250001 0.80304433125 0.1234767359375 0.8045378296875001 0.1251549625 0.804405140625 0.126784940625 0.8058987046875 0.128462365625 0.8057660156249999 0.13009234218750002 0.8072587578125001 0.13176974375 0.8067279375 0.13829045625 0.804969815625 0.13987300625000001 0.804439059375 0.1463929140625 0.8076907437499999 0.14648778906249998 0.8094496859375001 0.1449052609375 0.81107511875 0.1449526859375 0.8140622453124999 0.1483075375 0.8139295578124999 0.14993751718749998 0.8184093625 0.1549705734375 0.818143984375 0.1582305265625 0.819636728125 0.15990792812500002 0.8195040375 0.1615379046875 0.8224911015625 0.16489356093750002 0.8223584109375001 0.16652353749999999 0.82683828125 0.1715557921875 0.8267055937500001 0.17318576875 0.8281991578125 0.1748631953125 0.8280664671875 0.176493171875 0.832546271875 0.18152622812500002 0.832413584375 0.1831562046875 0.8368934546875 0.188188459375 0.836760765625 0.1898184359375 0.8382534421875001 0.1914966421875 0.8381207546875 0.19312661874999998 0.8396143171875 0.19480404375 0.8394816296875 0.196434021875 0.842467934375 0.19978885 0.842335246875 0.20141882500000002 0.8438288109375 0.20309625156250002 0.8436960578124999 0.20472703281250001 0.8451896218750001 0.206404459375 0.84505693125 0.2080344359375 0.8480432390624999 0.2113892625 0.8479105499999999 0.213019240625 0.8494041140625 0.214696665625 0.8491386703125 0.2179574234375 0.850632234375 0.2196348484375 0.8504995453124999 0.2212648265625 0.8519922890625 0.22294222812500003 0.8518595984375 0.22457220625000002 0.8578329671875 0.23128268749999997 0.859459221875 0.2313301375 0.8609519640625001 0.2330075390625 0.8608192750000001 0.23463751562500001 0.8652991453125001 0.2396697703125 0.8651664562500001 0.241299746875 0.8666600203125 0.2429771734375 0.8665272671875 0.244607953125 0.86951439375 0.24796280468749998 0.8693817046874999 0.24959278125 0.870874446875 0.2512701828125 0.87060906875 0.2545301390625 0.8721026328124999 0.2562075640625 0.871969878125 0.25783834375 0.8749561859374999 0.2611931703125 0.8748234953124999 0.262823146875 0.8778106250000001 0.2661779984375 0.8776779343750001 0.2678079765625 0.8821577406250001 0.27284103437499996 0.8818923625 0.2761009875 0.8833851046874999 0.27777838906249996 0.8832524171875 0.27940836562500004 0.8847459796875 0.28108579218749996 0.884613290625 0.28271576875000004 0.8890930953125 0.2877488265625 0.89071935 0.2877962765625 0.8922129140624999 0.2894737015625 0.8970908515625 0.28961602656249996 0.8976216734375001 0.2830953140625 0.896128109375 0.2814178890625 0.8962607984375 0.2797879125 0.8947672343749999 0.2781104859375 0.8950326125 0.2748505328125
1 0.17634614375 0.41400820312500003 0.1748525796875 0.41233077656250006 0.17498526718750002 0.41070080000000003 0.173491703125 0.40902337343750006 0.1736243921875 0.407393396875 0.1691445875 0.4023603390625 0.1692772765625 0.40073036249999994 0.16778453437500002 0.3990529609375 0.167917221875 0.397422984375 0.1634374171875 0.392389925 0.1635701078125 0.3907599484375 0.16207654375 0.389082521875 0.16234192187500002 0.38582256875 0.1608483578125 0.38414514375 0.16098104687499998 0.3825151671875 0.15650124062499998 0.3774821078125 0.1567666203125 0.37422215468750003 0.1552738765625 0.372544753125 0.1554065640625 0.3709147765625 0.1524194375 0.367559925 0.1525521921875 0.36592914374999996 0.1510586296875 0.36425171875 0.1511913171875 0.3626217421875 0.14969857343749998 0.3609443390625 0.1498312640625 0.3593143609375 0.1483376984375 0.35763693750000003 0.1484703890625 0.3560069609375 0.146976825 0.35432953437500003 0.1471095796875 0.352698753125 0.14561683593750002 0.3510213515625 0.1457495265625 0.349391375 0.1442559625 0.3477139484375 0.14438865 0.346083971875 0.13990877968749998 0.34105171875 0.1400415359375 0.3394209375 0.13705522812499998 0.3360661109375 0.1371879171875 0.3344361328125 0.1342007890625 0.33108128125 0.13433347812500002 0.3294513046875 0.1328407359375 0.327773903125 0.1329734890625 0.326143121875 0.1299863609375 0.3227882703125 0.1301190484375 0.32115829375 0.1286254859375 0.3194808671875 0.128758175 0.3178508890625 0.1272654328125 0.3161734875 0.127796253125 0.30965277812499997 0.129554375 0.3080702265625 0.1296870625 0.30644024999999997 0.1332049484375 0.3032751953125 0.13347039375 0.3000144375 0.1352293359375 0.29843190937499997 0.112465075 0.2977677171875 0.1123323875 0.29939769374999997 0.1105733796875 0.300981025 0.110042621875 0.30750093125 0.1115361859375 0.30917835781249997 0.111005365625 0.31569906875 0.1124989296875 0.31737649375 0.11223354999999999 0.3206364484375 0.11372629375000001 0.32231385 0.113593603125 0.323943828125 0.1150871671875 0.325621253125 0.1149544140625 0.32725203281250004 0.11644797656250001 0.3289294578125 0.1163152890625 0.330559434375 0.1178080328125 0.3322368359375 0.1176753421875 0.3338668125 0.12066247031249999 0.3372216671875 0.12052978125 0.33885164375 0.122022459375 0.3405298484375 0.12162439218750001 0.345419778125 0.12311795625 0.3470972046875 0.122985265625 0.34872718125 0.1259715734375 0.352082009375 0.12583881875 0.353712790625 0.12733238281249998 0.35539021718749997 0.1271996921875 0.35702019375 0.12869325781250002 0.35869761875 0.12856056875 0.36032759531249997 0.1315468765625 0.3636824234375 0.1314141875 0.3653124 0.1329076859375 0.36699062968749996 0.1325096171875 0.371880559375 0.13400318125 0.3735579859375 0.13387049374999999 0.37518796249999997 0.1383502984375 0.3802210203125 0.138217609375 0.3818509984375 0.1397103515625 0.38352839843750003 0.1395776625 0.3851583765625 0.142564790625 0.388513228125 0.14243210312500001 0.3901432046875 0.1439248453125 0.39182060625 0.1436594015625 0.3950813640625 0.145152965625 0.39675879062499997 0.145020275 0.3983887671875 0.149500146875 0.40342102031250004 0.1493674578125 0.405050996875 0.15086095625 0.40672922656250005 0.152487209375 0.40677667812499996 0.1539799515625 0.4084540796875 0.1538472625 0.41008405625 0.15534082656249998 0.41176148125 0.1550754484375 0.4150214359375 0.1565690125 0.4166988609375 0.1564363234375 0.4183288375 0.162408871875 0.4250392984375 0.1622761828125 0.42666927499999996 0.165263309375 0.4300241265625 0.16688874375 0.4300715515625 0.16838230625 0.4317489765625 0.17326024375 0.43189130000000003 0.1747537421875 0.43356952968750007 0.176379996875 0.433616978125 0.1781381828125 0.43203362500000003 0.178801628125 0.423883740625 0.177308884375 0.42220633750000003 0.17770701718749998 0.41731560468750006 0.176213453125 0.41563817968750005 0.17634614375 0.41400820312500003
5 0.0331870265625 0.210489678125 0.031428904687499995 0.2120722296875 0.029571128125000002 0.2348935125 0.045831196875 0.2353679328125 0.0514045296875 0.16690408750000002 0.0351444625 0.166429665625 0.0330213046875 0.1925109015625 0.034513982812499996 0.19418910625000002 0.0331870265625 0.210489678125
1 0.007619662500000001 0.9450205140625 0.0058607203125 0.9466030390625001 0.005329898437499999 0.9531237515625 0.0068234624999999995 0.9548011781250001 0.0066907734375 0.9564311546875001 0.0081843375 0.9581085796875 0.1528978671875 0.9623308890625 0.1546559875 0.9607483374999999 0.16278643125 0.960985559375 0.16411338749999999 0.9446849875 0.00964398125 0.9401780328125 0.00951129375 0.941808009375 0.0077523515625 0.9433905375 0.007619662500000001 0.9450205140625
1 0.20049909531250001 0.1973974046875 0.193994903125 0.19720763125000002 0.186959890625 0.20353857031249997 0.1868272015625 0.20516854687500002 0.185068259375 0.2067510734375 0.18493557031250002 0.20838105156250003 0.1814184421875 0.2115469328125 0.1797921890625 0.2114994828125 0.1796595 0.2131294609375 0.177901378125 0.21471201093749998 0.177768690625 0.21634198750000003 0.1760097484375 0.2179245171875 0.17587705781250002 0.21955449374999997 0.1723599953125 0.222719571875 0.17222724218750002 0.2243503515625 0.1704683 0.22593287968750003 0.170335609375 0.22756285625 0.1650596046875 0.2323104625 0.16492691406249999 0.233940440625 0.1631679734375 0.23552296875 0.162769840625 0.2404137 0.1610109 0.24199622812500002 0.16061283125 0.24688615781249998 0.1588547109375 0.24846870937499999 0.1587219546875 0.250099490625 0.15520407187500002 0.253264546875 0.1535786390625 0.2532171203125 0.15181969687500002 0.254799646875 0.15019344375000002 0.25475219843749997 0.1466763828125 0.257917278125 0.146411003125 0.26117723125 0.1446519953125 0.2627605625 0.1443866171875 0.26602051718749997 0.1426284953125 0.26760306875 0.14236311875000002 0.2708630203125 0.1406041765625 0.2724455484375 0.1404714859375 0.274075525 0.136954359375 0.2772414078125 0.13682166875 0.27887138437500003 0.1315448421875 0.2836189671875 0.1314121515625 0.2852489453125 0.1243779609375 0.29157990625 0.12424527187500001 0.2932098828125 0.1207273875 0.2963749375 0.1205946984375 0.29800491562500003 0.1235817609375 0.3013605703125 0.126833446875 0.30145544375 0.128327009375 0.30313287187500004 0.13008513125 0.30155031875 0.1333376375 0.30164521718750004 0.1350966453125 0.3000618859375 0.1367220765625 0.30010931093750004 0.14199808281249998 0.29536170624999997 0.142130771875 0.293731728125 0.14564865625 0.2905666734375 0.1457813453125 0.288936696875 0.15105741718750001 0.2841882859375 0.15132279531249998 0.28092833437500003 0.15308091562499998 0.27934578125 0.1532136046875 0.2777158046875 0.158489675 0.27296739375 0.15862236406250002 0.2713374171875 0.16038130625 0.2697548890625 0.1605139953125 0.2681249125 0.164031878125 0.264959859375 0.1644300125 0.2600691234375 0.1661881328125 0.25848657343750003 0.16632082343750001 0.256856596875 0.1680797640625 0.25527406875 0.168212453125 0.2536440921875 0.1805234703125 0.242565546875 0.1806561609375 0.2409355703125 0.187690353125 0.234604609375 0.187823040625 0.23297463125 0.1895819828125 0.231392103125 0.189714671875 0.2297621265625 0.1967496859375 0.223431190625 0.19688237343749998 0.2218012140625 0.1986413171875 0.2202186859375 0.2018930015625 0.22031356093749999 0.2036519421875 0.2187310328125 0.2052773765625 0.218778459375 0.20703631875 0.21719592968749998 0.20730169531249998 0.21393597656250002 0.2090606375 0.21235344843749998 0.2107857265625 0.1911621453125 0.20590778906249999 0.1910198203125 0.2041488453125 0.1926023484375 0.20401615781250002 0.194232325 0.20049909531250001 0.1973974046875
1 0.25858586093749997 0.88535115 0.24813261875 0.8736084140625 0.24826530937500002 0.8719784374999999 0.2467717453125 0.8703010109375 0.24690443437499998 0.868671034375 0.24093106406250003 0.8619605515625001 0.241063753125 0.8603305750000001 0.22911777031249997 0.846910434375 0.229250459375 0.8452804578125 0.22775689687499998 0.8436030328124999 0.227889584375 0.84197305625 0.22626415312499998 0.84192563125 0.2245052109375 0.8435081578125001 0.22287895937500002 0.843460709375 0.2211208375 0.8450432593749999 0.21813370937499998 0.8416884078125 0.21650745625 0.841640959375 0.21202765 0.8366079 0.21216034062500003 0.8349779234374999 0.20917403281250002 0.831623096875 0.209306721875 0.8299931203125 0.20632041562499998 0.8266382921875 0.20645317031250002 0.8250075125 0.2034660421875 0.8216526609375 0.20359873125 0.8200226828125 0.20210598750000003 0.8183452796875 0.202238678125 0.8167153031250001 0.19925155 0.8133604515625 0.19938430468749999 0.811729671875 0.1978915609375 0.8100522703124999 0.1980242515625 0.80842229375 0.1815975765625 0.7899698749999999 0.181730265625 0.7883398984375 0.1802367 0.7866624718749999 0.18050214375 0.7834017171875 0.1790094015625 0.7817243140625 0.177383146875 0.7816768640625 0.1743968421875 0.7783220359375 0.1726378984375 0.7799045640625 0.1715763203125 0.79294518125 0.1730698859375 0.79462260625 0.172937196875 0.796252584375 0.1744299375 0.7979299859375 0.17416449375 0.80119074375 0.1756580578125 0.8028681703125 0.1753926796875 0.8061281234375001 0.1768862453125 0.80780555 0.17675355625 0.8094355265625 0.1812333609375 0.814468584375 0.18096798281249998 0.8177285359375001 0.182460725 0.8194059390625 0.1823280359375 0.821035915625 0.18830140625 0.8277463984375 0.1881687171875 0.829376375 0.1911550234375 0.8327312046875001 0.1910223359375 0.83436118125 0.19251590000000002 0.8360386078125 0.1922504546875 0.8392993640625 0.19374401875 0.840976790625 0.19361133125000002 0.8426067671874999 0.1965976375 0.84596159375 0.1964649484375 0.847591571875 0.20542462343749998 0.8576568828125 0.2052919359375 0.8592868593749999 0.2082790625 0.8626417109375 0.20814637343750003 0.8642716874999999 0.20963905 0.8659498937500001 0.20937367343750002 0.869209846875 0.21086723749999997 0.870887275 0.210734546875 0.8725172515624999 0.21372085468750002 0.875872078125 0.213588165625 0.8775020546875 0.2150816640625 0.8791802843750001 0.21670791718750002 0.8792277343749999 0.21820147968749998 0.880905159375 0.21806879218750003 0.8825351359375 0.2210550984375 0.8858899640625 0.22092240937500002 0.8875199421875 0.223908715625 0.8908747703125 0.22553497031249997 0.8909222187499999 0.23150833906249998 0.8976327015625 0.23124296093750002 0.9008926546874999 0.232735703125 0.9025700562500001 0.2326030140625 0.9042000328125 0.2340965125 0.9058782640624999 0.23396382343750002 0.9075082406250001 0.23545738749999998 0.9091856671875 0.23708281874999998 0.9092330921875 0.2385763828125 0.9109105171874999 0.24020263593750002 0.9109579671875 0.24169619999999997 0.9126353921874999 0.24332163125 0.9126828171874999 0.2448151953125 0.91436024375 0.2610752640625 0.9148346640625 0.2628002875 0.8936441625 0.2598132234375 0.8902885078124999 0.2599459140625 0.8886585312499999 0.258453171875 0.886981128125 0.25858586093749997 0.88535115
1 0.72134465 0.0459319359375 0.7197183984375 0.0458844875 0.7179602765624999 0.047467037499999996 0.7147077703125 0.0473721390625 0.7111907078125 0.05053721875 0.7095644531249999 0.0504897703125 0.7078063343750001 0.052072320312499996 0.7061800796875 0.052024870312500006 0.7026630171875 0.05518995 0.7010367640624999 0.0551425015625 0.69927775625 0.0567258328125 0.697651503125 0.056678384375 0.6941344390624999 0.0598434625 0.6925081875 0.059796012499999995 0.6889911234375 0.0629610921875 0.6873648718750001 0.06291364375 0.6820888671875001 0.06766124999999999 0.6804634328125 0.067613825 0.6787044265625 0.06919715625 0.6770781718750001 0.06914970625 0.6718021671875001 0.0738973140625 0.6701759140625 0.0738498640625 0.66841779375 0.075432415625 0.6651652875 0.07533751718750001 0.6616482234375 0.0785025953125 0.6600219703125 0.078455146875 0.6565048421874999 0.08162103125 0.6548785890625 0.0815735796875 0.6531204671874999 0.0831561328125 0.651494215625 0.0831086828125 0.646218209375 0.08785628906250001 0.63971401875 0.0876665171875 0.6379550765625 0.0892490453125 0.6298254531249999 0.089011846875 0.628331890625 0.08733442031250001 0.62872995625 0.082444490625 0.6304888984375 0.0808619625 0.630621653125 0.0792311828125 0.6323805953125 0.0776486546875 0.6325132859375 0.076018678125 0.631019721875 0.0743412515625 0.6311524093750001 0.07271127499999999 0.627900725 0.0726164 0.6261417828125 0.0741989265625 0.6245155296875 0.074151478125 0.6227574078125 0.07573402968750001 0.6211311562499999 0.07568658125 0.6193722140625 0.077269109375 0.6191067703125 0.080529865625 0.6220938968749999 0.0838847171875 0.62371933125 0.0839321421875 0.629692765625 0.0906418234375 0.6279338234375 0.09222435 0.6276683796875 0.0954851078125 0.63065550625 0.098839959375 0.6322809390625 0.098887384375 0.6337745015625 0.1005648109375 0.6532862546875 0.10113410468749999 0.65477981875 0.10281153125 0.6546471296874999 0.10444150781249999 0.6528881875 0.10602403593750001 0.6496365015625 0.1059291609375 0.6461193749999999 0.10909504375000001 0.6459866843750001 0.1107250203125 0.6424688 0.113890075 0.6423361109375 0.1155200515625 0.637060040625 0.12026846093750002 0.6369273515625 0.1218984390625 0.6334102890625 0.12506351875 0.6332775984375 0.12669349531250002 0.63151865625 0.1282760234375 0.6298924046875001 0.1282285734375 0.629759715625 0.12985855 0.62800159375 0.1314411015625 0.6278688406249999 0.1330718828125 0.6261098984375 0.134654409375 0.6259772078125 0.1362843859375 0.6224601453124999 0.139449465625 0.6221947671875 0.14270941875 0.620435825 0.14429194843749998 0.6200376921874999 0.1491826796875 0.61827875 0.1507652078125 0.6181460609375 0.152395184375 0.6146289984375 0.1555602625 0.6143635546875 0.158821021875 0.6126046125 0.1604035484375 0.6119411671874999 0.16855343125 0.61343473125 0.1702308578125 0.616686415625 0.17032573281250002 0.6184453578125 0.16874320468749998 0.62169704375 0.168838078125 0.6234559859375 0.1672555515625 0.6235886734375 0.165625575 0.625347615625 0.1640430484375 0.6269730484375 0.1640904734375 0.6304909328125 0.1609254171875 0.6306236203125 0.159295440625 0.6323818078125 0.1577120859375 0.632514496875 0.156082109375 0.637790503125 0.15133450312500002 0.637923190625 0.1497045265625 0.6396821328125 0.1481219984375 0.639814821875 0.146492021875 0.643332771875 0.14332616250000002 0.6434654625 0.1416961859375 0.64522358125 0.140113634375 0.645356271875 0.1384836578125 0.6471152140624999 0.13690112968749998 0.647247903125 0.135271153125 0.65076503125 0.1321052703125 0.6508977203125 0.13047529375 0.6526566625 0.1288927671875 0.6527893515625001 0.1272627875 0.65454829375 0.1256802625 0.6546809812500001 0.1240502859375 0.656439103125 0.12246773281250001 0.6565717921875 0.12083775625 0.6583308 0.1192544265625 0.6587288671875 0.11436449687500001 0.660487809375 0.11278196874999999 0.660885878125 0.10789203750000001 0.6626440625 0.10630868281250001 0.6627767515625 0.10467870625 0.6680527578125 0.0999311 0.669679009375 0.09997855 0.6749550156249999 0.0952309421875 0.6765812703125 0.095278390625 0.6836162828125001 0.08894745468750001 0.6852417156249999 0.0889948796875 0.6870006562500001 0.0874123515625 0.6886269109375001 0.0874598 0.6939029156250001 0.0827121953125 0.695528346875 0.08275961875 0.699046296875 0.07959376093750001 0.70067255 0.079641209375 0.7059485546875 0.074893603125 0.7075739859375 0.074941028125 0.7146089984375 0.0686100890625 0.716235253125 0.0686575390625 0.717993375 0.0670749875 0.7196196265625 0.06712243749999999 0.72137856875 0.06553990937500001 0.7228713124999999 0.0672173109375 0.7244975640625 0.0672647609375 0.725991128125 0.0689421859375 0.7324953203125 0.069131959375 0.733987996875 0.070810165625 0.73561425 0.07085761406249999 0.73800285 0.041515621875 0.7282469734375 0.0412309734375 0.7247290234375 0.044396832812499995 0.7231035921875 0.044349407812500005 0.72134465 0.0459319359375
3 0.25499689062500003 0.5526721218749999 0.2526519328125 0.5814780203125001 0.271164934375 0.582018175 0.27350989375 0.553212275 0.25499689062500003 0.5526721218749999