3 0.736949153125 0.8488555640625 0.691510015625 0.8488555640625 0.691510015625 0.88945540625 0.736949153125 0.88945540625 0.736949153125 0.8488555640625
3 0.6957434515625 0.8740844515624999 0.6311286593750001 0.8740844515624999 0.6311286593750001 0.9030584062499999 0.6957434515625 0.9030584062499999 0.6957434515625 0.8740844515624999
3 0.51762711875 0.7701933703125 0.4843143296875 0.7701933703125 0.4843143296875 0.8167837406249999 0.51762711875 0.8167837406249999 0.51762711875 0.7701933703125
3 0.49970338906249995 0.7038752953125 0.486290446875 0.7038752953125 0.486290446875 0.7257537484375 0.49970338906249995 0.7257537484375 0.49970338906249995 0.7038752953125
3 0.5063058546875 0.6350355171875 0.48028890625000004 0.6350355171875 0.48028890625000004 0.66352801875 0.5063058546875 0.66352801875 0.5063058546875 0.6350355171875
3 0.8936941453125 0.39151144375 0.8484784281250001 0.39151144375 0.8484784281250001 0.43663378125 0.8936941453125 0.43663378125 0.8936941453125 0.39151144375
2 0.0784614796875 0.7082620359375 0.07807549999999999 0.8831696921875001 0.09058012343750001 0.8887182328125001 0.233222209375 0.8046974 0.21597892343749997 0.794669309375 0.236056615625 0.7829340171875 0.092758859375 0.7006748218750001 0.0784614796875 0.7082620359375
2 0.53472804375 0.9800426203124999 0.54797380625 0.9619881609375 0.253333059375 0.792851453125 0.233222209375 0.8046974 0.53472804375 0.9800426203124999
2 0.253333059375 0.792851453125 0.8791016953125 0.42425335468750003 0.9524406781250001 0.29687608593750003 0.9465539296875001 0.28522099375 0.574397534375 0.067682715625 0.5666602468749999 0.07801105 0.9366841296875 0.296364640625 0.8690077046875 0.4129779 0.236056615625 0.7829340171875 0.253333059375 0.792851453125
3 0.9513636359375001 0.27138910781250003 0.920793528125 0.27138910781250003 0.920793528125 0.31779794843750003 0.9513636359375001 0.31779794843750003 0.9513636359375001 0.27138910781250003
3 0.676186440625 0.11839384374999999 0.658143296875 0.11839384374999999 0.658143296875 0.1416535125 0.676186440625 0.1416535125 0.676186440625 0.11839384374999999
5 0.9715023109375001 0.474727703125 0.9142449921875 0.474727703125 0.9142449921875 0.4873875296875 0.9715023109375001 0.4873875296875 0.9715023109375001 0.474727703125
1 0.9386016953125 0.462738753125 0.915389059375 0.462738753125 0.915389059375 0.475951065625 0.9386016953125 0.475951065625 0.9386016953125 0.462738753125
0 0.9277272734374999 0.45131412812500005 0.9162480734375 0.45131412812500005 0.9162480734375 0.46369771093749995 0.9277272734374999 0.46369771093749995 0.9277272734374999 0.45131412812500005
1 0.487831278125 0.6933385953125 0.47709938437500005 0.6933385953125 0.47709938437500005 0.7279084453125 0.487831278125 0.7279084453125 0.487831278125 0.6933385953125
5 0.0698882890625 0.67343330625 0.012577042187500002 0.67343330625 0.012577042187500002 0.6879242296875 0.0698882890625 0.6879242296875 0.0698882890625 0.67343330625
5 0.1361325109375 0.769565903125 0.1001232671875 0.769565903125 0.1001232671875 0.785367009375 0.1361325109375 0.785367009375 0.1361325109375 0.769565903125
5 0.3994992296875 0.768575375 0.3361710328125 0.768575375 0.3361710328125 0.7836740328125 0.3994992296875 0.7836740328125 0.3994992296875 0.768575375
0 0.3695801234375 0.757174428125 0.335689521875 0.757174428125 0.335689521875 0.7696764015625 0.3695801234375 0.7696764015625 0.3695801234375 0.757174428125
0 0.7773073953125 0.1960355171875 0.765770415625 0.190367009375 0.7595726921875 0.1994710203125 0.76952619375 0.20757853124999998 0.7773073953125 0.1960355171875
1 0.6107842828125001 0.0482288875 0.6177912171875 0.031662982812500004 0.6584938359375 0.031240726562499998 0.6588821265625 0 0.597183359375 0.001442778125 0.5983721109375 0.0319297546875 0.60709245 0.032183898437500004 0.6013097078125 0.042423046874999995 0.589193375 0.035371743750000004 0.5892981515625 0.0492825578125 0.620683359375 0.065895028125 0.6213513093749999 0.0520670875 0.6107842828125001 0.0482288875
5 0.6253120187500001 0.127940015625 0.611267334375 0.127940015625 0.611267334375 0.1389423828125 0.6253120187500001 0.1389423828125 0.6253120187500001 0.127940015625
5 0.6427580890625 0.1476598265625 0.517842834375 0.1476598265625 0.517842834375 0.1632004734375 0.6427580890625 0.1632004734375 0.6427580890625 0.1476598265625
5 0.6529198765625 0.1644909234375 0.529576271875 0.1644909234375 0.529576271875 0.181381215625 0.6529198765625 0.181381215625 0.6529198765625 0.1644909234375
5 0.7072650234375 0.196239146875 0.64271956875 0.196239146875 0.64271956875 0.22213496406250002 0.7072650234375 0.22213496406250002 0.7072650234375 0.196239146875
5 0.7123459171875 0.23375295937499999 0.62065870625 0.23375295937499999 0.62065870625 0.2602328328125 0.7123459171875 0.2602328328125 0.7123459171875 0.23375295937499999
0 0.8045484234375 0.25283555 0.8109375968749999 0.23906235156250003 0.8 0.23906235156250003 0.7968751921874999 0.2421878453125 0.7921872109375 0.2421878453125 0.789062403125 0.23906235156250003 0.7546872109375 0.23906235156250003 0.7553520796875001 0.25367640156250004 0.8045484234375 0.25283555
0 0.6434668718750001 0.22076953437500002 0.622064715625 0.22076953437500002 0.622064715625 0.23345303906249998 0.6434668718750001 0.23345303906249998 0.6434668718750001 0.22076953437500002
0 0.6446440671875 0.185564325 0.643983821875 0.19670560312500002 0.674453775 0.19708918749999998 0.6855171437500001 0.1906250984375 0.6843751921875 0.1906250984375 0.6828127890625 0.1921878453125 0.6812503859375 0.1921878453125 0.6796872109375001 0.1906250984375 0.6781248078125001 0.1906250984375 0.675 0.1875003953125 0.675 0.1828121546875 0.674466871875 0.1858105765625 0.6446440671875 0.185564325
0 0.916491525 0.3524017359375 0.9107989218749999 0.36072849218749997 0.9200731890625 0.369464878125 0.926775809375 0.3585809 0.916491525 0.3524017359375
0 0.9755624031250001 0.25299131875 0.9610323578125 0.25299131875 0.9610323578125 0.26768745 0.9755624031250001 0.26768745 0.9755624031250001 0.25299131875
4 0.899275809375 0.27655485468749996 0.8849768875 0.27655485468749996 0.8849768875 0.29228492500000003 0.899275809375 0.29228492500000003 0.899275809375 0.27655485468749996
4 0.97244221875 0.30301105 0.9563405234375001 0.30301105 0.9563405234375001 0.3205248625 0.97244221875 0.3205248625 0.97244221875 0.30301105
4 0.9151232671875 0.40834648749999997 0.8995300468749999 0.40834648749999997 0.8995300468749999 0.42581294375 0.9151232671875 0.42581294375 0.9151232671875 0.40834648749999997
5 0.8717295843749999 0.4525927390625 0.83568181875 0.4525927390625 0.83568181875 0.467596684375 0.8717295843749999 0.467596684375 0.8717295843749999 0.4525927390625
0 0.73965023125 0.5027671671875 0.729108628125 0.5083859515625 0.7347881359375 0.520972375 0.745562403125 0.5134348859375 0.73965023125 0.5027671671875
5 0.8528736515625001 0.5069415937499999 0.789206471875 0.5069415937499999 0.789206471875 0.5217087609375 0.8528736515625001 0.5217087609375 0.8528736515625001 0.5069415937499999
0 0.8220146375 0.49492107343749997 0.791082434375 0.49492107343749997 0.791082434375 0.5079044984375 0.8220146375 0.5079044984375 0.8220146375 0.49492107343749997
1 0.46997303593749995 0.5959194953125 0.41079738125 0.5959194953125 0.41079738125 0.6086898187500001 0.46997303593749995 0.6086898187500001 0.46997303593749995 0.5959194953125
0 0.42642912187500004 0.58293606875 0.413617103125 0.58293606875 0.413617103125 0.5968429359375 0.42642912187500004 0.5968429359375 0.42642912187500004 0.58293606875
4 0.703378275 0.5468666140625 0.68685285 0.5468666140625 0.68685285 0.5614364640625 0.703378275 0.5614364640625 0.703378275 0.5468666140625
5 0.7853466874999999 0.583417521875 0.661972265625 0.583417521875 0.661972265625 0.5962352015625 0.7853466874999999 0.5962352015625 0.7853466874999999 0.583417521875
5 0.666891371875 0.618934490625 0.598593990625 0.618934490625 0.598593990625 0.6320520921874999 0.666891371875 0.6320520921874999 0.666891371875 0.618934490625
0 0.6357858249999999 0.6069850046874999 0.60281201875 0.6069850046874999 0.60281201875 0.62018153125 0.6357858249999999 0.62018153125 0.6357858249999999 0.6069850046874999
2 0.49115793593749996 0.803553275 0.6622072421875 0.9032936062499999 0.669744221875 0.9034364640625 0.6906972265625 0.8924475140625001 0.6891556234375 0.8791097078125001 0.6890469953125 0.8801728499999999 0.66565023125 0.8949226515625 0.49841525468750003 0.795145225 0.49636748906249994 0.6437308609375 0.4870285046875 0.6527498031250001 0.48779969218749997 0.7969771109375 0.49115793593749996 0.803553275
0 0.5671032359375 0.8457932125 0.5611694921875 0.8547853203125 0.5712604 0.8629589578125 0.5768174109374999 0.8527766375000001 0.5671032359375 0.8457932125
5 0.5430123265625 0.65266771875 0.5168027734375 0.65266771875 0.5168027734375 0.668026834375 0.5430123265625 0.668026834375 0.5430123265625 0.65266771875
5 0.5544761171875 0.6711325968749999 0.509483821875 0.6711325968749999 0.509483821875 0.68577348125 0.5544761171875 0.68577348125 0.5544761171875 0.6711325968749999
0 0.5082742687499999 0.7110576171874999 0.49553158750000004 0.7110576171874999 0.49553158750000004 0.7239384375 0.5082742687499999 0.7239384375 0.5082742687499999 0.7110576171874999
5 0.48704930625 0.7791436468749999 0.464768875 0.7791436468749999 0.464768875 0.795426203125 0.48704930625 0.795426203125 0.48704930625 0.7791436468749999
5 0.5359167953124999 0.7816574578125 0.5164560859375 0.7816574578125 0.5164560859375 0.7991318078125 0.5359167953124999 0.7991318078125 0.5359167953124999 0.7816574578125
1 0.48468027812500003 0.8231767953125001 0.40652157187500004 0.8231767953125001 0.40652157187500004 0.8373914765625001 0.48468027812500003 0.8373914765625001 0.48468027812500003 0.8231767953125001
0 0.4224460703125 0.81108129375 0.40857087812500004 0.81108129375 0.40857087812500004 0.82547750625 0.4224460703125 0.82547750625 0.4224460703125 0.81108129375
5 0.5430701078125 0.8396527234375 0.416775809375 0.8396527234375 0.416775809375 0.8562115234375 0.5430701078125 0.8562115234375 0.5430701078125 0.8396527234375
5 0.5785862859375001 0.8661286499999999 0.51973420625 0.8661286499999999 0.51973420625 0.8967758484375 0.5785862859375001 0.8967758484375 0.5785862859375001 0.8661286499999999
0 0.6728967640625 0.9169810578125001 0.657981509375 0.9169810578125001 0.657981509375 0.9308958171875 0.6728967640625 0.9308958171875 0.6728967640625 0.9169810578125001
5 0.819587828125 0.8211641671875001 0.7486402156249999 0.8211641671875001 0.7486402156249999 0.8517955796875001 0.819587828125 0.8517955796875001 0.819587828125 0.8211641671875001
5 0.8233281968749999 0.9110970796875 0.728536209375 0.9110970796875 0.728536209375 0.9230781374999999 0.8233281968749999 0.9230781374999999 0.8233281968749999 0.9110970796875
0 0.7884530046875 0.91181294375 0.789062403125 0.8984372531249999 0.7343751921874999 0.8984372531249999 0.7349861328125 0.9114404109375001 0.7555285046875 0.9120213109374999 0.7884530046875 0.91181294375
0 0.753859784375 0.8804222578124999 0.7400231125000001 0.8804222578124999 0.7400231125000001 0.8949684296875 0.753859784375 0.8949684296875 0.753859784375 0.8804222578124999
5 0.710550846875 0.9052170484375001 0.68915639375 0.9052170484375001 0.68915639375 0.9208445140625001 0.710550846875 0.9208445140625001 0.710550846875 0.9052170484375001
5 0.6383590140625001 0.8963891078125 0.6157241906250001 0.8963891078125 0.6157241906250001 0.9109668515625 0.6383590140625001 0.9109668515625 0.6383590140625001 0.8963891078125
5 0.48083204999999996 0.9518626671874999 0.446718028125 0.9518626671874999 0.446718028125 0.9666377265625 0.48083204999999996 0.9666377265625 0.48083204999999996 0.9518626671874999
0 0.31200308125 0.8858800312499999 0.27935285 0.8858800312499999 0.27935285 0.8990449875 0.31200308125 0.8990449875 0.31200308125 0.8858800312499999
5 0.341013096875 0.8980662984375 0.279356703125 0.8980662984375 0.279356703125 0.912241515625 0.341013096875 0.912241515625 0.341013096875 0.8980662984375
5 0.301706471875 0.8652959750000001 0.18008089375 0.8652959750000001 0.18008089375 0.8793764796874999 0.301706471875 0.8793764796874999 0.301706471875 0.8652959750000001
1 0.47065716562500004 0.6675027625000001 0.4580285046875 0.6802857140625 0.459516846875 0.8198521624999999 0.4721887515625 0.8113575375 0.47065716562500004 0.6675027625000001
1 0.4416525421875 0.6808555640625 0.44366486875 0.7416811359375 0.4553590140625 0.7318382 0.455617103125 0.6827284921875 0.467579353125 0.6693693765625001 0.46856163281249996 0.6574017359375001 0.45943759687499997 0.663992896875 0.4416525421875 0.6808555640625
1 0.9476679499999999 0.263548540625 0.8259614796875001 0.1957032359375 0.824354390625 0.2075288078125 0.9459483828125 0.2773638515625 0.9467942984375 0.27718153125 0.9476679499999999 0.263548540625
1 0.7201317406250001 0.1471610109375 0.82329506875 0.2080228890625 0.826322034375 0.195906078125 0.720836671875 0.1322912390625 0.7201317406250001 0.1471610109375
1 0.6194198765625 0.0857308609375 0.7203035437499999 0.1467308609375 0.7207041609375 0.13221704843749998 0.6192164874999999 0.07374033125 0.6194198765625 0.0857308609375
1 0.9466825890624999 0.4121262828125 0.8768343609375 0.453895028125 0.8764114015625 0.4684869765625 0.9472942984375001 0.42851696875 0.9466825890624999 0.4121262828125
1 0.8672665640625 0.39089029218750004 0.8464453000000001 0.3738342546875 0.8699021578125 0.3605288078125 0.86602003125 0.3472170484375 0.8077072421875 0.3799044984375 0.807643296875 0.395565903125 0.8367457625 0.381096290625 0.8573443765625001 0.394099446875 0.8576055468750001 0.4060355171875 0.8754067796875 0.39463772656249996 0.8760123265624999 0.383920284375 0.8672665640625 0.39089029218750004
1 0.857752696875 0.42108918749999996 0.8580801234375001 0.4056400953125 0.4918012328125 0.6221696921875 0.49195762656250003 0.6353914765625001 0.857752696875 0.42108918749999996
1 0.491638675 0.61117600625 0.49252003125000005 0.6207513812500001 0.857842834375 0.40605840625 0.856423728125 0.3938681921875 0.491638675 0.61117600625
1 0.874247303125 0.36745303906250004 0.4923089375 0.5944451453124999 0.4923073953125 0.594185478125 0.49129275781250004 0.6054025249999999 0.8761848999999999 0.38132280937499996 0.874247303125 0.36745303906250004
1 0.49220493125000003 0.628696921875 0.4920616328125 0.6193022890625001 0.33104083281249996 0.7156835046875 0.3320554703125 0.7290228890625 0.4924530046875 0.6353078140624999 0.49220493125000003 0.628696921875
1 0.194030046875 0.7665335437499999 0.2057449921875 0.7752178375 0.49208936875 0.608562746875 0.4918058546875 0.5936764015625 0.194030046875 0.7665335437499999
1 0.3568844375 0.8371349640625001 0.3549345140625 0.8519755328124999 0.5104830515625001 0.940923440625 0.5103867484375 0.92422651875 0.3568844375 0.8371349640625001
1 0.08529815156250001 0.691107340625 0.3546617875 0.850604578125 0.3551872109375 0.8347979484374999 0.0845631734375 0.6779755328125 0.08529815156250001 0.691107340625
0 0.2557157171875 0.8109273874999999 0.25104930625 0.8199052874999999 0.25969645625000004 0.825931334375 0.264556240625 0.8156945546875001 0.2557157171875 0.8109273874999999
0 0.2076348234375 0.8127545375 0.19731201874999998 0.818644040625 0.20350847500000002 0.8288760859375 0.21349614843750003 0.822462509375 0.2076348234375 0.8127545375
1 0.0849137140625 0.8581475921875 0.0850932203125 0.870027625 0.33103929062500004 0.7283370171875 0.330536209375 0.7146211515625 0.0849137140625 0.8581475921875
1 0.0565177203125 0.8105809 0.055937596874999995 0.8990923437499999 0.0703212640625 0.8910749796875 0.0695631734375 0.803288871875 0.0565177203125 0.8105809
1 0.055637904687499996 0.8107616421875001 0.06881818125 0.8031381218750001 0.0700146375 0.714381215625 0.051802003124999996 0.7260978687499999 0.05279738125 0.7258318859374999 0.055637904687499996 0.8107616421875001
4 0.136810478125 0.87915943125 0.12183359062500002 0.87915943125 0.12183359062500002 0.8971941593749999 0.136810478125 0.8971941593749999 0.136810478125 0.87915943125
4 0.12225731875000001 0.739344909375 0.1065254234375 0.739344909375 0.1065254234375 0.7552880828124999 0.12225731875000001 0.7552880828124999 0.12225731875000001 0.739344909375
0 0.083744221875 0.9001696921875 0.069322034375 0.9001696921875 0.069322034375 0.9138792421874999 0.083744221875 0.9138792421874999 0.083744221875 0.9001696921875
0 0.026648690625 0.66273480625 0.013536209375 0.66273480625 0.013536209375 0.6761917921875 0.026648690625 0.6761917921875 0.026648690625 0.66273480625
1 0.7125 0.11874980312500001 0.7156248078125 0.11874980312500001 0.7203127890625 0.12343725312500001 0.7218751921875 0.12343725312500001 0.725 0.126562746875 0.726562403125 0.126562746875 0.7296872109375 0.12968744999999998 0.7312503859375 0.12968744999999998 0.7328127890625 0.131250196875 0.735937596875 0.131250196875 0.7375 0.13281215468750002 0.7390624031249999 0.13281215468750002 0.7421872109375001 0.1359376484375 0.7437503859375 0.1359376484375 0.7453127890625 0.1375003953125 0.7468751921875 0.1375003953125 0.751562403125 0.1421878453125 0.7531248078125 0.1421878453125 0.7546872109375 0.14374980312500002 0.7546872109375 0.14531255 0.7609375968750001 0.151562746875 0.7625 0.151562746875 0.764062403125 0.1531247046875 0.7656248078125001 0.1531247046875 0.7671872109375 0.15468745 0.7703127890625 0.15468745 0.7718751921875 0.156250196875 0.773437596875 0.156250196875 0.776562403125 0.1593749015625 0.7781248078125 0.1593749015625 0.7796872109375 0.1609376484375 0.7812503859375 0.1609376484375 0.7828127890625 0.1625003953125 0.7843751921875 0.1625003953125 0.7875 0.1656250984375 0.789062403125 0.1656250984375 0.7906248078125 0.1671878453125 0.7921872109375 0.1671878453125 0.7937503859375 0.16874980312500001 0.7953127890625 0.16874980312500001 0.8 0.173437253125 0.801562403125 0.173437253125 0.8062503859374999 0.1781247046875 0.8078127890625 0.1781247046875 0.8093751921875001 0.17968745 0.8109375968749999 0.17968745 0.8156248078124999 0.1843749015625 0.8171872109375 0.1843749015625 0.8203127890624999 0.1875003953125 0.8218751921875 0.1875003953125 0.823437596875 0.1890623515625 0.8265624031250001 0.1890623515625 0.8312503859374999 0.193749803125 0.8328127890625 0.193749803125 0.8359375968749999 0.1968752953125 0.8359375968749999 0.198437253125 0.8343751921875 0.2 0.8343751921875 0.2031247046875 0.8406248078124999 0.2031247046875 0.8421872109375 0.201562746875 0.848437596875 0.201562746875 0.85 0.2031247046875 0.8515624031250001 0.2031247046875 0.8531248078125 0.20468745 0.8546872109375 0.20468745 0.8562503859374999 0.20625019687499999 0.8578127890625 0.20625019687499999 0.8593751921875 0.20781215468749997 0.8609375968749999 0.20781215468749997 0.8625 0.2093749015625 0.8656248078125 0.2093749015625 0.8671872109375001 0.21093764843749999 0.8718751921875001 0.21093764843749999 0.8734375968749999 0.21250039531249998 0.875 0.21250039531249998 0.8781248078124999 0.21562509843750002 0.8796872109375 0.21562509843750002 0.8828127890624999 0.218749803125 0.8937503859374999 0.218749803125 0.8953127890625 0.21718784531250002 0.8968751921875 0.21718784531250002 0.8968751921875 0.21562509843750002 0.8937503859374999 0.21250039531249998 0.8921872109375 0.21250039531249998 0.885937596875 0.20625019687499999 0.8843751921875 0.20625019687499999 0.8781248078124999 0.2 0.8765624031250001 0.2 0.8734375968749999 0.1968752953125 0.8718751921875001 0.1968752953125 0.8703127890625 0.19531255 0.8687503859374999 0.19531255 0.8671872109375001 0.193749803125 0.8656248078125 0.193749803125 0.8593751921875 0.1875003953125 0.8578127890625 0.1875003953125 0.8531248078125 0.1828121546875 0.8515624031250001 0.1828121546875 0.85 0.181250196875 0.8468751921875001 0.181250196875 0.8421872109375 0.176562746875 0.8406248078124999 0.176562746875 0.839062403125 0.175 0.8375 0.175 0.8328127890625 0.17031255 0.8296872109375 0.17031255 0.8281248078125 0.16874980312500001 0.8265624031250001 0.16874980312500001 0.825 0.1671878453125 0.823437596875 0.1671878453125 0.8203127890624999 0.1640623515625 0.8171872109375 0.1640623515625 0.8156248078124999 0.1625003953125 0.8140624031250001 0.1625003953125 0.8125 0.1609376484375 0.8109375968749999 0.1609376484375 0.8078127890625 0.1578121546875 0.8046872109375001 0.1578121546875 0.8031248078125 0.156250196875 0.801562403125 0.156250196875 0.7968751921874999 0.151562746875 0.7953127890625 0.151562746875 0.7921872109375 0.148437253125 0.7906248078125 0.148437253125 0.7875 0.14531255 0.785937596875 0.14531255 0.7843751921875 0.14374980312500002 0.7828127890625 0.14374980312500002 0.7781248078125 0.1390623515625 0.776562403125 0.1390623515625 0.775 0.1375003953125 0.7718751921875 0.1375003953125 0.7703127890625 0.1359376484375 0.7687503859375 0.1359376484375 0.7671872109375 0.1343749015625 0.7656248078125001 0.1343749015625 0.764062403125 0.13281215468750002 0.7625 0.13281215468750002 0.7609375968750001 0.131250196875 0.7578127890624999 0.131250196875 0.751562403125 0.125 0.75 0.125 0.7453127890625 0.12031255 0.7421872109375001 0.12031255 0.7406248078125001 0.11874980312500001 0.7390624031249999 0.11874980312500001 0.7343751921874999 0.1140623515625 0.7328127890625 0.1140623515625 0.7312503859375 0.1125003953125 0.7296872109375 0.1125003953125 0.7281248078125 0.11093764843750001 0.726562403125 0.11093764843750001 0.723437596875 0.10781215468750001 0.7156248078125 0.10781215468750001 0.714062403125 0.106250196875 0.710937596875 0.106250196875 0.7093751921875 0.10468744999999999 0.7078127890625 0.10468744999999999 0.7062503859375 0.10312470468749999 0.7 0.10312470468749999 0.7 0.10781215468750001 0.701562403125 0.1093749015625 0.701562403125 0.11093764843750001 0.7062503859375 0.11562509843749999 0.7078127890625 0.11562509843749999 0.7093751921875 0.1171878453125 0.710937596875 0.1171878453125 0.7125 0.11874980312500001
1 0.55 0.7968752953125 0.5562503859375 0.8031247046875001 0.5578127890625 0.8031247046875001 0.5593751921875 0.80468745 0.5625 0.80468745 0.564062403125 0.806250196875 0.5656248078125 0.806250196875 0.5671872109375 0.8078121546875 0.5671872109375 0.8093749015625 0.5687503859375 0.8109376484374999 0.5703127890624999 0.8109376484374999 0.575 0.8156250984375 0.576562403125 0.8156250984375 0.5781248078125001 0.8171878453125 0.5812503859375 0.8171878453125 0.5828127890625 0.818749803125 0.5843751921875 0.818749803125 0.5875 0.8218752953124999 0.589062403125 0.8218752953124999 0.5906248078125 0.8234372531249999 0.5921872109375 0.8234372531249999 0.5968751921875 0.8281247046875 0.598437596875 0.8281247046875 0.6 0.82968745 0.6046872109375 0.82968745 0.6062503859375 0.831250196875 0.6078127890625 0.831250196875 0.610937596875 0.8343749015625 0.6125 0.8343749015625 0.6140624031249999 0.8359376484375 0.6156248078125001 0.8359376484375 0.6171872109375001 0.8375003953125001 0.6187503859375 0.8375003953125001 0.6218751921875 0.8406250984374999 0.623437596875 0.8406250984374999 0.625 0.8421878453125 0.6296872109375 0.8421878453125 0.6312503859375 0.8437498031249999 0.6328127890624999 0.8437498031249999 0.6359375968750001 0.8468752953124999 0.6375 0.8468752953124999 0.639062403125 0.848437253125 0.6406248078125001 0.848437253125 0.6421872109375 0.85 0.6437503859375 0.85 0.6453127890625 0.8515627468750001 0.6468751921875 0.8515627468750001 0.648437596875 0.8531247046875 0.651562403125 0.8531247046875 0.6531248078125 0.8546874499999999 0.6593751921875 0.8546874499999999 0.660937596875 0.856250196875 0.6671872109375 0.856250196875 0.6687503859375 0.8546874499999999 0.6703127890625 0.8546874499999999 0.6703127890625 0.8328121546875 0.6687503859375 0.8343749015625 0.6656248078125 0.8343749015625 0.6625 0.8375003953125001 0.660937596875 0.8375003953125001 0.6593751921875 0.8390623515625 0.6531248078125 0.8390623515625 0.651562403125 0.8375003953125001 0.65 0.8375003953125001 0.648437596875 0.8359376484375 0.6468751921875 0.8359376484375 0.6437503859375 0.8328121546875 0.6421872109375 0.8328121546875 0.6406248078125001 0.831250196875 0.639062403125 0.831250196875 0.6359375968750001 0.8281247046875 0.6343751921874999 0.8281247046875 0.6312503859375 0.825 0.6296872109375 0.825 0.625 0.82031255 0.623437596875 0.82031255 0.6218751921875 0.818749803125 0.6203127890625 0.818749803125 0.6187503859375 0.8171878453125 0.6171872109375001 0.8171878453125 0.6156248078125001 0.8156250984375 0.6140624031249999 0.8156250984375 0.6125 0.8140623515625001 0.610937596875 0.8140623515625001 0.6093751921874999 0.8125003953125001 0.6078127890625 0.8125003953125001 0.6062503859375 0.8109376484374999 0.6046872109375 0.8109376484374999 0.601562403125 0.8078121546875 0.6 0.8078121546875 0.598437596875 0.806250196875 0.5953127890625 0.806250196875 0.5906248078125 0.8015627468750001 0.589062403125 0.8015627468750001 0.5875 0.8 0.5843751921875 0.8 0.5828127890625 0.798437253125 0.5812503859375 0.798437253125 0.576562403125 0.793749803125 0.575 0.793749803125 0.5734375968750001 0.7921878453125 0.5718751921874999 0.7921878453125 0.5671872109375 0.7875003953124999 0.5656248078125 0.7875003953124999 0.564062403125 0.7859376484375 0.5625 0.7859376484375 0.560937596875 0.7843749015625 0.5593751921875 0.7843749015625 0.5578127890625 0.7828121546875 0.5531248078125001 0.7828121546875 0.5515624031249999 0.7812501968750001 0.5437503859375 0.7812501968750001 0.5421872109375 0.7828121546875 0.5421872109375 0.7843749015625 0.5437503859375 0.7859376484375 0.5437503859375 0.7906250984375001 0.5453127890625 0.7921878453125 0.5453127890625 0.793749803125 0.548437596875 0.7968752953125 0.55 0.7968752953125
5 0.7281248078125 0.9234372531249999 0.7281248078125 0.9390623515625001 0.75 0.9390623515625001 0.751562403125 0.9375003953125001 0.7671872109375 0.9375003953125001 0.7687503859375 0.9390623515625001 0.7937503859375 0.9390623515625001 0.7937503859375 0.9234372531249999 0.7281248078125 0.9234372531249999
1 0.048437596875 0.90468745 0.05 0.90468745 0.051562403125 0.9031247046875001 0.053124807812499994 0.9031247046875001 0.053124807812499994 0.75468745 0.0375 0.75468745 0.0375 0.7625003953125 0.035937596875 0.7640623515625 0.035937596875 0.9031247046875001 0.0375 0.90468745 0.039062403125 0.90468745 0.040624807812500004 0.9062501968750001 0.0468751921875 0.9062501968750001 0.048437596875 0.90468745
1 0.9937503859374999 0.3531247046875 0.9953127890625 0.351562746875 0.9953127890625 0.32968745 0.9937503859374999 0.3281247046875 0.9937503859374999 0.326562746875 0.9953127890625 0.325 0.9953127890625 0.3171878453125 0.9937503859374999 0.31562509843750003 0.9937503859374999 0.2968752953125 0.9953127890625 0.29531255 0.9953127890625 0.293749803125 0.9968751921875001 0.2921878453125 0.9984375968749999 0.2921878453125 0.9984375968749999 0.2718752953125 0.9765624031250001 0.2718752953125 0.9765624031250001 0.3625003953125 0.9859375968749999 0.3625003953125 0.9875 0.3609376484375 0.989062403125 0.3609376484375 0.9906248078125 0.35937490156249996 0.9906248078125 0.3578121546875 0.9937503859374999 0.35468745 0.9937503859374999 0.3531247046875
1 0.7437503859375 0.7796874500000001 0.7375 0.7859376484375 0.735937596875 0.7859376484375 0.7343751921874999 0.7875003953124999 0.7328127890625 0.7875003953124999 0.726562403125 0.793749803125 0.725 0.793749803125 0.714062403125 0.80468745 0.7125 0.80468745 0.710937596875 0.806250196875 0.7093751921875 0.806250196875 0.7078127890625 0.8078121546875 0.7031248078125001 0.8078121546875 0.7 0.8109376484374999 0.6984375968750001 0.8109376484374999 0.6968751921874999 0.8125003953125001 0.6953127890624999 0.8125003953125001 0.6906248078125 0.8171878453125 0.689062403125 0.8171878453125 0.6875 0.818749803125 0.6843751921875 0.818749803125 0.6796872109375001 0.8234372531249999 0.6781248078125001 0.8234372531249999 0.675 0.8265627468750001 0.673437596875 0.8265627468750001 0.6687503859375 0.831250196875 0.6687503859375 0.8328121546875 0.6671872109375 0.8343749015625 0.6671872109375 0.8375003953125001 0.6656248078125 0.8390623515625 0.6671872109375 0.8406250984374999 0.6671872109375 0.8437498031249999 0.6703127890625 0.8468752953124999 0.6718751921874999 0.8468752953124999 0.675 0.8437498031249999 0.6765624031249999 0.8437498031249999 0.6828127890625 0.8375003953125001 0.6843751921875 0.8375003953125001 0.689062403125 0.8328121546875 0.6906248078125 0.8328121546875 0.6937503859375 0.82968745 0.6953127890624999 0.82968745 0.6968751921874999 0.8281247046875 0.7 0.8281247046875 0.701562403125 0.8265627468750001 0.7046872109375 0.8265627468750001 0.7062503859375 0.825 0.7093751921875 0.825 0.7125 0.8218752953124999 0.7125 0.82031255 0.714062403125 0.818749803125 0.714062403125 0.8171878453125 0.7171872109375 0.8140623515625001 0.7187503859375 0.8140623515625001 0.7203127890625 0.8125003953125001 0.725 0.8125003953125001 0.726562403125 0.8109376484374999 0.7312503859375 0.8109376484374999 0.7328127890625 0.8093749015625 0.7343751921874999 0.8093749015625 0.7390624031249999 0.80468745 0.7406248078125001 0.80468745 0.7421872109375001 0.8031247046875001 0.7437503859375 0.8031247046875001 0.7468751921875 0.8 0.748437596875 0.8 0.75 0.798437253125 0.751562403125 0.798437253125 0.7531248078125 0.7968752953125 0.7546872109375 0.7968752953125 0.7546872109375 0.79531255 0.7578127890624999 0.7921878453125 0.7593751921874999 0.7921878453125 0.7609375968750001 0.7906250984375001 0.7625 0.7906250984375001 0.7687503859375 0.7843749015625 0.7687503859375 0.7781247046875001 0.7718751921875 0.775 0.773437596875 0.775 0.775 0.773437253125 0.775 0.768749803125 0.7546872109375 0.768749803125 0.7531248078125 0.77031255 0.75 0.77031255 0.748437596875 0.7718752953125 0.748437596875 0.773437253125 0.7468751921875 0.775 0.7468751921875 0.7781247046875001 0.7453127890625 0.7796874500000001 0.7437503859375 0.7796874500000001
1 0.0906248078125 0.6906250984375 0.0921872109375 0.6906250984375 0.0937503859375 0.6921878453125 0.0953127890625 0.6921878453125 0.0968751921875 0.693749803125 0.1 0.693749803125 0.1062503859375 0.7 0.1062503859375 0.701562746875 0.1093751921875 0.70468745 0.110937596875 0.70468745 0.114062403125 0.7078121546875 0.1156248078125 0.7078121546875 0.1171872109375 0.7093749015624999 0.1171872109375 0.7109376484375 0.11875038593750001 0.7125003953125 0.12031278906250001 0.7125003953125 0.123437596875 0.7156250984375 0.125 0.7156250984375 0.126562403125 0.7171878453125 0.1296872109375 0.7171878453125 0.1312503859375 0.7187498031249999 0.1328127890625 0.7187498031249999 0.135937596875 0.7218752953124999 0.1375 0.7218752953124999 0.1468751921875 0.731250196875 0.148437596875 0.731250196875 0.151562403125 0.7343749015625 0.15312480781249999 0.7343749015625 0.15468721093749999 0.7359376484375 0.15781278906250001 0.7359376484375 0.15937519218750001 0.7375003953125 0.160937596875 0.7375003953125 0.164062403125 0.7406250984375 0.1656248078125 0.7406250984375 0.1718751921875 0.7468752953125 0.173437596875 0.7468752953125 0.175 0.748437253125 0.1781248078125 0.748437253125 0.1828127890625 0.7531247046875 0.1843751921875 0.7531247046875 0.185937596875 0.75468745 0.189062403125 0.75468745 0.1906248078125 0.7562501968750001 0.1937503859375 0.7562501968750001 0.1953127890625 0.7578121546875 0.1968751921875 0.7578121546875 0.198437596875 0.7593749015625 0.21093759687500002 0.7593749015625 0.2125 0.7578121546875 0.2093751921875 0.75468745 0.2093751921875 0.7531247046875 0.20781278906249998 0.751562746875 0.20468721093750003 0.751562746875 0.2031248078125 0.75 0.20156240312499998 0.75 0.1843751921875 0.7328121546874999 0.1828127890625 0.7328121546874999 0.1812503859375 0.731250196875 0.1796872109375 0.731250196875 0.176562403125 0.7281247046875 0.175 0.7281247046875 0.173437596875 0.726562746875 0.1718751921875 0.726562746875 0.1687503859375 0.723437253125 0.1671872109375 0.723437253125 0.164062403125 0.7203125499999999 0.1625 0.7203125499999999 0.15937519218750001 0.7171878453125 0.15781278906250001 0.7171878453125 0.15312480781249999 0.7125003953125 0.15312480781249999 0.7109376484375 0.15 0.7078121546875 0.151562403125 0.706250196875 0.151562403125 0.70468745 0.15312480781249999 0.7031247046875 0.15312480781249999 0.701562746875 0.151562403125 0.701562746875 0.15 0.7 0.148437596875 0.7 0.135937596875 0.6875003953125 0.1343751921875 0.6875003953125 0.1281248078125 0.681250196875 0.126562403125 0.681250196875 0.125 0.6796874500000001 0.123437596875 0.6796874500000001 0.1125 0.668749803125 0.110937596875 0.668749803125 0.1093751921875 0.6671878453125 0.1078127890625 0.6671878453125 0.1046872109375 0.6640623515625 0.0843751921875 0.6640623515625 0.0843751921875 0.6796874500000001 0.085937596875 0.681250196875 0.085937596875 0.6828121546875 0.0875 0.6843749015625 0.0875 0.6859376484374999 0.089062403125 0.6875003953125 0.089062403125 0.6890623515625001 0.0906248078125 0.6906250984375
1 0.9078127890625 0.2921878453125 0.9062503859375 0.293749803125 0.9062503859375 0.29531255 0.9 0.301562746875 0.9 0.30312470468749997 0.8953127890625 0.3078121546875 0.8953127890625 0.30937490156249997 0.8921872109375 0.31250039531249996 0.8921872109375 0.3140623515625 0.8875 0.318749803125 0.8875 0.32031255000000003 0.885937596875 0.32187529531250003 0.885937596875 0.323437253125 0.8796872109375 0.32968745 0.8796872109375 0.331250196875 0.875 0.33593764843749996 0.875 0.3375003953125 0.8703127890625 0.3421878453125 0.8687503859374999 0.3421878453125 0.8671872109375001 0.34374980312500003 0.8625 0.34374980312500003 0.8609375968749999 0.34531255 0.8562503859374999 0.34531255 0.8546872109375 0.3468752953125 0.8531248078125 0.3468752953125 0.8515624031250001 0.348437253125 0.85 0.348437253125 0.848437596875 0.35 0.8468751921875001 0.35 0.8453127890625 0.351562746875 0.8437503859375 0.351562746875 0.8406248078124999 0.35468745 0.839062403125 0.35468745 0.8375 0.356250196875 0.8359375968749999 0.356250196875 0.8343751921875 0.3578121546875 0.8328127890625 0.3578121546875 0.8296872109375 0.3609376484375 0.8281248078125 0.3609376484375 0.8265624031250001 0.3625003953125 0.825 0.3625003953125 0.8203127890624999 0.36718784531250004 0.8187503859374999 0.36718784531250004 0.8171872109375 0.368749803125 0.8156248078124999 0.368749803125 0.8125 0.3718752953125 0.8125 0.373437253125 0.8109375968749999 0.375 0.8093751921875001 0.375 0.8078127890625 0.376562746875 0.8078127890625 0.37968745 0.8062503859374999 0.381250196875 0.8062503859374999 0.3843749015625 0.8078127890625 0.3859376484375 0.8156248078124999 0.3859376484375 0.8171872109375 0.3843749015625 0.8203127890624999 0.3843749015625 0.823437596875 0.381250196875 0.825 0.381250196875 0.8265624031250001 0.37968745 0.8312503859374999 0.37968745 0.8328127890625 0.3781247046875 0.8359375968749999 0.3781247046875 0.839062403125 0.375 0.8406248078124999 0.375 0.8421872109375 0.373437253125 0.8437503859375 0.373437253125 0.8453127890625 0.3718752953125 0.8468751921875001 0.3718752953125 0.8468751921875001 0.37031255 0.848437596875 0.368749803125 0.85 0.368749803125 0.8531248078125 0.3656250984375 0.8546872109375 0.3656250984375 0.8593751921875 0.3609376484375 0.8609375968749999 0.3609376484375 0.864062403125 0.3578121546875 0.8656248078125 0.3578121546875 0.8687503859374999 0.35468745 0.8687503859374999 0.351562746875 0.8703127890625 0.35 0.8718751921875001 0.35 0.8734375968749999 0.351562746875 0.8734375968749999 0.37031255 0.875 0.3718752953125 0.875 0.373437253125 0.8781248078124999 0.376562746875 0.8812503859374999 0.376562746875 0.8828127890624999 0.375 0.8890624031250001 0.381250196875 0.8890624031250001 0.38281215468749996 0.8921872109375 0.3859376484375 0.8953127890625 0.3859376484375 0.8968751921875 0.3843749015625 0.8968751921875 0.38281215468749996 0.8984375968749999 0.381250196875 0.8984375968749999 0.37968745 0.9 0.3781247046875 0.9 0.375 0.8984375968749999 0.375 0.8968751921875 0.373437253125 0.8953127890625 0.373437253125 0.8937503859374999 0.375 0.8921872109375 0.375 0.8906248078125 0.376562746875 0.885937596875 0.376562746875 0.8843751921875 0.375 0.8843751921875 0.36718784531250004 0.885937596875 0.3656250984375 0.885937596875 0.35937490156249996 0.8906248078125 0.35468745 0.8906248078125 0.3531247046875 0.8921872109375 0.351562746875 0.8921872109375 0.35 0.8953127890625 0.3468752953125 0.8953127890625 0.34531255 0.8984375968749999 0.3421878453125 0.8984375968749999 0.33906235156250003 0.9 0.3375003953125 0.9 0.33593764843749996 0.9046872109375 0.331250196875 0.9046872109375 0.32968745 0.9062503859375 0.3281247046875 0.9062503859375 0.326562746875 0.910937596875 0.32187529531250003 0.910937596875 0.32031255000000003 0.9140624031250001 0.3171878453125 0.9140624031250001 0.31562509843750003 0.9171872109375 0.31250039531249996 0.9171872109375 0.3109376484375 0.9187503859374999 0.30937490156249997 0.9187503859374999 0.3078121546875 0.9218751921875 0.30468744999999997 0.9218751921875 0.30312470468749997 0.9234375968749999 0.301562746875 0.9234375968749999 0.3 0.926562403125 0.2968752953125 0.926562403125 0.293749803125 0.9281248078125 0.2921878453125 0.9281248078125 0.2906250984375 0.9296872109375001 0.28906235156250004 0.9296872109375001 0.2875003953125 0.9328127890625 0.2843749015625 0.9328127890625 0.275 0.9046872109375 0.275 0.9046872109375 0.276562746875 0.9062503859375 0.2781247046875 0.9062503859375 0.2843749015625 0.9078127890625 0.28593764843749997 0.9078127890625 0.2875003953125 0.9093751921875001 0.28906235156250004 0.9078127890625 0.2906250984375 0.9078127890625 0.2921878453125
3 0.4305315875 0.6803630625 0.4029198765625 0.6803630625 0.4029198765625 0.6981531171875 0.4305315875 0.6981531171875 0.4305315875 0.6803630625