3 0.060719053125 0.6260839296875 0.050428804687499995 0.675490009375 0.0949686328125 0.6862268312500001 0.1052588828125 0.6368207515625001 0.060719053125 0.6260839296875
3 0.059470059374999995 0.5568337578125 0.044837246875 0.6270895765625 0.0766229609375 0.6347518765625 0.091255771875 0.5644960593749999 0.059470059374999995 0.5568337578125
3 0.187365096875 0.42001794062500003 0.17982100781250002 0.4562390140625 0.23093271093749998 0.468560059375 0.23847680000000002 0.43233898593750003 0.187365096875 0.42001794062500003
3 0.286781521875 0.4462398921875 0.2837439953125 0.4608238171875 0.307745628125 0.4666096796875 0.31078315624999997 0.45202575468750006 0.286781521875 0.4462398921875
3 0.356405028125 0.4561702953125 0.350513171875 0.484458584375 0.38177071093750004 0.4919935625 0.3876625671875 0.463705271875 0.356405028125 0.4561702953125
3 0.5219370453125001 0.9165068953125 0.5116973921875 0.9656700515625 0.561198596875 0.97760286875 0.57143825 0.9284397140625 0.5219370453125001 0.9165068953125
2 0.2067708 0 0.2574872375 0.15020117500000002 0.2723934515625 0.1341044859375 0.2807207484375 0.1590384640625 0.40341426562500005 0.0249843125 0.3983285734375 0.0074322609375 0.3677882765625 0 0.2067708 0
2 0.0181690625 0.44590074843750005 0.2659284171875 0.1752004671875 0.2574872375 0.15020117500000002 0.0258405546875 0.40034817812499995 0.0178718953125 0.43860772031249995 0.0181690625 0.44590074843750005
2 0.9791832703125 0.704924815625 0.7059304921875 0.996130075 0.72833800625 0.9959997125 0.9887617078125001 0.716068965625 0.9791832703125 0.704924815625
2 0.5285839078125 0.9530777078125 0.576138775 0.99688518125 0.5989550453125 0.996752440625 0.5432394875 0.9450843359375 0.2807207484375 0.1590384640625 0.2659284171875 0.1752004671875 0.5285839078125 0.9530777078125
3 0.8886472062499999 0.7875639999999999 0.884561115625 0.80718235 0.9100780046875 0.8133334812499999 0.914164096875 0.79371513125 0.8886472062499999 0.7875639999999999
5 0.46205812812499997 0.9932787484375 0.46525267656249997 0.9779409156250001 0.45136428593750005 0.9745929640625001 0.44816973750000005 0.989930796875 0.46205812812499997 0.9932787484375
1 0.4752105390625 0.9964492828125 0.4781459984375 0.9823553984375 0.46365150625 0.9788613390625001 0.4607160453125 0.9929552234375001 0.4752105390625 0.9964492828125
0 0.4881757578125 0.997396934375 0.4904847859375 0.9863107031249999 0.47689944375 0.9830358046875001 0.47429984062499997 0.995517165625 0.4822409671875 0.9974314625 0.4881757578125 0.997396934375
1 0.28649915312499996 0.4356766078125 0.28406878281250003 0.44734542343749994 0.32199344218750003 0.45648758593750005 0.3244238109375 0.4448187703125 0.28649915312499996 0.4356766078125
5 0.4233082453125 0 0.42258155156250005 0.0034890406249999998 0.4384787375 0.007321235937499999 0.440003596875 0 0.4233082453125 0
5 0.3088354203125 0.010594395312500001 0.3006806859375 0.04974733125 0.31801519843750004 0.05392600937499999 0.326169934375 0.014773073437500001 0.3088354203125 0.010594395312500001
5 0.25723678125 0.2676974015625 0.242895334375 0.3365543015625 0.2594592328125 0.3405472140625 0.2738006796875 0.271690315625 0.25723678125 0.2676974015625
0 0.2727018484375 0.27087559687499996 0.26502690625 0.30772492812499996 0.278742125 0.31103113437499996 0.28641706718750004 0.27418180468750003 0.2727018484375 0.27087559687499996
0 0.80224890625 0.8825583031249999 0.7911005140625 0.8912367 0.8020015656249999 0.9027498250000001 0.8108328609375001 0.891704703125 0.80224890625 0.8825583031249999
5 0.902237071875 0.737312625 0.89905648125 0.7525834437500001 0.9111265671875 0.7554930734374999 0.9143071578124999 0.740222253125 0.902237071875 0.737312625
5 0.89678199375 0.629316778125 0.8684934046875 0.76513743125 0.8855421828125 0.769247228125 0.9138307749999999 0.633426578125 0.89678199375 0.629316778125
5 0.8741797328124999 0.6372665875 0.8462470625 0.77137838125 0.8647764625000001 0.7758450984375 0.8927091328125 0.6417333078125 0.8741797328124999 0.6372665875
5 0.8038483765625 0.7495100390625 0.7892312671874999 0.8196904640625 0.8176401265625 0.8265387359374999 0.8322572359375 0.7563583109375001 0.8038483765625 0.7495100390625
5 0.767049278125 0.715448046875 0.746285584375 0.8151397687499999 0.77533518125 0.822142496875 0.7960988734375001 0.7224507765625 0.767049278125 0.715448046875
0 0.7496602 0.91604489375 0.7469390453125 0.9118207328124999 0.7480006968749999 0.9067234781250001 0.752137153125 0.9041524203125 0.7599218375000001 0.8667761921875 0.743739009375 0.8636343515625 0.73352034375 0.9173480171874999 0.7471832484375 0.92793736875 0.7496602 0.91604489375
0 0.7961094921874999 0.72405885 0.7912627125 0.7473294640625 0.805177078125 0.7506836781249999 0.810023859375 0.7274130624999999 0.7961094921874999 0.72405885
0 0.82797591875 0.7993243453125001 0.8300443203125001 0.798037978125 0.8303981453124999 0.7963391718749999 0.8345337359375 0.7937679046875 0.83967694375 0.79500773125 0.8365082765625 0.793635115625 0.8435321625000001 0.76127383125 0.8314592078124999 0.7576095796875 0.8241381062500001 0.7906381921875 0.8287240609375001 0.8043768765625 0.8289826687499999 0.80313523125 0.82762209375 0.80102315 0.82797591875 0.7993243453125001
4 0.5222467156249999 0.9748770609375 0.5187154421875 0.9918316078125 0.53787691875 0.996450696875 0.5414081953125 0.9794961499999999 0.5222467156249999 0.9748770609375
5 0.4908673140625 0.8944048234374999 0.48270385468750004 0.93359964375 0.49916384999999996 0.9375675093750001 0.507327309375 0.8983726890625 0.4908673140625 0.8944048234374999
0 0.455160425 0.770587428125 0.4609894203125 0.784295640625 0.47403126406249996 0.78068845 0.470254484375 0.7677406265625 0.455160425 0.770587428125
5 0.442028878125 0.829561871875 0.42761066562499994 0.898787346875 0.443810903125 0.9026925953125 0.4582291140625 0.83346711875 0.442028878125 0.829561871875
0 0.4567479296875 0.8352522140625 0.4497429546875 0.8688848734375 0.46398634687499996 0.8723184015625 0.47099132343749994 0.8386857437499999 0.4567479296875 0.8352522140625
1 0.43230217499999996 0.39511421874999997 0.418901121875 0.4594560484375 0.43291073437499994 0.462833221875 0.4463117875 0.3984913921875 0.43230217499999996 0.39511421874999997
0 0.44466017031250005 0.401313075 0.44175873125000004 0.4152436125 0.45701518124999996 0.41892135 0.45991662031249997 0.4049908125 0.44466017031250005 0.401313075
4 0.4216250578125 0.7077663578125 0.417882671875 0.7257344906250001 0.43386644375000005 0.7295875578125 0.437608828125 0.7116194234375001 0.4216250578125 0.7077663578125
5 0.3890838125 0.671510946875 0.3611441625 0.8056562484375 0.375205725 0.8090459437499999 0.4031453734375 0.67490064375 0.3890838125 0.671510946875
5 0.3641438828125 0.5931276515625 0.348677103125 0.66738755625 0.3630676921875 0.6708565671875 0.3785344703125 0.5965966640625 0.3641438828125 0.5931276515625
0 0.3762111890625 0.6008531500000001 0.368743865625 0.6367056468750001 0.38322104375 0.6401955312500001 0.390688365625 0.604343034375 0.3762111890625 0.6008531500000001
2 0.2079101828125 0.44107231718750006 0.3744821984375 0.478888028125 0.36670294531250003 0.4663486265625 0.20830454375000002 0.42904554062500005 0.20032968750000002 0.4309578671875 0.052173904687499995 0.5905633765625 0.050310345312500004 0.598720571875 0.057620645312499996 0.6244089046875 0.072601925 0.6262599625 0.0714602125 0.625860696875 0.0605775078125 0.5965206843749999 0.2079101828125 0.44107231718750006
0 0.1170188328125 0.5023433500000001 0.1269308375 0.5110782640625 0.1367918578125 0.50236281875 0.1282708859375 0.4935330390625 0.1170188328125 0.5023433500000001
5 0.3432006140625 0.494682175 0.337265140625 0.523179884375 0.3541147734375 0.527241675 0.360050246875 0.4987439671875 0.3432006140625 0.494682175
5 0.3253892234375 0.482031075 0.3152001671875 0.53095130625 0.3312618671875 0.53482315625 0.3414509234375 0.48590292812499997 0.3253892234375 0.482031075
0 0.286680228125 0.45676787343749997 0.2837944921875 0.470623021875 0.2979253234375 0.474029415625 0.3008110609375 0.4601742671875 0.286680228125 0.45676787343749997
5 0.215221571875 0.4044142234375 0.2101758953125 0.428639790625 0.22803858125 0.432945790625 0.233084259375 0.408720221875 0.215221571875 0.4044142234375
5 0.19945115625 0.4596338859375 0.195044040625 0.480793559375 0.214214175 0.4854147359375 0.21862129375 0.4642550609375 0.19945115625 0.4596338859375
1 0.1823746203125 0.3299838765625 0.16467462500000002 0.41496602187500004 0.180268759375 0.4187251609375 0.1979687546875 0.333743015625 0.1823746203125 0.3299838765625
0 0.194980684375 0.3353627984375 0.191838478125 0.35044932812499996 0.20763175937499997 0.354256475 0.21077396718750002 0.3391699453125 0.194980684375 0.3353627984375
5 0.15940599687499998 0.3361562796875 0.1308051046875 0.4734763703125 0.14897084375 0.477855425 0.1775717359375 0.340535334375 0.15940599687499998 0.3361562796875
5 0.0915889421875 0.43737575937499995 0.07826116562499999 0.501365765625 0.111882503125 0.5094705625 0.1252102765625 0.44548055781249996 0.0915889421875 0.43737575937499995
0 0.0381151359375 0.582349015625 0.02358619375 0.578846653125 0.0242870640625 0.5960472375 0.0347373921875 0.5985664046875 0.0381151359375 0.582349015625
5 0.0890957203125 0.6981610515625001 0.0730287640625 0.77530255625 0.1066327828125 0.7834031796875001 0.1226997375 0.7062616734375 0.0890957203125 0.6981610515625001
0 0.041158225 0.6703160453125 0.0272037578125 0.6676280484375 0.029578665625 0.7259124296875 0.041158225 0.6703160453125
0 0.0436846390625 0.6773743875 0.0405511546875 0.6924190328125001 0.0565089515625 0.6962658375 0.059642434375 0.6812211921875 0.0436846390625 0.6773743875
5 0.0260564359375 0.639470721875 0.039115803125 0.6426188296875 0.043960840625 0.6193565875 0.0268168171875 0.61522383125 0.0253545265625 0.62224465625 0.0260564359375 0.639470721875
5 0.0542826734375 0.53799301875 0.049156740625 0.5626039140625 0.0651491703125 0.56645906875 0.0702751046875 0.541848171875 0.0542826734375 0.53799301875
5 0.030450328125 0.37821549062500004 0.039966128125 0.38050938125 0.047691667187499995 0.34341712343749997 0.038175867187500004 0.34112323437500003 0.030450328125 0.37821549062500004
0 0.1435369 0.175408459375 0.1361428546875 0.21090913281249998 0.15058539531249998 0.21439066874999999 0.157979440625 0.1788899953125 0.1435369 0.175408459375
5 0.12905885 0.1719227640625 0.1150960046875 0.23896190781249999 0.130646846875 0.2427106109375 0.14460969375 0.17567146718749999 0.12905885 0.1719227640625
5 0.1875954765625 0.07267125625000001 0.1600518734375 0.2049150359375 0.1754988140625 0.2086386921875 0.203042415625 0.0763949140625 0.1875954765625 0.07267125625000001
1 0.18961459687499999 0.39224411875 0.1960638671875 0.4082687546875 0.35422578437499996 0.44464653906249996 0.343062234375 0.42753485625 0.18961459687499999 0.39224411875
1 0.352875034375 0.44080639218749995 0.3657816171875 0.445039328125 0.3606170734375 0.4333756765625 0.346145621875 0.4095785328125 0.2789615546875 0.3956809265625 0.287111409375 0.41099900937499995 0.34092849062499997 0.4242669265625 0.352875034375 0.44080639218749995
1 0.7787385453125 0.9508646781250001 0.73745866875 0.9959466499999999 0.75559258125 0.9958411500000001 0.791347778125 0.9557393968750001 0.7787385453125 0.9508646781250001
1 0.7910436015625 0.9560777874999999 0.8847203531250001 0.8582065515625 0.86856719375 0.8535076968749999 0.7784364140625 0.9495822125 0.7910436015625 0.9560777874999999
1 0.8848317515625 0.8580820921875001 0.9719664343750001 0.763198753125 0.9587662312499999 0.760248946875 0.86900018125 0.853808253125 0.8848317515625 0.8580820921875001
1 0.4806669109375 0.9384547546875 0.49934056250000003 0.9973319796875 0.5153645734375 0.9972387546875 0.4965791421875 0.9427735484375 0.4806669109375 0.9384547546875
1 0.5665912921875 0.9373952687499999 0.55343775 0.9345226906249999 0.5619103234375 0.9568922140625 0.5735307 0.9603849046875 0.567864878125 0.9490323640625 0.5912913375 0.93090390625 0.600575909375 0.959927290625 0.6160586546875 0.9592266031250001 0.5934047171875 0.8871786171875 0.57623794375 0.882967359375 0.5855211406249999 0.9184370953125001 0.5665912921875 0.9373952687499999
1 0.399169840625 0.47962508125000003 0.384629540625 0.47629856562499995 0.5368898828125 0.9307016703125001 0.5537640703125 0.9351432687499999 0.399169840625 0.47962508125000003
1 0.5533589015625 0.9347746421875 0.5670534796875 0.936455403125 0.41126721406250005 0.4823556640625 0.40056301093749996 0.4807817109375 0.5533589015625 0.9347746421875
1 0.41767931718750007 0.48350637343749997 0.5763411640625 0.9612594578125 0.591995709375 0.9628206328125 0.429469921875 0.48750899687500004 0.4297551390625 0.4875759921875 0.41767931718750007 0.48350637343749997
1 0.3181235296875 0.2776752984375 0.3846091375 0.47685931562499995 0.3919177578125 0.478337865625 0.4022565375 0.480666515625 0.33298720312499996 0.2800997453125 0.3181235296875 0.2776752984375
1 0.4140320125 0.4835367953125 0.4304271984375 0.48716529375000006 0.3082302265625 0.11768005781249999 0.296050178125 0.12812114375 0.4140320125 0.4835367953125
1 0.045252112500000004 0.415641915625 0.0635911859375 0.4199527859375 0.1938969640625 0.2760811390625 0.178057784375 0.2700363234375 0.045252112500000004 0.415641915625
1 0.19684513125 0.2748537765625 0.4301724078125 0.0220760578125 0.4155997875 0.019402431249999998 0.1796235453125 0.2701023421875 0.19684513125 0.2748537765625
0 0.2281972515625 0.1733712703125 0.238326896875 0.181362490625 0.245558734375 0.17301086875 0.23676634375 0.165562821875 0.2281972515625 0.1733712703125
0 0.2376911859375 0.1114991921875 0.2424653328125 0.1240549140625 0.25444277656250003 0.12024919999999999 0.25031945625 0.10746768437500001 0.2376911859375 0.1114991921875
1 0.2285675515625 0 0.31910608906250004 0.27675178749999996 0.33426692812500003 0.2798320109375 0.24084593281250002 0 0.2285675515625 0
4 0.1812395078125 0.0046268578125 0.1778478078125 0.020911260937500002 0.1976327046875 0.0256806328125 0.201024403125 0.0093962265625 0.1812395078125 0.0046268578125
4 0.340383490625 0.025509990625 0.336820809375 0.04261531875 0.3543111796875 0.046831565625 0.357873859375 0.0297262390625 0.340383490625 0.025509990625
1 0.811447109375 0.9737603281249999 0.817650925 0.9699035296874999 0.81835875 0.9665050828125 0.820426978125 0.965219553125 0.8207808046875 0.963520746875 0.8228481656250001 0.9622350093750001 0.8232019921875 0.9605362046874999 0.827338446875 0.9579651453125001 0.828046271875 0.954566696875 0.8301136343750001 0.953280959375 0.8304674609375 0.9515821531249999 0.8325356875000001 0.950296625 0.8328895140625001 0.9485978203125001 0.8370259687500001 0.9460267609375 0.83773379375 0.9426283124999999 0.8398011562500001 0.941342575 0.8401549828125001 0.9396437703125 0.8463587984375 0.9357869734375001 0.846712625 0.9340881671875 0.8508492546875001 0.9315162703125001 0.8512030796875001 0.929817465625 0.8553386703125 0.9272461968749999 0.8556924953125 0.92554739375 0.8577607234375 0.9242618640625 0.85811455 0.9225630593749999 0.86431854375 0.9187054234375 0.8646723671875 0.91700661875 0.8667397296875 0.9157208796875 0.8674473812500001 0.9123232703124999 0.86951560625 0.9110377406250001 0.8698694328125001 0.9093389343749999 0.8719378359375 0.9080525671874999 0.8722916625 0.9063537609375001 0.8743598890625 0.9050682328124999 0.874713715625 0.903369428125 0.8767810765625 0.902083690625 0.8774887265625001 0.8986860796875 0.8857609484375001 0.8935429156250001 0.8861147718750001 0.8918441109374999 0.8923185921875 0.8879873140625 0.8930264156250001 0.884588865625 0.89509464375 0.8833033359375 0.8954484687500001 0.8816045296875 0.9016522874999999 0.877747734375 0.9020061125 0.8760489281250001 0.904073475 0.874763190625 0.9044274734375 0.8730635453125 0.9064957031249999 0.8717780171875 0.906849528125 0.8700792125 0.910985984375 0.867508153125 0.9127552859374999 0.859013290625 0.914822646875 0.8577275515625 0.915530296875 0.854329940625 0.9175985265625 0.8530444125000001 0.917952353125 0.85134560625 0.920020578125 0.8500600765625 0.9214360546875 0.84326401875 0.9162937140625 0.8420244015625 0.9142254875000001 0.8433099296875 0.9125110859375001 0.842896653125 0.9063070921874999 0.8467542874999999 0.9059532671875001 0.8484530937500001 0.9038850375 0.8497386234375 0.9035312125000001 0.8514374265625 0.9014638500000001 0.8527231656250001 0.9007562 0.8561207765625 0.8945522078125 0.8599784125 0.894198384375 0.8616772171875 0.8900619265625 0.8642482749999999 0.8897081015625 0.8659470796875001 0.8855725124999999 0.868518346875 0.8852185125 0.8702179921875001 0.8831502828125 0.8715035203125 0.8824426328125 0.8749011296875 0.880375271875 0.87618686875 0.8800214453124999 0.8778856734374999 0.8758849890624999 0.8804567343749999 0.8755309890625 0.8821563765624999 0.8734627625 0.8834419062500001 0.8731089375 0.8851407109375 0.8669051171875 0.8889975078125 0.8665512937500001 0.8906963125 0.86448393125 0.8919820515625 0.8627695281250001 0.891568775 0.854497309375 0.8967119406249999 0.8541434828125001 0.8984107453125001 0.8520761218749999 0.8996964828125 0.8517222953125 0.9013952875 0.8496540687499999 0.9026808171875 0.8489462421875 0.906079265625 0.846878015625 0.9073647953125 0.8465241906250001 0.9090636015625 0.8423885999999999 0.9116348671875001 0.8420347734375 0.913333671875 0.8399665468749999 0.9146192015624999 0.839612546875 0.9163188453125001 0.83754431875 0.917604375 0.83719049375 0.9193031796875 0.8330549046875 0.9218744453125 0.8327010781249999 0.9235732515624999 0.8306328484375 0.92485878125 0.830279025 0.9265575859374999 0.8282114875 0.9278441624999999 0.8278576624999999 0.9295429687500001 0.8216538437500001 0.933399765625 0.82130001875 0.9350985703125 0.8150960265625 0.93895620625 0.8147422015625001 0.9406550109375 0.8126739734375 0.941940540625 0.8123201484375 0.9436393453124999 0.8061163312499999 0.9474961421874999 0.80576250625 0.9491949468750001 0.801625875 0.9517668421875 0.8012720484375 0.9534656484375 0.7992046875 0.9547513875 0.7984970359375 0.9581489968750001 0.7922930453125 0.9620066328125001 0.79193921875 0.9637054375 0.7878027624999999 0.9662764953125 0.7860892265625 0.965863428125 0.7847286484375 0.9637513468750001 0.7813007109375001 0.9629250062500001 0.7798854093750001 0.9697202265625 0.7812451203124999 0.9718321 0.7798296437500001 0.9786281578124999 0.7777622828124999 0.97991389375 0.77740845625 0.9816127 0.7753402281249999 0.9828982281249999 0.774986403125 0.984597034375 0.772918 0.9858834015625 0.7725641734375001 0.9875822078125 0.7704968125 0.9888679437500001 0.7701429859375 0.9905667499999999 0.7680747593749999 0.9918522781249999 0.7673671078125001 0.9952498890625 0.766518121875 0.9957775859375 0.7905305499999999 0.9956378859375 0.7927797140624999 0.9942394859375 0.793133540625 0.9925406828125001 0.7993383984375 0.9886832562500001 0.799692221875 0.9869844515624999 0.8017595859375 0.9856987125 0.8024672359375 0.982301103125 0.8086712281249999 0.9784434687499999 0.8090250546875 0.9767446625 0.8110932828124999 0.9754591343750001 0.811447109375 0.9737603281249999
1 0.15805795 0.53256428125 0.15599058906250002 0.53385001875 0.1556367625 0.535548825 0.1494327703125 0.5394064578125 0.14907894531250002 0.5411052640625 0.14701071875 0.54239079375 0.145949240625 0.5474872093750001 0.1438808390625 0.5487735765624999 0.14352701406249999 0.5504723828125 0.1393914234375 0.55304365 0.139037596875 0.55474245625 0.136969371875 0.556027984375 0.1366155453125 0.5577267906250001 0.134547315625 0.55901231875 0.1341933171875 0.5607119609375 0.1300577265625 0.5632832296875 0.1297039015625 0.564982034375 0.12763567343749999 0.5662675640625 0.126574196875 0.5713639781250001 0.1245066609375 0.5726505562499999 0.12415283437499999 0.5743493609375 0.12001637968750001 0.57692041875 0.119662553125 0.578619225 0.1175951921875 0.5799049625 0.1172413671875 0.58160376875 0.1151731390625 0.582889296875 0.1148191390625 0.584588940625 0.1127509109375 0.5858744687499999 0.1123970859375 0.587573275 0.1103297234375 0.5888590125000001 0.10962207187499999 0.5922566234375 0.10755384531250001 0.593542153125 0.10613836875 0.6003382109375 0.104070140625 0.6016237421875 0.10265483906249999 0.6084189624999999 0.104015240625 0.61053188125 0.1036614140625 0.6122306859375 0.1276595859375 0.6180157125 0.1262990078125 0.6159036296875 0.127006834375 0.6125051828125 0.12428568124999999 0.6082810203125 0.12463950625 0.606582215625 0.1232797953125 0.60447034375 0.124695271875 0.597674284375 0.1267626328125 0.5963885484375 0.127116459375 0.5946897421874999 0.1291846875 0.5934042125000001 0.12953851249999998 0.5917054078125 0.1336749671875 0.5891343484375 0.1340289671875 0.5874347046875 0.13609632968750002 0.5861489671875 0.1364501546875 0.5844501625 0.140586609375 0.581879103125 0.1409404359375 0.5801802984375 0.14507602656250002 0.57760903125 0.14543002656249998 0.5759093859375 0.15163384375 0.572052590625 0.1519876703125 0.5703537859375001 0.15405589687500001 0.56906825625 0.154409721875 0.5673694499999999 0.1564770859375 0.5660837125 0.1568310859375 0.56438406875 0.1588993109375 0.563098540625 0.1592531375 0.5613997359375 0.161321365625 0.56011420625 0.16167519218749998 0.5584154 0.163742553125 0.5571296609374999 0.164096378125 0.55543085625 0.1661646078125 0.5541453265625 0.1665186078125 0.5524456843750001 0.1706550625 0.549874625 0.1710088875 0.5481758203125 0.17307625 0.5468900828125001 0.1737839 0.5434924718749999 0.17998789375 0.5396348359375 0.1803417171875 0.5379360328125 0.18240994531250002 0.536650503125 0.183117596875 0.5332528921875 0.185185825 0.5319673640625 0.18553965 0.5302685578124999 0.1917436421875 0.526410925 0.19209746875 0.52471211875 0.19416482968749998 0.5234263796875 0.19451865625 0.5217275734375 0.200722646875 0.5178699390625 0.201076471875 0.5161711343750001 0.2031447015625 0.51488560625 0.2034985265625 0.5131867999999999 0.20556675468750002 0.5119012703125 0.20592058125 0.510202465625 0.20798880625 0.5089169359375 0.209050459375 0.5038196828125 0.2111178203125 0.5025339437499999 0.212886946875 0.49403991875 0.2115274109375 0.49192720625 0.209813009375 0.4915139328125 0.20774460625 0.4928003 0.20260226406249998 0.49156068125 0.20053403749999998 0.492846209375 0.1988205015625 0.4924331421875 0.1946840453125 0.49500420156249997 0.19433021875 0.4967030078125 0.1860588671875 0.5018463796875 0.18570504062499998 0.503545184375 0.1836368109375 0.5048307140625 0.1829291609375 0.5082283249999999 0.18086093281249999 0.5095138546875 0.18050710781249998 0.511212659375 0.178439746875 0.512498396875 0.17672534374999999 0.5120851234375 0.1746569421875 0.5133714890625 0.174303115625 0.51507029375 0.1680992984375 0.518927090625 0.167745471875 0.520625896875 0.16567724374999998 0.521911425 0.1649694203125 0.5253098734375 0.16290205625 0.5265956125 0.16254823125 0.5282944171875 0.1584117765625 0.5308654749999999 0.15805795 0.53256428125
1 0.140554065625 0.6425341359375001 0.13919435468750002 0.6404222625 0.1399020046875 0.637024653125 0.13582131718749998 0.63068778125 0.136175140625 0.6289889750000001 0.13345398749999998 0.6247648140625001 0.1338078140625 0.623066009375 0.1297269484375 0.6167299734375 0.12801341093750002 0.61631690625 0.1266530078125 0.6142039890625 0.12322420468749999 0.6133774359374999 0.12186449375 0.611265565625 0.11979626406249999 0.6125510953125 0.11636832500000001 0.6117247515625001 0.11223169687500001 0.6142966484375 0.1118778703125 0.6159954515625 0.11459902343749999 0.620219615625 0.1142452 0.62191841875 0.11968559999999999 0.630367165625 0.119331775 0.6320659703125 0.12341350625 0.6384022125000001 0.12305968125 0.6401010171875 0.1257797953125 0.6443258078125 0.12542596875 0.6460246140625 0.1267865453125 0.6481366953125 0.12607889375 0.6515343062500001 0.12743860625 0.653646178125 0.12673095625 0.6570437890624999 0.1280913578125 0.65915670625 0.1273837046875 0.66255431875 0.13010399374999998 0.6667782718749999 0.13181839687500002 0.6671915484375 0.133178971875 0.6693036265625001 0.13489251093750002 0.66971669375 0.1376136640625 0.6739408578125 0.1372596640625 0.6756405 0.138619375 0.677752371875 0.137557896875 0.6828487875 0.1389184765625 0.68496086875 0.13785682500000002 0.6900581234375001 0.1392174 0.692170203125 0.13886357656249998 0.6938690078125 0.1429444421875 0.7002050421875 0.142590615625 0.7019038484375 0.14395119218750002 0.7040159312500001 0.1435971921875 0.705715571875 0.1463174796875 0.7099395265624999 0.1459636546875 0.71163833125 0.14732423125 0.7137504109374999 0.14697040625 0.7154492171875 0.1483301171875 0.7175610890625 0.1479762921875 0.71925989375 0.14969069375 0.7196731703125 0.1524108078125 0.7238979609375 0.1520569828125 0.7255967671875 0.1534175578125 0.7277088484374999 0.153063734375 0.7294076515625 0.158505003125 0.73785660625 0.165361746875 0.7395095 0.1680820328125 0.743733453125 0.167728209375 0.745432259375 0.169088784375 0.747544340625 0.1742311265625 0.7487839578125 0.17883120624999999 0.726697815625 0.1774706296875 0.724585734375 0.1781782796875 0.7211881234375 0.176817703125 0.7190760453125 0.1751041671875 0.7186629765625 0.1737435890625 0.7165508953125 0.17031564999999999 0.7157245515625 0.1689550734375 0.7136124703125 0.1693089 0.711913665625 0.1638676328125 0.7034647140625 0.1642214578125 0.7017659078125 0.16286087968750002 0.6996538265625001 0.1632147046875 0.6979550203125 0.15777430625 0.6895062765625 0.1581281296875 0.687807471875 0.1486059984375 0.673022484375 0.148959821875 0.6713236796875 0.1475992453125 0.6692115984375 0.1479530703125 0.66751279375 0.146593359375 0.6654009203125 0.1476550109375 0.6603036671875 0.1449338578125 0.65607950625 0.14528768281249999 0.6543807 0.14392710625 0.6522686171875 0.14428093125000002 0.6505698125 0.1402002421875 0.644232940625 0.140554065625 0.6425341359375001
1 0.37764352031250004 0.057372035937499996 0.3769358703125 0.06076964687500001 0.3748683328125 0.0620562234375 0.3745145078125 0.063755028125 0.37037805156250003 0.06632608749999999 0.370024228125 0.068024890625 0.3576164171875 0.07573932343749999 0.3572625921875 0.0774381296875 0.3531270015625 0.080009396875 0.3527731765625 0.0817082015625 0.350704946875 0.08299372968749999 0.3499971234375 0.0863921796875 0.34792889531250004 0.0876777078125 0.3475750703125 0.0893765140625 0.34343948125 0.09194778125 0.34308565468749996 0.0936465875 0.334813434375 0.0987897515625 0.33445960937499997 0.10048855625 0.332392246875 0.1017742953125 0.33168459375000003 0.1051719046875 0.325480603125 0.10902953906249999 0.325126778125 0.1107283453125 0.32305855 0.1120138734375 0.3223508984375 0.1154114828125 0.320282671875 0.11669701406249999 0.31957484687500004 0.1200954625 0.317507484375 0.1213812 0.3171536578125 0.1230800046875 0.31508543125 0.1243655328125 0.312254653125 0.137956815625 0.3136152296875 0.1400688953125 0.31775081875 0.1374976265625 0.319465221875 0.137910903125 0.3215325828125 0.1366251640625 0.322240409375 0.1332267171875 0.3243086375 0.1319411875 0.32466246249999997 0.1302423828125 0.347410546875 0.116100096875 0.347764371875 0.114401290625 0.3498317328125 0.11311555312499999 0.3501857328125 0.11141590781249999 0.3543221890625 0.10884484999999999 0.3546760140625 0.10714604531250001 0.35674337500000003 0.10586030625000001 0.3570972015625 0.1041615015625 0.3612336578125 0.10159044375 0.3615876578125 0.0998908 0.36572324843750004 0.09731953125000001 0.36607707343749996 0.095620728125 0.3702126625 0.093049459375 0.3705664875 0.0913506546875 0.3767704796875 0.0874930203125 0.3784848828125 0.087906296875 0.3826213390625 0.0853352359375 0.3839810484375 0.087447109375 0.3856954515625 0.087860384375 0.387056028125 0.089972465625 0.3887695671875 0.09038553437499999 0.389123390625 0.088686728125 0.39119161875 0.087401196875 0.39154544375 0.0857023921875 0.40808884375 0.07541669375 0.4084426703125 0.0737178875 0.4167148890625 0.0685747234375 0.417068715625 0.0668759203125 0.4191369421875 0.065590390625 0.41949076874999996 0.0638915859375 0.43396680625000006 0.0548916234375 0.43432063281250005 0.0531928171875 0.43638799375000004 0.05190708125 0.43674182031250003 0.050208275000000004 0.4408784484375 0.0476363796875 0.4454783546875 0.0255510734375 0.4283369296875 0.021418940625 0.42626869999999994 0.02270446875 0.4245551640625 0.022291403125 0.4224869359375 0.0235769328125 0.420772534375 0.0231636578125 0.4187043046875 0.0244491859375 0.41699076875 0.02403611875 0.4149225421875 0.0253216484375 0.41456871562500003 0.027020453125 0.4125003140625 0.028306820312499998 0.4121464890625 0.030005625 0.41007912500000004 0.0312913640625 0.40937147500000004 0.034688975 0.4010992546875 0.0398321390625 0.399384853125 0.039418864062499996 0.39524926250000003 0.0419901296875 0.3948954375 0.043688934375 0.3907598484375 0.0462602046875 0.390406021875 0.047959009375 0.38833779375 0.049244539062499995 0.38662339375 0.0488312625 0.384554990625 0.0501176296875 0.3842011640625 0.0518164359375 0.38006557343749997 0.054387703125 0.37971175 0.05608650625 0.37764352031250004 0.057372035937499996
1 0.6206037671875 0.9652241265624999 0.62095759375 0.9635253203125 0.6195980546875 0.9614126109375001 0.6206595312500001 0.9563161953125 0.6192989546875001 0.9542041156250001 0.6203604312500001 0.9491077000000001 0.619000028125 0.9469947796874999 0.6193538546874999 0.9452959734374999 0.6179941421875 0.943184103125 0.61834796875 0.941485296875 0.6169873921875 0.939373215625 0.6173412171875 0.937674409375 0.6159806421875 0.9355623312500001 0.6163344656249999 0.9338635249999999 0.613614353125 0.929638734375 0.613968178125 0.9279399296875 0.6126076 0.9258278484375 0.6129614265625001 0.9241290421875 0.611601715625 0.9220171703125001 0.611955540625 0.9203183640624999 0.6092345625 0.916093365625 0.6095883875 0.914394559375 0.608227809375 0.912282478125 0.6085816359375 0.9105836734375 0.6045007703125 0.9042476374999999 0.6048545953125 0.9025488328125 0.6034950578125 0.9004361234375 0.603848884375 0.89873731875 0.60112773125 0.8945131578125001 0.5994141953125001 0.8941000906250001 0.5980536171875 0.8919880078125001 0.5984074421875001 0.8902892031249999 0.597046865625 0.888177121875 0.5936189265625 0.887350778125 0.5922583515625 0.8852387 0.5888304109375 0.88441235625 0.5867621828125 0.885697884375 0.5849930546875 0.8941919109375001 0.5863536328125 0.896303990625 0.5856458078125 0.8997024390625 0.5883660953125001 0.9039263921874999 0.5880122703125 0.9056251984375001 0.589372846875 0.9077372796875001 0.58831119375 0.9128345328125 0.5896717734375 0.9149466125 0.5889641218749999 0.9183442234375001 0.591684409375 0.9225681781249999 0.591330584375 0.9242669828125001 0.5926911609375 0.926379065625 0.5923371625 0.92807870625 0.593696871875 0.9301905796875 0.5933430468750001 0.931889384375 0.5950574484375 0.9323026609375 0.5964180265625 0.9344147421875 0.5960642015625 0.9361135468749999 0.598784490625 0.9403374984375 0.5984306640625 0.9420363046875 0.60251135625 0.9483731765625001 0.6021575296874999 0.9500719828124999 0.6048786828125 0.9542961453125001 0.6045248562500001 0.95599495 0.6072449703125 0.9602197406249999 0.6106729093750001 0.9610460828124999 0.6120334859375001 0.9631581656250001 0.6116796609375 0.9648569703125001 0.6096114328125 0.9661424999999999 0.5890420671875 0.961184025 0.586973840625 0.9624695531249999 0.5852603046875 0.9620564859374999 0.5811238484375 0.964627546875 0.580416021875 0.9680259921875001 0.5817765984375 0.970138075 0.573504553125 0.9752804015625 0.57179101875 0.974867334375 0.5676545609375 0.9774383921875 0.5669467359375 0.9808368406250001 0.5683073125 0.9829489234375 0.570021715625 0.9833621984375001 0.5713814265625 0.98547406875 0.5730958265625 0.9858873453125 0.57445640625 0.987999428125 0.5778843453125 0.9888257703125 0.5782381703125 0.987126965625 0.5803063984375 0.9858414359375001 0.5806602234375 0.9841426296875 0.579299646875 0.98203055 0.579653646875 0.9803309062500001 0.5782930703125 0.9782188250000001 0.5793545453125 0.973122409375 0.5814227734374999 0.9718368796875 0.5899930546875 0.973902840625 0.59135363125 0.9760149234375 0.5982103750000001 0.9776678171875 0.602291240625 0.984003853125 0.6040056421875 0.9844171265625 0.6053653531250001 0.9865289984375 0.6070797546875 0.986942275 0.6097998687499999 0.9911670656249999 0.611514271875 0.9915803421874999 0.614234559375 0.9958042953125 0.6176633640625 0.996630846875 0.61767154375 0.9966435499999999 0.6466250265625 0.9964751046875 0.64650495 0.9964461578125 0.6424240859375 0.9901101234375 0.6407096828125 0.9896968484374999 0.6393491046875 0.9875847671875 0.63763556875 0.9871717 0.6321943 0.978722746875 0.6304798984375 0.9783094703125 0.626399034375 0.9719734359375 0.62468463125 0.971560159375 0.6206037671875 0.9652241265624999
3 0.335940925 0.36288999375 0.32968791406250003 0.392912271875 0.34920439375 0.3976169375 0.355457403125 0.367594659375 0.335940925 0.36288999375