0 0.5937506421875 0.4312503296875 0.5937506421875 0.45937549375 0.6562506421875 0.45937549375 0.6562506421875 0.4312503296875 0.5937506421875 0.4312503296875
4 0.16093701875 0.675 0.16093701875 0.7109380765625 0.1921876609375 0.7109380765625 0.1921876609375 0.675 0.16093701875 0.675
4 0.84843701875 0.475 0.84843701875 0.5109380765625 0.8921876609374999 0.5109380765625 0.8921876609374999 0.475 0.84843701875 0.475
0 0.47656298125 0.6921870875 0.47656298125 0.720312253125 0.5390629812500001 0.720312253125 0.5390629812500001 0.6921870875 0.47656298125 0.6921870875
0 0.00156298125 0.2640619234375 0.00156298125 0.2937496703125 0.053124678125000005 0.2937496703125 0.053124678125000005 0.2640619234375 0.00156298125 0.2640619234375
0 0.078124678125 0.7437496703125 0.0796876609375 0.7421870875 0.0812506421875 0.7421870875 0.0812506421875 0.7171870874999999 0.057812339062499996 0.7171870874999999 0.057812339062499996 0.7437496703125 0.078124678125 0.7437496703125
4 0.8062493578125001 0.8187496703124999 0.8062493578125001 0.8531251640624999 0.8812506421874999 0.8531251640624999 0.8812506421874999 0.8187496703124999 0.8062493578125001 0.8187496703124999
4 0.1875 0.45625032968749996 0.1171876609375 0.45625032968749996 0.1171876609375 0.48750065937500003 0.1421876609375 0.48750065937500003 0.1437493578125 0.48906192343750005 0.1875 0.48906192343750005 0.1875 0.48750065937500003 0.18906298125 0.4859380765625 0.18906298125 0.4578129125 0.1875 0.45625032968749996
4 0.16111825156249998 0.3949275359375 0.1300642671875 0.3949275359375 0.1300642671875 0.4293675890625 0.16111825156249998 0.4293675890625 0.16111825156249998 0.3949275359375
0 0.33388431875 0.542013175 0.30893701875 0.556284584375 0.3194280203125 0.57990645625 0.34769408749999997 0.56708695625 0.33388431875 0.542013175
0 0.426083546875 0.537217390625 0.4141760921875 0.5612068515625 0.4395141390625 0.5744888015625 0.4522789203125 0.55150988125 0.426083546875 0.537217390625
2 0.9201452437500001 0.8359696968750001 0.9230218515624999 0.8021330703125 0.4048984578125 0.50820816875 0.9187018 0.20840975 0.9170604109375 0.180714096875 0.09669922812500001 0.6621528328124999 0.0979781484375 0.35410671875 0.33790231406250004 0.490284584375 0.34652570625 0.4716996046875 0.076569409375 0.31333596875 0.0755719796875 0.698114625 0.38886503906250003 0.5205770750000001 0.9201452437500001 0.8359696968750001
1 0.0579781484375 0.34635309687500004 0.02707840625 0.3635994734375 0.0262879171875 0.5393636359375 0.05710668437500001 0.5251884062500001 0.0579781484375 0.34635309687500004
1 0.0252339328125 0.5391963109375 0.027910024999999998 0.7141119890625001 0.055611825000000004 0.7005520421875 0.0547904890625 0.5238445328125 0.0252339328125 0.5391963109375
1 0.0839408734375 0.299761528125 0.375475578125 0.4674808953125 0.38758611875 0.450862978125 0.0840295625 0.274835309375 0.0839408734375 0.299761528125
1 0.0866491 0.6309789203125 0.0871915171875 0.6635586296875 0.9199678656250001 0.17433333281250002 0.9174395890625 0.144687746875 0.0866491 0.6309789203125
1 0.08816066875 0.2557404484375 0.918453728125 0.748449275 0.9206786625 0.7129314890625 0.085032134375 0.22362714062500003 0.08816066875 0.2557404484375
1 0.4422326484375 0.48660210781249996 0.4232544984375 0.4953017125 0.9183650390625001 0.7969472984375 0.9215591265624999 0.7594426875 0.4422326484375 0.48660210781249996
0 0.7607262203125 0.5435046109375 0.735263496875 0.5435046109375 0.735263496875 0.5678787875 0.7607262203125 0.5678787875 0.7607262203125 0.5435046109375
0 0.770706940625 0.0842292484375 0.744897171875 0.0842292484375 0.744897171875 0.111291171875 0.770706940625 0.111291171875 0.770706940625 0.0842292484375
1 0 0.7365415015625 0.025304626562499998 0.7230922265624999 0.025393315625000003 0.364667984375 0 0.37579183125000004 0 0.7365415015625
1 0.8571786625 0.1091897234375 0.7455976859375 0.1091897234375 0.7455976859375 0.13660737812499998 0.8571786625 0.13660737812499998 0.8571786625 0.1091897234375
1 0.8871208218750001 0.5643544140625 0.7343444734375 0.5643544140625 0.7343444734375 0.594117259375 0.8871208218750001 0.594117259375 0.8871208218750001 0.5643544140625
1 0.8299035984375 0.2691831359375 0.8039781484375 0.2691831359375 0.8039781484375 0.3940316203125 0.8299035984375 0.3940316203125 0.8299035984375 0.2691831359375
1 0.8577892031250001 0.25393280625000003 0.8369408734375 0.25393280625000003 0.8369408734375 0.5567127796875 0.8577892031250001 0.5567127796875 0.8577892031250001 0.25393280625000003
5 0.5204691515625 0.649841896875 0.2714074546875 0.649841896875 0.2714074546875 0.6749275359375 0.5204691515625 0.6749275359375 0.5204691515625 0.649841896875
5 0.59962725 0.7149209484375 0.47214652968750004 0.7149209484375 0.47214652968750004 0.74536890625 0.59962725 0.74536890625 0.59962725 0.7149209484375
5 0.715835475 0.45457180468749997 0.5909511562499999 0.45457180468749997 0.5909511562499999 0.486640315625 0.715835475 0.486640315625 0.715835475 0.45457180468749997
5 0.919087403125 0.6015480890625 0.7476478156249999 0.6015480890625 0.7476478156249999 0.6284387359375 0.919087403125 0.6284387359375 0.919087403125 0.6015480890625
1 0.39856940937499996 0.40037549375000003 0.41794472968749996 0.41423583593749996 0.9078239078125 0.130013175 0.905375321875 0.1008405796875 0.39856940937499996 0.40037549375000003