0 0.44718673124999997 0.6731898468749999 0.477119746875 0.6642359421874999 0.4629914390625 0.5992022375 0.4330584234375 0.608156140625 0.44718673124999997 0.6731898468749999
4 0.6017015328124999 0.1127141515625 0.6399496625000001 0.1012729359375 0.6328853640625 0.06875541406249999 0.5946372328125 0.0801966265625 0.6017015328124999 0.1127141515625
4 0.547082828125 0.9047634765625 0.5853309578125 0.8933222625000001 0.5754409984375 0.847798 0.5371928671874999 0.8592392140625 0.547082828125 0.9047634765625
0 0.6984055640625 0.46817988593750004 0.7283385796874999 0.4592259828125 0.7142102718750001 0.3941922765625 0.68427725625 0.4031461796875 0.6984055640625 0.46817988593750004
0 0.12671541718749998 0.0703103015625 0.132913278125 0.0988395359375 0.1645093171875 0.089388171875 0.15831145468750002 0.0608589375 0.12671541718749998 0.0703103015625
4 0.9104559515625 0.783947240625 0.9470410593749999 0.7730034875 0.9300867984375 0.6949617015625 0.8935016906250001 0.7059054546875 0.9104559515625 0.783947240625
4 0.4027519296875 0.167031534375 0.3928619703125 0.121507275 0.39084732187500004 0.12037931093750001 0.3851959984375 0.0943658265625 0.3519369375 0.10431465312499999 0.367831246875 0.1774774046875 0.3698475875 0.1786062890625 0.3997806015625 0.1696523859375 0.4010903078125 0.167528578125 0.4027519296875 0.167031534375
4 0.333256846875 0.1585845265625 0.32623700312500004 0.126271634375 0.2895831859375 0.1372359390625 0.29660303125 0.16954883125 0.333256846875 0.1585845265625
0 0.52200465625 0.308879796875 0.52925855 0.2753866390625 0.5017467718749999 0.27199057656250003 0.4921974234375 0.3024926578125 0.52200465625 0.308879796875
0 0.5290680125 0.422663528125 0.5506384718749999 0.40206572500000004 0.5307750375 0.379928921875 0.507935278125 0.399956359375 0.5290680125 0.422663528125
2 0.54697140625 0 0.190654346875 0.10754785625 0.420221809375 0.3380314859375 0.438052065625 0.3231418078125 0.23888530000000002 0.1168447515625 0.5664431249999999 0.017444696875 0.2522916984375 0.9849478328125001 0.28021625 0.9834843687499999 0.472272428125 0.3871477921875 0.9022137593749999 0.8327018687500001 0.937575096875 0.818936446875 0.4818119921875 0.366526634375 0.5950032453125 0 0.54697140625 0
1 0.3647788421875 0 0.2329611390625 0.0400486796875 0.22159116406249998 0.07769161718749999 0.41172478906250004 0.019850971875 0.41613102656249995 0 0.3647788421875 0
1 0.15136530312500002 0.127567475 0.40732765625 0.38738998750000003 0.42227612968750006 0.369498028125 0.1778737 0.119539703125 0.15136530312500002 0.127567475
1 0.53099353125 0.0169116421875 0.217231884375 0.9867852390625 0.2477433515625 0.9851862015625 0.5657900390624999 0.007104001562499999 0.53099353125 0.0169116421875
1 0.097092171875 0.144913278125 0.8067487296875001 0.8586618250000001 0.8440466015625001 0.8450392828125001 0.131976896875 0.137945075 0.097092171875 0.144913278125
1 0.8564486406249999 0.8447707187500001 0.89564196875 0.8295072109375001 0.4626857984375 0.4103568609375 0.4577170609375 0.43287396874999995 0.8564486406249999 0.8447707187500001
0 0.61621450625 0.738403875 0.6104585828125 0.7119089078124999 0.5845176640624999 0.71966865 0.5902735875 0.7461636171875 0.61621450625 0.738403875
0 0.1325341828125 0.8941480343749999 0.126699809375 0.8672919546875001 0.09789837968750001 0.8759073656249999 0.10373275312500001 0.90276344375 0.1325341828125 0.8941480343749999
1 0.1790248671875 0.9760656140625 0.1538016609375 0.8599612234375 0.124621634375 0.868689884375 0.149844840625 0.9847942749999999 0.1790248671875 0.9760656140625
1 0.672711421875 0.8615691671875 0.6381758828125 0.7025993734375 0.60649991875 0.712074646875 0.6410354593750001 0.8710444390625 0.672711421875 0.8615691671875
1 0.44683040781249994 0.8657314843749999 0.440969884375 0.8387550359375 0.3080962984375 0.8785016890625 0.313956821875 0.9054781375 0.44683040781249994 0.8657314843749999
1 0.6262721328125 0.8429565203125 0.62155930625 0.8212630171875 0.299317015625 0.91765578125 0.304029840625 0.939349284375 0.6262721328125 0.8429565203125
5 0.6758334015624999 0.4543270078125 0.6195322765625 0.1951685265625 0.5928341625 0.20315476875 0.6491352874999999 0.46231325156249997 0.6758334015624999 0.4543270078125
5 0.7686965734375 0.5142684671875 0.7398791828125 0.3816197703125 0.7074740703125 0.39131315624999996 0.7362914593750001 0.523961853125 0.7686965734375 0.5142684671875
5 0.5196064421875 0.7175562984375 0.49137597812499995 0.5876092578125001 0.45724614375000006 0.5978185593750001 0.48547660937500003 0.7277656 0.5196064421875 0.7175562984375
5 0.716465178125 0.883905096875 0.6777107578125 0.70551546875 0.649091615625 0.71407635 0.6878460359375 0.892465978125 0.716465178125 0.883905096875
1 0.3560777046875 0.41489168125000003 0.1676682203125 0.9893827609375 0.197201571875 0.987834984375 0.3752088203125 0.43063989999999996 0.3560777046875 0.41489168125000003