0 0.897480315625 0.3689867015625 0.92975096875 0.3699256828125 0.9291692781249999 0.2699414484375 0.8968986250000001 0.2690024671875 0.897480315625 0.3689867015625
4 0.772992240625 0.323443075 0.7713881828125 0.3250087421875 0.771632115625 0.3669372328125 0.82649278125 0.368533515625 0.8262394656250001 0.32499241093750003 0.772992240625 0.323443075
4 0.33095295468749997 0.0461511546875 0.3890411171875 0.047841346875 0.3888347125 0.01236330625 0.33074655000000003 0.0106731140625 0.33095295468749997 0.0461511546875
4 0.715317171875 0.67003758125 0.715307790625 0.66842496875 0.7136849671875 0.6667654093750001 0.7136662031250001 0.6635401828124999 0.6701002359375 0.6622725421875 0.6701377640625 0.66872299375 0.6717605843750001 0.670382553125 0.6718544078125 0.6865092421875 0.67025035 0.6880749078124999 0.6703910828125 0.7122646593749999 0.672013903125 0.71392421875 0.6720326671875 0.7171494453125 0.6736554890625001 0.718809003125 0.6752689296875001 0.71885595 0.67689236875 0.7205155265625 0.7236852171875 0.721877059375 0.7234506656249999 0.68156118125 0.7218278437500001 0.679901621875 0.7218184609375 0.678289009375 0.7201956375 0.6766288874999999 0.7201862546875 0.675016275 0.715317171875 0.67003758125
4 0.6801189640625 0.44328080156249994 0.6817417906250001 0.44494092500000004 0.6817793187500001 0.45139137500000004 0.7334131046875 0.45289376406250004 0.733131640625 0.40451425937499996 0.6798844140625 0.4029649234375 0.679997 0.42231683750000004 0.678392940625 0.4238825046875 0.678467996875 0.43678340625 0.68009081875 0.4384429640625 0.6801189640625 0.44328080156249994
4 0.5424697171874999 0.6311485375 0.5425916859375 0.6521130640624999 0.54421450625 0.6537726234375 0.5442895609375 0.666673525 0.5426855046875 0.668239190625 0.5427793265624999 0.6843658796875001 0.5460249703125 0.6876849984375 0.5476390265625 0.6877319625 0.550884671875 0.6910510796875 0.604131896875 0.6926004156250001 0.6038879640625 0.6506719249999999 0.59901949375 0.6456926843749999 0.5990007312500001 0.6424674593749999 0.5973772921875 0.6408078828125 0.597358528125 0.6375826578125 0.5957357062499999 0.6359230984375001 0.595726325 0.6343104859375 0.5941035015625 0.632650928125 0.5424697171874999 0.6311485375
4 0.8705563359375 0.177943278125 0.914122303125 0.17921091718749999 0.9157263625000001 0.1776452515625 0.9189532437500001 0.17773914375 0.9187656015625001 0.145486328125 0.8703593125 0.14407785 0.8705563359375 0.177943278125
0 0.5400960421875001 0.22314853750000002 0.562686053125 0.223805840625 0.5622357124999999 0.1463987453125 0.5396457015625 0.14574144218750001 0.5400960421875001 0.22314853750000002
0 0.3605130296875 0.41302080312499995 0.39117085937499996 0.4139128546875 0.3906266953125 0.32037907187500003 0.359968865625 0.3194870203125 0.3605130296875 0.41302080312499995
4 0.8479663234375 0.177285975 0.8477505359374999 0.140195321875 0.8041845671875001 0.13892768125 0.8044472640624999 0.184081396875 0.838331975 0.1850673421875 0.8399360343750001 0.183501675 0.8447769718749999 0.1836425328125 0.8463810281249999 0.182076865625 0.8463622640624999 0.178851640625 0.8479663234375 0.177285975
4 0.2521703 0.092230128125 0.1876277609375 0.0903521328125 0.18791860625 0.14034424843749999 0.25891490625 0.1424100296875 0.2586615921875 0.0988689265625 0.2521703 0.092230128125
0 0.68926544375 0.3516418890625 0.6908795 0.3516888546875 0.6925023234375 0.35334841250000004 0.7102513984375001 0.3538648578125 0.7101669578124999 0.33935078125 0.6891903859374999 0.338740425 0.68926544375 0.3516418890625
0 0.8086308390625 0.0713371015625 0.8296074109375 0.0719474578125 0.8294948249999999 0.0525955421875 0.808518253125 0.0519851859375 0.8086308390625 0.0713371015625
4 0.785431553125 0.5205143984375 0.785703634375 0.567281290625 0.7889498953125 0.5706004250000001 0.821221165625 0.5715394234375 0.8209209390625001 0.51993469375 0.7870362296875 0.5189487500000001 0.785431553125 0.5205143984375
5 0.6834868609375 0.7448930640625 0.6842280484375001 0.8722922765625001 0.6858514859375 0.8739518531250001 0.7633021640625001 0.8762054375 0.7625515953125 0.7471936125 0.6834868609375 0.7448930640625
1 0.37067249062499996 0.218218815625 0.36904966875 0.21655925781250002 0.3690309046875 0.21333403281250002 0.36740808281250004 0.2116744734375 0.36739869999999997 0.21006185937500002 0.3657758796875 0.2084023 0.36576649687499996 0.2067896875 0.364143675 0.20513012968750002 0.3641249078125 0.20190434218750003 0.3625014703125 0.20024476562500002 0.3624733234375 0.1954069265625 0.3608505015625 0.19374736718750002 0.36084112031250004 0.19213475468750002 0.359218296875 0.19047519531249998 0.359208915625 0.18886258281249999 0.3575860921875 0.187203025 0.3575767109375 0.1855904125 0.3559538890625 0.183930853125 0.3559445078125 0.182318240625 0.3543216859375 0.18065868125 0.354312303125 0.17904606875 0.352688865625 0.1773864921875 0.3526794796875 0.175773315625 0.3510566578125 0.1741137578125 0.351047275 0.1725011453125 0.34942445312500003 0.1708415859375 0.3494056890625 0.16761636093750001 0.34778286875000003 0.16595680156249998 0.3477734859375 0.16434418906249998 0.344527225 0.1610250546875 0.34451784218750003 0.1594124421875 0.3412721984375 0.156093321875 0.34126281718749996 0.154480709375 0.33639372968750003 0.14950145312500002 0.3363843484375 0.14788884062500002 0.32340115625 0.13461235 0.3233917734375 0.1329997375 0.3217689515625 0.1313401796875 0.3217501875 0.1281149546875 0.320127365625 0.1264553953125 0.3201179828125 0.12484278281250001 0.3184945421875 0.1231826421875 0.318475778125 0.1199574171875 0.31685295468749997 0.11829785781249999 0.31683419218750003 0.11507263281249999 0.3152113703125 0.113413075 0.3152019890625 0.1118004625 0.3087100828125 0.1051622078125 0.30870070156249996 0.1035495953125 0.3070872609375 0.10350264843750001 0.3054644390625 0.10184308906249999 0.3054269078125 0.0953920765625 0.300557825 0.09041338125000001 0.30054844375 0.08880076875000001 0.298935003125 0.088753821875 0.29731218125000003 0.08709426406250001 0.295698740625 0.0870473171875 0.29407591875 0.08538775781249999 0.2924618625 0.08534079375 0.2908390390625 0.0836812359375 0.2843846625 0.0834934328125 0.2846098328125 0.1221966984375 0.2862238890625 0.1222436625 0.2878467140625 0.123903784375 0.287856096875 0.125516396875 0.28947891718749996 0.12717595625 0.2910829765625 0.125610290625 0.2926964171875 0.1256572359375 0.294301090625 0.1240915875 0.29754673593750003 0.12741070625 0.29433861875 0.13054203749999999 0.294348 0.13215464999999998 0.2959708234375 0.133814209375 0.30081114375 0.1339550484375 0.30405740468750003 0.137274184375 0.30406678593750003 0.138886796875 0.3056896078125 0.1405463546875 0.305698990625 0.1421589671875 0.3073218109375 0.1438185265625 0.30733119375 0.145431140625 0.31220027968749997 0.150410396875 0.3122096609375 0.152023009375 0.313832484375 0.15368256875 0.313841865625 0.15529518125 0.31708750937499997 0.1586143 0.31709689218750003 0.1602269125 0.3187197140625 0.161886471875 0.31872909531250004 0.163499084375 0.32197535625 0.1668182203125 0.3219847390625 0.1684308328125 0.3236075609375 0.170090390625 0.32361694218750003 0.171703003125 0.325239765625 0.17336256249999998 0.325249146875 0.17497517499999998 0.33011823281249997 0.1799544328125 0.3301276140625 0.1815670453125 0.3317504359375 0.18322660468750002 0.33175981875 0.18483921718750002 0.33662828437500003 0.18981789375 0.3366376671875 0.19143050625 0.33826110625 0.1930900828125 0.3382798703125 0.196315309375 0.339902690625 0.19797486875 0.33991207343749996 0.19958748125 0.34153489531250003 0.2012470390625 0.34154428124999997 0.2028602140625 0.343167103125 0.2045197734375 0.343176484375 0.2061323859375 0.34479930625 0.20779194531249998 0.3448180703125 0.21101717187500002 0.346441509375 0.2126767484375 0.34645089218749997 0.2142893609375 0.35294217968749997 0.2209275953125 0.35295156250000004 0.2225402078125 0.35619782187500004 0.22585934375 0.3562072046875 0.22747195625 0.35783002812500003 0.2291320796875 0.3578394109375 0.2307446921875 0.3594622328125 0.23240425 0.359480996875 0.235629475 0.3611038203125 0.23728903437499999 0.3611225828125 0.24051425937499998 0.3676144875 0.24715251249999998 0.36762386875 0.2487651265625 0.3692466921875 0.2504246859375 0.3692560734375 0.2520372984375 0.3725023375 0.2553569953125 0.3725117203125 0.2569696078125 0.37413454218750003 0.2586291671875 0.3741439234375 0.2602417796875 0.375766746875 0.2619013390625 0.375776128125 0.26351395312500003 0.37739895 0.2651735109375 0.37740833125 0.2667861234375 0.38065459218750003 0.270105259375 0.3806639734375 0.271717871875 0.38390961875 0.2750369890625 0.3839283828125 0.2782622140625 0.390420290625 0.28490103125 0.39203373125 0.284947978125 0.396902196875 0.2899266546875 0.3969115796875 0.2915392671875 0.3985350171875 0.29319884375 0.3985443984375 0.29481145625 0.400167221875 0.296471015625 0.3985631625 0.29803668125 0.3985725453125 0.2996492953125 0.3969678703125 0.30121494375 0.396977253125 0.30282755625 0.4098860078125 0.3032031625 0.41149006562499996 0.301637496875 0.41310350625 0.3016844421875 0.41470756406250003 0.3001187765625 0.4179350609375 0.3002126875 0.41953911875000005 0.29864701875 0.4194453 0.28252089375 0.4129533921875 0.27588207656249997 0.4113399515625 0.27583513125 0.40809430625000004 0.2725160125 0.408084925 0.2709034 0.4064621046875 0.26924384218749997 0.40484804687500003 0.269196878125 0.40160240312499995 0.265877759375 0.40159302031250005 0.264265146875 0.39347829375 0.255967334375 0.393468909375 0.254354159375 0.388599825 0.24937546406250002 0.38859044374999996 0.24776284999999998 0.383721978125 0.24278417343749997 0.3837125953125 0.24117156093749997 0.3820897734375 0.23951200312499998 0.3820803921875 0.23789939062499998 0.38045756875 0.23623983124999998 0.3804481875 0.23462721874999998 0.37882474843749997 0.2329676421875 0.3788153671875 0.2313550296875 0.3755697203125 0.2280353484375 0.3755603375 0.2264227359375 0.37231469375000004 0.2231036171875 0.37230531093749997 0.2214910046875 0.37068187343750003 0.219831428125 0.37067249062499996 0.218218815625
5 0.3926063203125 0.6606476531250001 0.460375740625 0.6626195421875 0.4588183109375 0.39492021718750003 0.391048890625 0.392948328125 0.3926063203125 0.6606476531250001
5 0.678261590625 0.401305365625 0.67986565 0.3997396984375 0.6795091281250001 0.3384587296875 0.66337349375 0.33798923125 0.661769434375 0.339554896875 0.66210719375 0.397610640625 0.665353453125 0.4009297765625 0.678261590625 0.401305365625
0 0.7750654031249999 0.40250972812499997 0.77512169375 0.41218540312499996 0.7783679546875 0.41550454062500003 0.79611703125 0.4160209859375 0.7960419765625 0.40312008437499997 0.7750654031249999 0.40250972812499997
3 0.778142503125 0.0994726578125 0.77975594375 0.099519603125 0.781378765625 0.1011791625 0.813650034375 0.1021181609375 0.8134623937500001 0.06986534531250001 0.77796424375 0.0688324546875 0.778142503125 0.0994726578125
0 0.7813418015625 0.6493853828125 0.7926365 0.649714025 0.7925520625 0.6352005125 0.7748029875 0.6346840671875 0.7748686609375001 0.6459723546875 0.7764914828125 0.6476319125 0.7797189796875 0.6477258234375001 0.7813418015625 0.6493853828125
0 1 0.2284686765625 0.9918450625 0.22823139218750002 0.9923986046875 0.3233772265625 1 0.3235984046875 1 0.2284686765625
0 0.9729419874999999 0.0293590921875 0.9732234515625 0.077738596875 0.9780919171875 0.0827172734375 0.991000671875 0.0830928796875 0.9906910625 0.0298755375 0.9729419874999999 0.0293590921875
5 0.9643674843750001 0.496698225 0.9708218609375001 0.49688602812499993 0.969199040625 0.49522646875 0.9724071562500001 0.49209513749999995 0.975634653125 0.492189046875 0.9772574765625001 0.49384860625 0.9788709171875001 0.49389555312500005 0.9804937375 0.49555511093750004 0.98050311875 0.4971677234375 0.9966387546875 0.4976372234375 0.9950625625 0.2267126734375 0.9660187890625 0.22586758593749998 0.9644141140625001 0.227433234375 0.9644234968750001 0.22904584843750003 0.9628194375 0.23061151406249997 0.9643393390625 0.49186038749999994 0.9659621625 0.49351994687499995 0.9659715437499999 0.495132559375 0.9643674843750001 0.496698225
5 0.3286733375 0.4862636765625 0.3292737921875 0.5894731359375001 0.33895505 0.58975483125 0.340559721875 0.5881886187500001 0.35669535625000004 0.5886581171875 0.359903471875 0.5855267859375 0.36313035312499997 0.585620678125 0.3647344125 0.5840550125 0.363195746875 0.3195809140625 0.3276975953125 0.3185480234375 0.328232378125 0.41046919375 0.3298558171875 0.41212877031249995 0.329921490625 0.423417059375 0.3283168140625 0.42498270781249997 0.3284481640625 0.44755984687500006 0.33007160468749996 0.4492194234375 0.330278009375 0.48469746406249997 0.3286733375 0.4862636765625
0 0.5657161953125 0.46736292031250004 0.5624705484375 0.464043240625 0.5382670953125 0.46333899218749997 0.5382764765625 0.4649516046875 0.539899303125 0.4666117265625 0.53995559375 0.476287403125 0.5415784171875 0.4779469609375 0.54319185625 0.47799390781250006 0.5480609390625 0.4829726015625 0.5561287562499999 0.4832073515625 0.5593368734374999 0.48007601875 0.5641778093750001 0.4802168765625 0.56578186875 0.478651209375 0.5657161953125 0.46736292031250004
3 0.641103371875 0.66949051875 0.6814418421874999 0.6706642484375 0.6812354375 0.6351862078125 0.6408969671875 0.6340124781250001 0.641103371875 0.66949051875
3 0.8928548859375001 0.12860844531249999 0.9396483515625 0.1299699953125 0.939413796875 0.089653553125 0.8926203312500001 0.08829200312499999 0.8928548859375001 0.12860844531249999
5 0.818903453125 0.4505442609375 0.8172993953125 0.4521099265625 0.8173838328125 0.466623440625 0.8190066546875 0.468283 0.81906295 0.4779592375 0.8206863875 0.47961881562500003 0.8207239156249999 0.486069265625 0.8175151828124999 0.48920057968749997 0.8177309718749999 0.5262917953125 0.8193537953125001 0.5279513546875 0.8194476140625 0.54407748125 0.8178435546875 0.545643146875 0.8178623187499999 0.548868371875 0.8194851421875 0.55052793125 0.8194945265625 0.5521411078125 0.821117965625 0.553800684375 0.8211461109375 0.5586385218750001 0.8195414359375001 0.5602041703125 0.8195883453125001 0.568267234375 0.8179842875000001 0.5698329 0.8180968734375 0.5891848140625 0.8423003265625001 0.5898890625 0.8414746984375 0.4479757734375 0.8188846859375 0.44731847187499996 0.818903453125 0.4505442609375
5 0.5179191765625 0.01611928125 0.5182287859375 0.0693366234375 0.5198516078125001 0.0709961828125 0.5343738015625 0.071418734375 0.5340548109375 0.0165887796875 0.5179191765625 0.01611928125
5 0.51420409375 0.2094964421875 0.5126000359375 0.21106210781249998 0.5131723421875 0.3094331671875 0.51478578125 0.3094801140625 0.5164086078125 0.311140234375 0.5180220484375 0.31118718125 0.521268309375 0.3145063171875 0.539017384375 0.3150227625 0.5380228796875001 0.144081884375 0.5138194265625 0.1433776359375 0.51221536875 0.1449433015625 0.5122341328125 0.14816852656249999 0.513856953125 0.14982808593750002 0.5140821250000001 0.188531915625 0.5157049484375 0.1901914734375 0.51573309375 0.1950293109375 0.5141290359374999 0.196594978125 0.51420409375 0.2094964421875
0 0.7751219796875 0.689514021875 0.7396238281249999 0.68848113125 0.7396707375 0.69654419375 0.7412935593750001 0.6982037515624999 0.7413123234375 0.7014289765624999 0.7429351468750001 0.7030885359375 0.74294453125 0.7047017125 0.7526820812499999 0.7146590828125 0.75270084375 0.717884309375 0.7543242828125 0.7195438859375 0.754343046875 0.7227691109375 0.7559658687499999 0.7244286703125 0.7753283843750001 0.7249920624999999 0.7751219796875 0.689514021875
3 0.743235709375 0.47736523125 0.7434045874999999 0.5063928203125 0.7466502312500001 0.5097119375 0.7789215 0.5106509359375 0.7787338593750001 0.478398121875 0.743235709375 0.47736523125
1 0.635183209375 0.20656665312500003 0.635173828125 0.20495404062499997 0.6335510046875 0.20329448125 0.6335322421875 0.20006925625 0.6286631578125 0.1950905609375 0.6286537765625 0.1934779484375 0.6270309546874999 0.191818390625 0.6270215734375 0.190205778125 0.6253987515625 0.18854621875 0.62538936875 0.18693360625 0.6172746390625 0.1786352296875 0.6172652578125 0.1770226171875 0.6140196125 0.1737035 0.6140102296875 0.17209088749999998 0.609141146875 0.16711219375 0.6075277078125 0.167065246875 0.6059048859375 0.1654056859375 0.59783706875 0.1651709375 0.5962142453125 0.163511378125 0.5946001890625 0.1634644140625 0.594703390625 0.181203153125 0.607687203125 0.1944802234375 0.6076965859375 0.1960928359375 0.60931940625 0.1977523953125 0.6093287890625 0.1993650078125 0.614197871875 0.204343703125 0.614207253125 0.205956315625 0.6158300765625 0.20761587499999998 0.6158394578124999 0.20922848749999998 0.6190851046875 0.21254816718749997 0.6190944859374999 0.21416077968749997 0.620717309375 0.21582033906250003 0.620726690625 0.21743295156250003 0.6223501296875 0.2190925296875 0.622378275 0.2239303671875 0.624001096875 0.22558992500000002 0.6240104796875 0.22720253750000002 0.6272561249999999 0.23052165625 0.6272748874999999 0.23374688125 0.628897709375 0.2354064390625 0.628935240625 0.241857453125 0.6305586796875 0.24351703125 0.63057744375 0.24674225624999999 0.635445909375 0.25172093125 0.6354552921875001 0.25333354375 0.6370781125 0.254993103125 0.63708749375 0.25660571718749997 0.6419565781250001 0.26158441093749996 0.6419659625 0.2631975859375 0.6452116078125 0.2665167046875 0.646825046875 0.26656365000000004 0.6484484859374999 0.268223228125 0.6500619249999999 0.26827017343750004 0.6516847484375 0.2699297328125 0.6565256859375 0.27007058906250003 0.6581485078125 0.27173015 0.659761946875 0.2717770953125 0.67112231875 0.283394025 0.672735759375 0.283440971875 0.6759820203125 0.2867601078125 0.677595459375 0.2868070546875 0.6791995187500001 0.2852413875 0.6791901359375 0.283628775 0.6807941953125 0.282063109375 0.680737903125 0.272387434375 0.67911508125 0.2707278734375 0.6790963171875 0.2675026484375 0.6742278484375 0.262523409375 0.674218465625 0.260910796875 0.6709722046875 0.2575916609375 0.6709628234375 0.255979046875 0.6693493828125 0.2559321015625 0.6677265625000001 0.2542725421875 0.6677171796875 0.2526599296875 0.6660943578125 0.251000371875 0.6644809171875 0.250953425 0.6531199296875 0.23933647656249998 0.653110546875 0.23772386406249998 0.6498648984375001 0.2344041828125 0.6498555171875 0.2327915703125 0.64660925625 0.229472434375 0.6465904921875001 0.226247209375 0.644967671875 0.2245876515625 0.644958290625 0.2229750390625 0.6417126453125 0.2196559203125 0.6417032625 0.21804330625 0.640080440625 0.21638374843750002 0.6400616765625 0.21315852343750002 0.63843885625 0.21149896406250002 0.6384294703125 0.20988578906250002 0.635183209375 0.20656665312500003
1 0.836146225 0.0866487734375 0.8345415546874999 0.0882149859375 0.8345509359375001 0.0898275984375 0.8329468765625 0.09139326406250001 0.8539234484374999 0.0920036203125 0.8555275078125 0.0904379546875 0.8555181265625 0.0888253421875 0.85712218125 0.0872591109375 0.8571128 0.0856464984375 0.8587168578125001 0.08408083281249999 0.8587074765624999 0.08246822031249999 0.8603115328125 0.08090255468749999 0.8619255906250001 0.08094951875 0.8651337078125 0.07781818593749999 0.865124325 0.0762055734375 0.8731452328125 0.068377259375 0.8731358515625001 0.066764646875 0.8779480218750001 0.0620670859375 0.8779386406249999 0.0604544734375 0.8795433156250001 0.058888825 0.8795339343749999 0.0572762109375 0.8827420500000001 0.054144878125 0.8827326687499999 0.052532265625 0.8843367265625 0.050966599999999994 0.88430858125 0.046128762499999997 0.8859126406250001 0.0445630953125 0.8858938765625 0.041337870312500004 0.8874985499999999 0.0397722234375 0.88748916875 0.0381596109375 0.8890932234375001 0.0365933796875 0.8890369328125001 0.0269177046875 0.880969115625 0.02668295625 0.8777603812500001 0.029814270312500002 0.8680791250000001 0.029532573437499997 0.8648334796875 0.02621345625 0.832562209375 0.0252744578125 0.8406769359374999 0.0335722703125 0.843904434375 0.033666181249999996 0.8455272546874999 0.0353257390625 0.8487541359374999 0.035419632812500004 0.8519997828125 0.0387393140625 0.8520091656250001 0.0403519265625 0.8536326031250001 0.042011503125 0.8536419859375 0.043624115625 0.8552648078124999 0.045283675 0.8552741890625001 0.0468962875 0.85367013125 0.048461953125 0.8536888953125 0.051687178125 0.8408551984375 0.0642130359375 0.84086458125 0.0658256484375 0.8376564640625 0.06895698125000001 0.837665846875 0.07056959375 0.8360617875 0.0721352609375 0.8361180796875001 0.0818109359375 0.8377409015625 0.0834704953125 0.83613684375 0.08503616093750001 0.836146225 0.0866487734375
1 0.747485240625 0.6532378390625 0.7470536640625001 0.5790559703125 0.726077090625 0.578445615625 0.726086471875 0.580058228125 0.7277099125000001 0.5817178046875 0.7280758125 0.644610821875 0.729698634375 0.6462703796875 0.729717396875 0.6494956046875 0.7329630453125 0.6528152875 0.747485240625 0.6532378390625
4 0.661572128125 0.028360853125000002 0.6873890203124999 0.029112046875000002 0.6873421109375 0.021048984375 0.66152521875 0.020297790625 0.661572128125 0.028360853125000002
0 0.9176025015624999 0.2228464765625 0.9175462078125 0.21317023906250002 0.8949561953125 0.21251293593749998 0.8933521359375 0.21407860312500002 0.8933896671875001 0.220529615625 0.8982587499999999 0.22550830937500002 0.912780328125 0.22593084375 0.914385003125 0.22436519531250002 0.9159984437500001 0.2244121421875 0.9176025015624999 0.2228464765625
4 0.6455587453125 0.3261844984375 0.6552400031250001 0.32646619375 0.656863440625 0.3281257703125 0.6649312578125001 0.3283605203125 0.6646591765625 0.281593628125 0.61463883125 0.28013818437500004 0.6149202953125 0.3285176890625 0.637509690625 0.3291749734375 0.639114365625 0.327609325 0.6439546859374999 0.3277501640625 0.6455587453125 0.3261844984375
5 0.6592558796875 0.7393509953125 0.6588993609375 0.6780705890625 0.6346959078125 0.677366340625 0.63476158125 0.6886546296875 0.636384403125 0.6903141890625 0.6365908078125 0.7257922296875 0.638213634375 0.72745235 0.63826054375 0.7355154140625 0.6415068046875 0.73883455 0.6592558796875 0.7393509953125
3 0.6151176015625001 0.6397117328124999 0.610276665625 0.6395708765625 0.6086538421875 0.6379113171874999 0.6054263453125001 0.6378174078125001 0.6055952234374999 0.6668449984375 0.6669108828125 0.6686291015625 0.666704478125 0.6331510609375 0.62313789375 0.631883403125 0.6151176015625001 0.6397117328124999
1 1 0.1943228078125 0.9997158546874999 0.1946001515625 0.9964883578125001 0.194506240625 0.994884303125 0.19607247187500002 0.9916574218750001 0.195978578125 0.9900527468749999 0.19754422656249998 0.9900621296875001 0.19915683906249998 0.9868540125 0.20228817187499998 0.982013075 0.202147315625 0.9804090171875 0.20371298124999998 0.9787955765625 0.203666034375 0.9739834015625 0.2083630328125 0.9707559046875 0.20826912343749998 0.9691518468749999 0.2098347890625 0.9659249671874999 0.209740896875 0.9659343484375 0.211353509375 0.962725615625 0.214484825 0.961112175 0.21443787812499998 0.9546953296874999 0.2207010875 0.94824156875 0.220513303125 0.94663689375 0.2220789515625 0.9401831328125001 0.221891165625 0.9369744000000001 0.2250224796875 0.9337475187500001 0.2249285875 0.932143459375 0.226494253125 0.930529403125 0.2264472890625 0.9289253453124999 0.2280129578125 0.9273119062499999 0.2279660109375 0.9241037890625 0.23109734375 0.92249035 0.231050396875 0.9208856734375 0.2326160453125 0.9160453531250001 0.23247520625 0.9096285046875 0.238737853125 0.9080150640625 0.23869090625 0.9064110046874999 0.2402565734375 0.9047969484375 0.2402096078125 0.9031928890625001 0.241775275 0.9015794484375 0.241728328125 0.8999753921875 0.2432939953125 0.8983619515625 0.2432470484375 0.8967578953125 0.244813278125 0.8935303984375 0.24471936875 0.891926340625 0.246285034375 0.8903129015625 0.2462380875 0.8887088421874999 0.2478037546875 0.8887182250000001 0.2494163671875 0.8871135499999999 0.2509820140625 0.8871323140625 0.2542072390625 0.8887557515625 0.2558668171875 0.8903691921875 0.2559137625 0.89197325 0.254348096875 0.8968141875000001 0.254488953125 0.9000223046875 0.251357621875 0.903249184375 0.2514515140625 0.9048532437500001 0.24988584687499998 0.9129210609375 0.250120596875 0.914525734375 0.24855494843749998 0.916139175 0.2486018953125 0.9193472921874999 0.2454705625 0.9209607312499999 0.245517509375 0.9225654046875 0.243951296875 0.92417884375 0.24399824374999998 0.92899101875 0.2393012453125 0.930604459375 0.23934819062499998 0.9322091328125 0.2377825421875 0.9354360140625 0.2378764359375 0.94024880625 0.23317945468749998 0.9418622453125 0.2332264015625 0.9434663046875 0.23166073437499998 0.9466931859375001 0.23175462812499997 0.948297859375 0.2301889796875 0.9499112999999999 0.23023592499999998 0.954723475 0.225538925 0.9563369156249999 0.22558587187499998 0.9579415890625 0.2240202234375 0.9595550296875001 0.22406717031249998 0.9611590874999999 0.222501503125 0.9660000249999999 0.22264236093749998 0.967604084375 0.22107669375 0.9692175234375 0.22112364062499998 0.970821578125 0.2195574125 0.9740490749999999 0.21965132187499997 0.9772571921875001 0.216519990625 0.9788706312500001 0.21656693593749998 0.9804746906249999 0.2150012703125 0.9820881312499999 0.21504821718749997 0.9836928046875 0.21348256718749997 0.990146565625 0.21367035156249997 0.991751240625 0.212104703125 0.9949781218749999 0.21219859687499998 0.99658218125 0.21063292968749997 0.9981956203125 0.21067987656249998 0.9998002953125 0.20911422812499997 1 0.2091200390625 1 0.1943228078125
1 0.8244199015625 0.5667954765625 0.8228158421874999 0.5683611453124999 0.82288151875 0.5796499953125 0.84063059375 0.580166440625 0.8398518765625 0.446316215625 0.8221028015625 0.44579977031249995 0.8225062328125 0.5151438015625 0.82412905625 0.5168033609375 0.8225249968749999 0.518369028125 0.822562525 0.524819478125 0.8241853499999999 0.5264795984374999 0.8242791703125001 0.542605725 0.8226751109375 0.5441713921875 0.8227126390624999 0.5506218421875 0.8243354640625 0.5522819640625001 0.8244199015625 0.5667954765625
2 0.6473225828125 0.6293624265625 0.6440769375000001 0.6260433062499999 0.64406755625 0.62443069375 0.6424447296875 0.6227705734375 0.6424353484374999 0.6211579609375 0.6408125265625 0.6194984015625 0.6408031453125 0.6178857890625 0.6391890874999999 0.617838825 0.6375662656250001 0.616179265625 0.637556884375 0.614566653125 0.6310649781250001 0.6079283984375 0.631055596875 0.6063157859375 0.6294327749999999 0.604656228125 0.62942339375 0.6030436156250001 0.6261777484375 0.599724496875 0.6261683671875 0.598111884375 0.622922103125 0.5947921859374999 0.6229033390625001 0.5915669609374999 0.6196576953124999 0.5882478421874999 0.6196483140625 0.5866352296875 0.6164026687499999 0.5833161125 0.6163932859375 0.5817034999999999 0.6147704640625 0.580043940625 0.6147610828125 0.578431328125 0.611514821875 0.57511219375 0.6115054390625 0.5734995796875 0.60988261875 0.5718400203125 0.6098732328125 0.5702268453125 0.60500415 0.5652481515625001 0.6049947687499999 0.5636355390625 0.6033719453125 0.5619759796875 0.6033625640625 0.560363365625 0.5984940984375 0.5553846890624999 0.5984847156249999 0.5537720765625 0.596861278125 0.5521125 0.5968518953124999 0.5504998875 0.5952290734375 0.548840328125 0.5952196921875 0.5472277156249999 0.5919740453125 0.543908034375 0.5919646625 0.542295421875 0.5903418406250001 0.5406358625000001 0.5903230765624999 0.5374106375000001 0.5887002546875 0.5357510796875 0.588690871875 0.5341384671875 0.5854446109375 0.53081933125 0.5854352296875 0.52920671875 0.5838124062500001 0.527547159375 0.583803025 0.5259345468750001 0.58055738125 0.5226154281250001 0.5805480000000001 0.521002815625 0.5773017359375 0.5176831171875 0.577282971875 0.5144578921875 0.57241450625 0.509479215625 0.5724051234374999 0.5078666015625 0.570781684375 0.5062070249999999 0.5707723015624999 0.5045944125 0.567526659375 0.5012752953125 0.5675172765625 0.4996626828125 0.5626488109375 0.49468400625 0.5626394296874999 0.49307139375000003 0.561025371875 0.49302442968750004 0.55453408125 0.48638562968750004 0.5545246984375 0.4847730171875 0.552901259375 0.48311344062500006 0.55286373125 0.47666299062500006 0.5398805359375001 0.46338593906250003 0.539871153125 0.4617733265625 0.5382483312499999 0.46011376718749997 0.53823895 0.4585011546875 0.5366161265625 0.4568415953125 0.5366067453125 0.45522898125 0.5333604843749999 0.451909846875 0.5333511015625 0.45029723437499997 0.53172828125 0.44863767499999996 0.5317189 0.4470250625 0.5284732546875001 0.4437059453125 0.528463871875 0.44209333281249996 0.526840434375 0.44043375625000003 0.5268310484375001 0.4388205796875 0.5252082265625 0.4371610203125 0.5251988453124999 0.43554840781250004 0.5235760218750001 0.43388884843750003 0.523566640625 0.4322762359375 0.520320996875 0.42895711875 0.5203116140625 0.42734450625 0.5186881765625 0.4256849296875 0.5186694125 0.4224597046875 0.5170465906249999 0.4208001453125 0.5170372078125001 0.41918753124999997 0.513791565625 0.41586841406249997 0.5137821828125 0.4142558015625 0.5121593578125 0.4125956796875 0.512149975 0.4109830671875 0.510527153125 0.40932350937499995 0.5105177703125 0.407710896875 0.5056486875 0.4027322 0.50563930625 0.40111958750000004 0.504016484375 0.3994600296875 0.504007103125 0.3978474171875 0.49751519687499995 0.3912091640625 0.497505815625 0.3895965515625 0.49426016875 0.38627686875 0.49425078593749994 0.38466425625 0.492627346875 0.3830046796875 0.4925992015625 0.3781668421875 0.49097637968749996 0.37650728437500003 0.4909669984375 0.37489467187500003 0.4893535578125 0.374847725 0.48773073437500003 0.373188165625 0.487721353125 0.371575553125 0.47960662656249997 0.36327774062499996 0.47959724374999996 0.36166512812499996 0.47797441875 0.36000500625 0.4779650375 0.35839239375 0.4747187765625 0.3550732578125 0.47470939375 0.3534606453125 0.473086571875 0.351801084375 0.4730678078125 0.348575859375 0.47144498749999997 0.3469163015625 0.4714262234375 0.3436910765625 0.466557140625 0.33871238125 0.4665477578125 0.33709976875000003 0.4649249359375 0.3354402109375 0.46491555 0.333827034375 0.46166990625000004 0.3305079171875 0.461660525 0.3288953046875 0.4600377015625 0.3272357453125 0.46002832031249996 0.3256231328125 0.4584054984375 0.32396357343750004 0.458396115625 0.32235096093750004 0.45352703437499997 0.3173722671875 0.4535082703125 0.314147040625 0.4518854484375 0.31248748125 0.45187606562499993 0.31087486875 0.44700697968750003 0.30589561249999997 0.44698821562499996 0.30267038749999997 0.44536539375000006 0.301010828125 0.4453560109375 0.2993982140625 0.43886410781249996 0.2927599609375 0.438854725 0.2911473484375 0.43724128437500004 0.2911004015625 0.43399564062499996 0.287781284375 0.433986259375 0.286168671875 0.42749435 0.27952985468749997 0.42748496874999997 0.27791724218749997 0.425862146875 0.27625768281249996 0.425852765625 0.27464507031249996 0.4242299421875 0.27298551249999997 0.42422056093749994 0.2713729 0.42097429999999997 0.2680537640625 0.4209555359375 0.2648285390625 0.41933271406249994 0.263168978125 0.41931395 0.259943753125 0.41606830625 0.2566246359375 0.41605892187500004 0.2550114609375 0.41443548124999996 0.253351884375 0.4144167171875 0.250126659375 0.41279389687499995 0.2484670984375 0.412784515625 0.2468544859375 0.40953887031249997 0.24353536875 0.40952948749999996 0.24192275625 0.407906665625 0.24026319687500003 0.407897284375 0.23865058437500003 0.4062744625 0.2369910265625 0.4062556984375 0.23376580156250001 0.4030094375 0.230446665625 0.403000053125 0.22883348906249998 0.40137722968749995 0.2271739296875 0.4013584671875 0.2239487046875 0.39973564375000004 0.22228914687499998 0.3997262625 0.22067653437499998 0.39648000156249996 0.2173573984375 0.3964706203125 0.2157447859375 0.3932249765625 0.21242566875 0.39321559375000004 0.2108130546875 0.3883465109375 0.205834359375 0.3883371296875 0.204221746875 0.3818458375 0.19758294999999998 0.3818364546875 0.1959703359375 0.376967371875 0.19099164062500001 0.376957990625 0.18937902812500002 0.373712346875 0.18605991093750002 0.37209890625 0.1860129640625 0.3704754671875 0.18435338750000002 0.3688620265625 0.1843064421875 0.36723920468750004 0.18264688281250002 0.36562576562500004 0.18259993593749999 0.3623795046875 0.17928080156249998 0.36237012343749997 0.17766818906249998 0.36074729687499996 0.176008065625 0.360737915625 0.174395453125 0.35911509218750004 0.17273589375 0.35913385625 0.17596111875 0.3575298015625 0.17752735 0.35753918281249997 0.1791399625 0.35916200625 0.1807995203125 0.35918076875 0.1840247453125 0.3608035921875 0.1856843046875 0.36081297343749996 0.1872969171875 0.362435796875 0.1889564765625 0.3624545609375 0.1921817015625 0.3640779984375 0.19384127812500002 0.3640967625 0.1970665046875 0.36571958437499996 0.1987260625 0.36573834843749997 0.20195128750000002 0.3673611734375 0.20361140937500002 0.3673705546875 0.20522402187500002 0.36899337656250003 0.20688358125 0.369002759375 0.20849619375 0.3722490203125 0.2118153296875 0.3722584015625 0.2134279421875 0.3771268671875 0.21840661875 0.37714563125 0.22163184375 0.3787684546875 0.223291403125 0.3787778359375 0.224904015625 0.3804012734375 0.2265635921875 0.38041065625 0.2281762046875 0.3836563046875 0.23149588593749998 0.3836656859375 0.23310849843749998 0.3869113296875 0.2364276171875 0.3869207125 0.2380402296875 0.388543534375 0.23969978749999998 0.388552915625 0.24131239999999998 0.3901763546875 0.24297197656249997 0.3901857359375 0.24458458906249997 0.39343138125 0.2479037078125 0.3934407625 0.249516321875 0.3983098453125 0.254495015625 0.3983192296875 0.256108190625 0.4080567796875 0.2660655625 0.40806616093750003 0.267678175 0.41131180624999997 0.27099729375 0.4113211875 0.27260990625 0.41294401093750005 0.27426946406249997 0.41455745000000005 0.2743164109375 0.42104935625 0.28095466406249997 0.4210868859375 0.287405678125 0.422709709375 0.2890652375 0.42277538281249993 0.30035352656250003 0.42602164374999996 0.3036726609375 0.426031025 0.3052852734375 0.429276671875 0.3086049546875 0.42928605312499996 0.3102175671875 0.4357779578125 0.316855821875 0.43578733906249995 0.318468434375 0.4374101625 0.3201279921875 0.43742892656250004 0.3233532171875 0.4406745703125 0.3266723359375 0.440683953125 0.3282849484375 0.442307390625 0.32994452500000004 0.44231677343750003 0.33155713750000004 0.4471852421875 0.33653637812500004 0.447194625 0.33814899062500003 0.44881744687499997 0.3398085484375 0.44882682812499997 0.3414211609375 0.4536959125 0.34639985625 0.45370529375 0.34801246875 0.45532811406249996 0.3496720265625 0.455337496875 0.3512846390625 0.45696031875000004 0.3529442 0.458574375 0.3529911640625 0.4601971984375 0.3546507234375 0.4602065796875 0.3562633359375 0.461829403125 0.3579228953125 0.46184816875 0.3611486828125 0.46347099218750004 0.362808240625 0.4634803734375 0.364420853125 0.46834945625 0.36939955 0.46837760156249997 0.3742373875 0.47000042343750004 0.3758969453125 0.47000980625000005 0.3775095578125 0.47163262812499995 0.3791691171875 0.47324606718749995 0.3792160625 0.474868890625 0.380875621875 0.47487827187500004 0.382488234375 0.4829930015625 0.3907866109375 0.48300238437500004 0.3923992234375 0.4846164421875 0.3924461875 0.487862084375 0.3957653046875 0.48789023125000003 0.4006031421875 0.48951305312500004 0.4022627015625 0.48955058124999995 0.408713153125 0.491173403125 0.41037271249999996 0.49120155312499997 0.41521111250000003 0.4928243734375 0.4168706703125 0.4928337546875 0.41848328281249997 0.4944571953125 0.42014286093750003 0.496070634375 0.4201898078125 0.4993162796875 0.423508925 0.49932566093749997 0.42512153750000004 0.505817565625 0.431759790625 0.505826946875 0.433372403125 0.5074497703125 0.4350319625 0.5074591515625 0.436644575 0.5090819734375 0.43830413437500004 0.5090913593749999 0.4399173109375 0.5123376203125 0.44323644531250006 0.5123470015625 0.4448490578125 0.513969825 0.4465086171875 0.5139792062499999 0.4481212296875 0.5156020265625 0.4497807890625 0.515611409375 0.45139340156249996 0.5188570546875 0.45471251874999996 0.5188664359375 0.45632513281250003 0.520489875 0.45798470937499997 0.52049925625 0.459597321875 0.5399743578125 0.479512628125 0.539983740625 0.48112524062500006 0.5480984671875 0.4894230515625 0.5481453796875 0.497486678125 0.551391025 0.500805796875 0.55140040625 0.5024184093749999 0.5530232265625 0.5040779671875 0.5530513734375 0.50891580625 0.5546748125 0.5105753828124999 0.5546841953125 0.5121879953125 0.5579298374999999 0.5155071140625 0.5579392203125 0.5171197265624999 0.5595620453125 0.518779846875 0.559571428125 0.520392459375 0.564440509375 0.5253711562500001 0.564449890625 0.52698376875 0.5660727140625 0.5286433265625 0.5660914781249999 0.5318685515625 0.5677143 0.5335281109375 0.5677236828125001 0.5351407234375001 0.5725927656249999 0.5401194171875 0.572602146875 0.5417320296875 0.5742249687500001 0.5433915890625001 0.574234353125 0.545004765625 0.5774799984375 0.5483238828125 0.5774893796875 0.5499364953125 0.579112203125 0.5515960546875001 0.5791215843749999 0.5532086671875 0.5807450234375 0.55486824375 0.5807544046875 0.55648085625 0.5840000484375001 0.5597999734375 0.5840094296875 0.5614125875 0.585632253125 0.563072146875 0.585641634375 0.564684759375 0.5905107171874999 0.569663453125 0.590520103125 0.571276628125 0.592142925 0.5729361875000001 0.5921616890625 0.5761614140625 0.5954073328125 0.57948053125 0.5954167140625 0.58109314375 0.598662975 0.5844122796875 0.5986817390625 0.5876375046875 0.6035502046875 0.59261618125 0.6035595875 0.5942287937499999 0.605182409375 0.595888353125 0.6051917953125 0.5975015296875 0.6068152328124999 0.59916110625 0.606824615625 0.60077371875 0.61169308125 0.6057523953125 0.6117024625 0.6073650078124999 0.616571546875 0.612343703125 0.616580928125 0.6139563156250001 0.6182037499999999 0.615615875 0.6182131328125 0.6172284875 0.6198359546875001 0.6188880453125 0.6198453374999999 0.6205006578125001 0.623090984375 0.6238203390625 0.623109746875 0.627045565625 0.6247331859374999 0.6287051421875 0.624808240625 0.6416060421875 0.6377914390625 0.65488309375 0.6378008203125 0.6564957062500001 0.64104708125 0.6598148421875 0.6426605203125 0.6598617890625 0.6442833421875 0.6615213468750001 0.6458967828125 0.66156829375 0.64751960625 0.663227853125 0.6588149203125 0.6635565125 0.660418978125 0.661990846875 0.6684867953125 0.662225596875 0.6700908546875 0.6606599296875 0.67170429375 0.6607068765624999 0.6765170859375 0.6560098953125 0.6781305265625 0.6560568421874999 0.6797345828125 0.6544911765625 0.6813480234375 0.654538121875 0.6813011109375 0.6464744953125 0.6796782890624999 0.6448149375 0.67966890625 0.6432023250000001 0.6780460859375 0.641542765625 0.678036703125 0.639930153125 0.67641388125 0.63827059375 0.6763857359375 0.6334327562500001 0.681197909375 0.6287357578125 0.6811885281250001 0.62712314375 0.6827925875 0.625557478125 0.6827832015624999 0.623944303125 0.6843878765625 0.6223786546875 0.6843784937499999 0.6207660421875 0.685982553125 0.6192003765625 0.6859637890625 0.6159751515624999 0.6891719046875 0.6128438171874999 0.6907853453125 0.6128907625 0.6923900203125 0.6113251156249999 0.6956169015625 0.6114190078124999 0.69547616875 0.58722925625 0.6922680515625 0.5903605890625 0.6906539953124999 0.5903136234375 0.6874458796875 0.59344495625 0.6874552609375 0.5950575687499999 0.685851203125 0.5966232359375 0.6858699703125 0.5998490249999999 0.6842659109375 0.601414690625 0.68429405625 0.606252528125 0.6826893828125 0.6078181765624999 0.682717528125 0.6126560140625 0.677905353125 0.6173530140625 0.6779147359375 0.6189656265625 0.6763106765625 0.6205312921874999 0.676320059375 0.6221439046875 0.6715072703125 0.6268414484375 0.6715166515625001 0.6284540625 0.6634957453125 0.636282375 0.6635051265625 0.6378949875 0.6602970109374999 0.6410263203125 0.6538426328125 0.6408385171875 0.6505969890625 0.6375194 0.6505876078124999 0.6359067875 0.6489641671874999 0.634247209375 0.6489547859375 0.632634596875 0.6473319640625 0.6309750390625 0.6473225828125 0.6293624265625
0 0.9223871453125 0.2133110953125 0.925614025 0.2134049875 0.9272180828125001 0.21183932031250002 0.9320590187500001 0.2119801765625 0.9336630781249999 0.21041451093750002 0.93527651875 0.2104614578125 0.9352577546875 0.2072362328125 0.902986484375 0.20629723437499997 0.8965702515625 0.21255989999999997 0.8949561953125 0.21251293593749998 0.8950124890625 0.22218917343750003 0.9159890609374999 0.2227995296875 0.9175931203125 0.2212338640625 0.9175837390625 0.2196212515625 0.9191877937499999 0.218055021875 0.9191784125 0.216442409375 0.9223871453125 0.2133110953125
0 0.431143759375 0.07486440625 0.4763231671875 0.0761789921875 0.4762481125 0.0632780921875 0.43106870468749997 0.06196350625 0.431143759375 0.07486440625
1 0.7492485109375 0.40175853437500003 0.7496050296875 0.463038940625 0.751227853125 0.4646984984375 0.7786588015625 0.46549665781250005 0.7782929000000001 0.4026036390625 0.7492485109375 0.40175853437500003
5 0.2468414953125 0.0082317265625 0.24715110468749998 0.06144906875 0.250397365625 0.0647682046875 0.2778276984375 0.0655663453125 0.277499325 0.009123778124999999 0.2468414953125 0.0082317265625
5 0.7074933406249999 0.1570746703125 0.7077091296875 0.1941658859375 0.7109547734375 0.197485003125 0.72547696875 0.19790755625 0.725242415625 0.157591115625 0.7074933406249999 0.1570746703125
0 0.6637866390625 0.1316172765625 0.664199453125 0.20257392031250002 0.665822275 0.2042334796875 0.68357135 0.204749925 0.6831491546875 0.13218066875 0.6637866390625 0.1316172765625
1 0.6120402703125001 0.110763534375 0.6120308890625 0.109150921875 0.613634946875 0.10758525625 0.532956771875 0.1052377609375 0.5330130640624999 0.1149134375 0.6136912390625 0.11726093281250001 0.6136630937499999 0.11242309375 0.6120402703125001 0.110763534375