5 0.9627250671875001 0.9035723375 0.870090075 0.8808161875 0.864973628125 0.9094054109374999 0.9576086187499999 0.9321615624999999 0.9627250671875001 0.9035723375
5 1 0.5804855140625 0.8270700281250001 0.5380045890625 0.8177828437500001 0.5898986875000001 1 0.6346610484374999 1 0.5804855140625
3 0.6431228859375 0.3777807359375 0.597883696875 0.3666675515625 0.5848040578125 0.4397527859375 0.630043246875 0.45086596874999996 0.6431228859375 0.3777807359375
3 0.502265546875 1 0.506793996875 0.9746963421875 0.43774907656249995 0.9577351875 0.4301851890625 1 0.502265546875 1
3 0.58089250625 0.62428278125 0.5397674796875 0.6141802578125 0.5321120453125 0.656956615625 0.5732370687499999 0.6670591390625 0.58089250625 0.62428278125
3 0.5698306390625001 0.660303609375 0.537149596875 0.6522753812500001 0.5249066703125 0.7206853093750001 0.5575877109375 0.7287135359375 0.5698306390625001 0.660303609375
3 0.5656566562500001 0.7270771453125 0.5201686296875 0.71590283125 0.5061593109375 0.7941828484375 0.5516473390625001 0.8053571625 0.5656566562500001 0.7270771453125
1 0.4511469234375 0.8342440828125 0.42291520312499997 0.864962434375 0.471624971875 0.9081656015625 0.49888020937500005 0.8773681984374999 0.4511469234375 0.8342440828125
1 0.39008196875 0.40589907968750005 0.332383646875 0.42623714843749994 0.34497910468750004 0.46069024687500004 0.40419587031250004 0.44302535781249996 0.39008196875 0.40589907968750005
1 0.8789672109375 1 0.676510078125 0.34370606875 0.6577096265625 0.3543566734375 0.8558011343749999 1 0.8789672109375 1
1 0.6336258781249999 0.6769475875000001 0.6188530375 0.666728503125 0.6236749796875001 0.6381978359375 0.60518365625 0.6478565781250001 0.59479510625 0.7018887546875 0.61546634375 0.695213421875 0.6776389484374999 0.6968667453124999 0.6807726125 0.6718278953125 0.63861540625 0.66047694375 0.6336258781249999 0.6769475875000001
1 0.620213759375 0.7515519140625 0.6141687203124999 0.7655883953125 0.5900118062499999 0.74252256875 0.58743805625 0.7409365875 0.5836581375 0.7768444046874999 0.6006343953125 0.7716644078125 0.6094098703124999 0.7812442609375 0.6601011999999999 0.7917949390625 0.6633341390624999 0.76225306875 0.620213759375 0.7515519140625
1 0.5583181578125 1 0.6001534765625001 0.7684195328125 0.5704176453125 0.7813656499999999 0.5328552046875 1 0.5583181578125 1
2 0.814615815625 1 0.6182765625 0.37481509375 0.5948928921875 0.37837620312500003 0.5507997625 0.618610834375 0.57331469375 0.6138751046875 0.6108196671874999 0.4218141875 0.78561720625 1 0.814615815625 1
2 0.497660503125 1 0.535930078125 0.796873375 0.5189409609375 0.799018853125 0.4760688375 1 0.497660503125 1
5 0.9950023874999999 0.72321601875 0.8075856124999999 0.6721352984375 0.7964636328125 0.7278947625 0.98583948125 0.774415684375 0.9950023874999999 0.72321601875
0 1 0.6544462421875 0.8206370062499999 0.61038501875 0.80904165 0.6751765125 0.9954065312499999 0.7209577781250001 1 0.6952908078125 1 0.6544462421875
0 0.9736039265624999 0.8427844125 0.8802390046875 0.8198489515625 0.8688616421875001 0.88342235625 0.9622265656250001 0.9063578171875 0.9736039265624999 0.8427844125
0 0.5084649125 0.73213974375 0.36566369375 0.6970600640625 0.358437834375 0.737436071875 0.5012390531250001 0.7725157515625 0.5084649125 0.73213974375
1 0.303072103125 0.8333251890625 0.2980409296875 0.8614379265625001 0.307543315625 0.863772225 0.308848375 0.8657216359375 0.3817005515625 0.883618059375 0.38701094999999996 0.8539450953125 0.303072103125 0.8333251890625
4 0.35915870625 0.6123175140625 0.3443450546875 0.6950919140625 0.42195008281249996 0.71415589375 0.4367637359375 0.63138149375 0.35915870625 0.6123175140625
4 0.6717115437500001 1 0.6788906296875 0.9598853484375001 0.677585890625 0.9579341453125 0.6778654359375 0.956372128125 0.6797289453124999 0.9552010875000001 0.6833627124999999 0.934896646875 0.5978395812499999 0.9138875546874999 0.583584696875 0.993539709375 0.585167321875 0.9939284875000001 0.5864720609375 0.9958796921875 0.5928075390624999 0.9974360265625 0.5941109375 0.9993850312499999 0.5966143328125 1 0.6717115437500001 1
0 0.45250447187500004 0.9499263828125001 0.4527840171875 0.948364365625 0.45464784687500004 0.9471915328125 0.4552069375 0.9440674984375 0.4539021984375 0.9421162953125 0.4550200578125 0.935870015625 0.4568838875 0.9346971828124999 0.460238109375 0.9159547609375001 0.41906 0.9058391968749999 0.412351875 0.9433222484374999 0.42185426093749995 0.945656546875 0.42371610937500004 0.9444850984375 0.43638706406249994 0.9475977671875 0.4382508953125 0.9464249359375 0.4395539734375 0.94837573125 0.45064064375 0.951099215625 0.45250447187500004 0.9499263828125001
4 0.6220621625 0.787770809375 0.6201999921875 0.7889440484375 0.605945109375 0.8685962046875 0.6072481890625 0.8705470015625 0.665848446875 0.884942384375 0.6671515265625 0.8868931812499999 0.678238196875 0.8896166640625 0.6944495749999999 0.7990321765624999 0.69053701875 0.7931789734375 0.622436034375 0.7764496984375 0.62075908125 0.7858200125 0.6220621625 0.787770809375
0 0.5525662515625 0.47395645937499997 0.5469759890625 0.50519323125 0.5488398171875 0.5040203984375 0.5615091125 0.5071326609375 0.5628138515625001 0.5090838640625 0.5754831453125 0.5121961265625 0.577346975 0.51102329375 0.58265769375 0.481348540625 0.5525662515625 0.47395645937499997
0 0.3329771015625 0.8048019203125 0.30605422656250003 0.798188209375 0.2996256484375 0.8341092421875 0.324965896875 0.840334175 0.3268280671875 0.839160934375 0.3329771015625 0.8048019203125
4 0.44654945156250003 0.2441067984375 0.42838157812500005 0.3456236203125 0.5107378015624999 0.3658547515625 0.5289056750000001 0.264337928125 0.44654945156250003 0.2441067984375
4 0.6755379046875001 0.7568862078125 0.6771221890625 0.7572753953125 0.679730328125 0.761175603125 0.6791712375000001 0.7642996390625 0.68392243125 0.7654667875000001 0.6903510078124999 0.7295457546875 0.6890479296875001 0.7275949578125 0.6898862453125 0.722910696875 0.68858150625 0.7209594921875 0.689140596875 0.717835459375 0.6878358578125 0.7158842562500001 0.6889540390625 0.7096361828125 0.6876506375 0.707687178125 0.688209728125 0.70456314375 0.6169401765625 0.6870554984374999 0.606319059375 0.7464032140625 0.6665019437499999 0.761187375 0.6683641125 0.7600141359375 0.669948396875 0.7604033218749999 0.6755379046875001 0.7568862078125
0 0.8282351796875 0.5041753765625 0.821806603125 0.5400964109374999 0.8614004296875001 0.5498227890625 0.8672699187499999 0.517025790625 0.8659651796875 0.5150745890625 0.8662447249999999 0.5135125703125001 0.8282351796875 0.5041753765625
0 0.619272553125 0.304470746875 0.5923480203125 0.297856628125 0.585639896875 0.33533968125 0.609397521875 0.341175834375 0.6131232 0.3388315546875 0.619272553125 0.304470746875
4 0.6785251171875 0.25054865 0.6639910109375 0.33176103125 0.700417928125 0.3407094484375 0.7022800984375 0.339536209375 0.71336676875 0.34225969218749996 0.7146715078125 0.3442108953125 0.7447629484375 0.3516029765625 0.75929705625 0.27039059375 0.6785251171875 0.25054865
0 0.3897171203125 0.5709111140625 0.383288540625 0.6068321484375 0.5131566953125 0.6387347703125 0.515020525 0.6375619375 0.51660315 0.6379507156249999 0.5168826953125001 0.6363886984375 0.5187465234374999 0.6352158671875 0.5215416562499999 0.6195974796875 0.5202369171875 0.6176462765624999 0.5219138671875 0.6082759624999999 0.5237776968750001 0.6071031312499999 0.524336465625 0.6039808859375 0.3897171203125 0.5709111140625
0 0.7834203875 0.846975490625 0.7853768828125001 0.8360431578125 0.7840721421875 0.834091953125 0.784910778125 0.8294059015625 0.7836060406249999 0.8274546968750001 0.783885584375 0.8258926796875 0.7825821859375 0.823943675 0.7714955171875 0.821220190625 0.76963200625 0.8223912312499999 0.7680493828125 0.8220024546875001 0.7677698375 0.823564471875 0.75845235 0.8294290406249999 0.756868065625 0.8290398546875 0.755006215625 0.830211303125 0.7534219328125 0.8298221171875 0.751558103125 0.83099495 0.7509990125 0.8341189859375 0.7523037515625 0.836070190625 0.7517446624999999 0.8391942234374999 0.7556575390625 0.845045634375 0.75537799375 0.8466076515625 0.75929055 0.8524608546874999 0.7640417421875 0.8536280046875 0.7659055734375 0.8524551718750001 0.76907248125 0.8532331359375 0.7709363109375 0.8520603046874999 0.7741032203125 0.8528382671875001 0.7759670484375001 0.851665434375 0.7775513328125 0.8520546203125001 0.7812770125 0.8497103390625 0.7815565578125 0.848148321875 0.7834203875 0.846975490625
5 0.405666153125 0.9967829531250001 0.4100901484375 0.9720629484375 0.0769094234375 0.8902157953125001 0.072485428125 0.9149357984375 0.405666153125 0.9967829531250001