3 0.4142868875 0.7927551484375 0.4757524359375 0.7981283125 0.48113993125 0.73218248125 0.41967438125 0.7268093171875 0.4142868875 0.7927551484375
3 0.46784287031250005 0.9707822937499999 0.4709914640625 0.9322418046875001 0.43305661406249996 0.9289256375000001 0.42990802187500005 0.9674661234374999 0.46784287031250005 0.9707822937499999
3 0.47081060468749997 0.48264752499999997 0.5147793968750001 0.4864911671875 0.5206149718749999 0.4150605890625 0.4766461796875 0.4112169453125 0.47081060468749997 0.48264752499999997
3 0.4668565703125 0.5628528562499999 0.5099009421875 0.5666156859375 0.51627631875 0.48857763906249996 0.4732319453125 0.48481480781249997 0.4668565703125 0.5628528562499999
3 0.47982205 0.41730581093749997 0.5208326984375 0.4208908578125 0.5246458953124999 0.374215271875 0.48363524843750005 0.37063022343749996 0.47982205 0.41730581093749997
3 0.5072244375 0.1914966484375 0.5603702046875 0.196142515625 0.5664238046875 0.1220431828125 0.5132780375 0.11739731406250001 0.5072244375 0.1914966484375
5 0.610933634375 0.149308828125 0.6887866359375 0.15611454062500002 0.6914871484375 0.1230588015625 0.6136341468750001 0.1162530875 0.610933634375 0.149308828125
5 1 0.2779125203125 0.7540335875 0.25641075468749996 0.7500610062499999 0.30503729375 1 0.3268863328125 1 0.2779125203125
5 0.5703535171875 0.8686719515625001 0.7004614796874999 0.8800456640625001 0.702668803125 0.85302683125 0.572560840625 0.84165311875 0.5703535171875 0.8686719515625001
1 0.57961395625 0.9458431765625 0.666475853125 0.9534364265624999 0.668883159375 0.9239697031249999 0.5820212609375 0.9163764531249999 0.57961395625 0.9458431765625
1 0.3826509 0.8945733468749999 0.435561359375 0.8991986484375 0.4385490640625 0.8626275140624999 0.3856386046875 0.8580022156249999 0.3826509 0.8945733468749999
5 0.10984731249999999 0.9298667015625 0.3645671375 0.9521336703125 0.375579696875 0.8173339875 0.120859871875 0.79506701875 0.10984731249999999 0.9298667015625
5 0.047305603125 0.7582277265624999 0.3857947203125 0.787817596875 0.38840050625 0.7559213859375 0.0499113875 0.726331515625 0.047305603125 0.7582277265624999
1 0.35396636875 0.6640039390625 0.3558824453125 0.6439275703125 0.2740151515625 0.63373278125 0.26947229687499996 0.6548196234375 0.35396636875 0.6640039390625
0 0.7219238125 0.585467171875 0.7501377 0.569174475 0.7385274703125 0.5425845328125 0.7113239515625 0.552042115625 0.71099689375 0.55521665625 0.7219238125 0.585467171875
1 0.924543440625 0.9515499234375 0.9287519937500001 0.9509242609375 0.9558336953125 0.94084431875 0.935424309375 0.8813315156250001 0.90703786875 0.9014146984375 0.924543440625 0.9515499234375
1 0.9360325671874999 0.8828787421875001 0.594982190625 0.0847915625 0.5768535375 0.0992020703125 0.9070678328125 0.9030578109375 0.9360325671874999 0.8828787421875001
1 0.5838214078124999 0.44228492968750005 0.6303726000000001 0.4426154765625 0.63014510625 0.40549264531249996 0.584738925 0.40382745625 0.5822905140625 0.422235334375 0.5637571484375 0.4120939 0.5667367125 0.3850295 0.5504665515625 0.397411440625 0.5471222499999999 0.453058971875 0.561918246875 0.446496571875 0.5622293609375 0.43106420781250004 0.5838214078124999 0.44228492968750005
1 0.5735405984375 0.49861067812500004 0.5706830109375 0.5115218921875 0.5455515171875 0.49354471406249995 0.5446157484375 0.514841221875 0.5704585796874999 0.5325858484375 0.6158582125 0.52844664375 0.613093665625 0.5016790375 0.5735405984375 0.49861067812500004
1 0.5156406421875 0.9749606546875 0.5572461890625 0.5238252703125 0.528058140625 0.5355487937500001 0.49265060624999996 0.9729509234375 0.5156406421875 0.9749606546875
0 1 0.54293090625 0.839542096875 0.528904078125 0.8343185 0.592843740625 1 0.607327203125 1 0.54293090625
0 0.75462313125 0.3929939359375 0.9485329046875 0.4099450421875 0.9542993109375001 0.33936109999999997 0.7603895374999999 0.32240999531250003 0.75462313125 0.3929939359375
0 0.3118247890625 0.5239978484375001 0.455815865625 0.5365851875 0.45924714218749996 0.49458452187499996 0.31525606562499997 0.48199718281250004 0.3118247890625 0.5239978484375001
0 0.31762522031249996 0.3932191328125 0.46287686875 0.4059166671875 0.46627656718750005 0.36430251406249997 0.32102491718750004 0.351604978125 0.31762522031249996 0.3932191328125
0 0.5803946171875001 0.9184679203125 0.6062783875 0.920730615625 0.6092555671875 0.88428831875 0.5833717984375 0.8820256265624999 0.5803946171875001 0.9184679203125
2 0.5407369156249999 0.123814590625 0.51776281875 0.13353067968750001 0.49539386875 0.3726775390625 0.51499534375 0.364829959375 0.5347880890625001 0.16507429843750002 0.8554028296875 0.9582226421875 0.8874068453125 0.9565453828124999 0.8874548000000001 0.9562339953125001 0.5407369156249999 0.123814590625
2 0.4610431421875 0.9701878781250001 0.500280365625 0.5614426671875 0.4701571515625 0.5672287140625001 0.43247585624999996 0.967690596875 0.4610431421875 0.9701878781250001
1 0.49223208124999995 0.9729143375 0.5141888671875 0.72651316875 0.48581843750000003 0.7381950921875 0.4639252765625 0.9704398265625 0.49223208124999995 0.9729143375
0 0.5094527046875 0.26525410625 0.512074728125 0.2331591171875 0.48158734374999995 0.2304939859375 0.4789653203125 0.262588975 0.5094527046875 0.26525410625
4 1 0.7541985875 0.930582165625 0.7481302546874999 0.922323046875 0.8492263343750001 0.9237955281250001 0.850969596875 0.9236644125 0.8525745296875 1 0.8592475953125 1 0.7541985875
0 0.5349108921875 0.052530537499999995 0.5060286390625001 0.0500057234375 0.5028823015625 0.0885186046875 0.5189285578125 0.0899213265625 0.5204008906250001 0.0916664296875 0.5252145984375 0.0920872328125 0.5269508453125 0.0906226140625 0.530159425 0.0909031 0.531895671875 0.089438484375 0.5349108921875 0.052530537499999995
4 0.37464895 0.49104663593750003 0.3814660921875 0.4076011421875 0.30605019843750003 0.4010084734375 0.29923305624999996 0.4844539671875 0.37464895 0.49104663593750003
4 0.6445428890625 0.6293874671874999 0.6526708921875 0.5298963203125 0.580463578125 0.5235841390625 0.572335575 0.6230752859375001 0.5755441546875 0.6233557703125 0.5772804 0.6218911546875 0.5787544140625 0.623636403125 0.6445428890625 0.6293874671874999
4 0.5860683812499999 0 0.5801336734375 0.0726440453125 0.6154347640625 0.075729978125 0.617170859375 0.0742672015625 0.6251931468749999 0.0749684890625 0.6266673109374999 0.07671189843750001 0.661968403125 0.07979783124999999 0.668487546875 0 0.5860683812499999 0
4 0.3565061859375 0.020772746875 0.3482470671875 0.1218688265625 0.42205950937500003 0.12832132499999999 0.423794075 0.1268565609375 0.42444950625000005 0.118833734375 0.42618575156249994 0.11736911875 0.4268413328125 0.10934445156249999 0.4285774296875 0.10788167500000001 0.4287085453125 0.10627674218750001 0.433915603125 0.10188274374999999 0.43552073281250003 0.102023059375 0.4372552984375 0.1005582953125 0.44315462656250004 0.028347335937500003 0.3565061859375 0.020772746875
0 0.4247696546875 0.7281556140625 0.42650422031249996 0.7266908484375 0.42810935 0.7268311656249999 0.4283715828125 0.7236213 0.430107828125 0.7221566828125 0.43299193437500005 0.6868536671875 0.38966687499999997 0.6830663 0.3862583046875 0.7247890484374999 0.4247696546875 0.7281556140625
4 0.5590308687500001 0.7463561203125 0.5670548375 0.7470575546875 0.5685288515625 0.7488028046874999 0.5797597203125 0.7497845796875 0.5827077468749999 0.7532750796875 0.6452876421875 0.7587456578125 0.6522359 0.6736952296875 0.5720046171875001 0.6666816109375 0.5667975609375 0.671075609375 0.5666664453125 0.6726805437500001 0.564930196875 0.6741451609375 0.5590308687500001 0.7463561203125
4 0.2177283828125 0.9282384328125 0.21605093593750002 0.9487712734375 0.29628053906249996 0.95578474375 0.2970403203125 0.946484596875 0.29556630625 0.944739346875 0.29622173749999997 0.9367165203125 0.29474940625 0.9349714171875 0.2177283828125 0.9282384328125
0 0.7943540296875 0.2594516609375 0.7960885953125 0.257986896875 0.7988415843750001 0.2242888171875 0.79736925 0.2225437140625 0.7572527671875 0.21903683125 0.754237546875 0.25594477968749996 0.7943540296875 0.2594516609375
4 0.6316160390625 0.49088237343749996 0.638034878125 0.49144349375 0.64098290625 0.49493399218749995 0.643342696875 0.466048871875 0.6418685328125 0.46430546250000004 0.64199965 0.4627005296875 0.6405256359375 0.46095527968749994 0.640656753125 0.45935034531249996 0.63918441875 0.4576052453125 0.6394466515625 0.4543953765625 0.6379726375 0.452650128125 0.638759184375 0.44302236562499997 0.6372851703125 0.44127711718749996 0.563474409375 0.434824765625 0.5583616265625 0.497407965625 0.616126134375 0.50245759375 0.6162571015625 0.5008545 0.6266712140624999 0.49206650625000004 0.6298814734375 0.4923471390625 0.6316160390625 0.49088237343749996
5 1 0.53440034375 0.8312739125 0.5196507312499999 0.8230147921875 0.6207468125 1 0.6362184156249999 1 0.53440034375
5 1 0.40995459062500006 0.7579303265624999 0.3887934671875 0.7534729765625 0.4433538421875 0.7550764265625001 0.44349401093749996 0.7565504390625 0.4452392609375 0.764572728125 0.44594055 0.7660467421875 0.4476858 0.7997443843750001 0.4506315625 0.8012168671875 0.452374825 0.8268905406249999 0.454619153125 0.8283645546875 0.456364403125 0.8476193890625 0.4580476125 0.84909340625 0.4597928609375 0.8523019843749999 0.46007334687499996 0.853775996875 0.461818596875 1 0.47460113281250005 1 0.40995459062500006
0 0.2953255734375 0.6311821109375 0.29611211875 0.62155435 0.2946397859375 0.6198092468749999 0.2956885671875 0.6069716203125 0.29742313125000003 0.60550685625 0.2982096796875 0.5958790953124999 0.26932742656249997 0.59335428125 0.266049971875 0.6334720953125 0.2676551 0.6336124109375 0.2693896671875 0.6321476484375 0.27580850468749996 0.6327087671875 0.27728251875 0.634454015625 0.2901185140625 0.6355761078125 0.2918547609375 0.6341114890624999 0.293459890625 0.63425180625 0.29359100625 0.6326468734375 0.2953255734375 0.6311821109375
1 1 0.030155459375 0.9925225453125 0.0295018 0.989576046875 0.0260132875 0.9879709171875 0.025872971875 0.98355055625 0.020637368750000003 0.9707128796875001 0.01951513125 0.9672420687500001 0.0224445125 0.9669798359374999 0.025654378125 0.965243740625 0.0271171546875 0.9636704953124999 0.046374515625 0.9619359296875001 0.0478392796875 0.961673696875 0.05104914687499999 0.9599376015625 0.0525119234375 0.9594131375 0.0589316578125 0.957676890625 0.0603962734375 0.9574146578124999 0.063606140625 0.9556800921875 0.065070903125 0.9555491281249999 0.066673996875 0.95381288125 0.0681386140625 0.953681765625 0.0697435484375 0.9467384609374999 0.0756021640625 0.9451333312499999 0.075461846875 0.9329848015625 0.0857127640625 0.931379671875 0.0855724484375 0.92443651875 0.0914292234375 0.9228313890625 0.09128890625 0.9176243312500001 0.0956829046875 0.91602088125 0.0955427359375 0.9073414812499999 0.10286412656249999 0.9057380328125 0.10272395625 0.9056069171875001 0.10432889062499999 0.9038706703124999 0.10579350624999999 0.902265540625 0.105653190625 0.900530975 0.1071179546875 0.898925846875 0.10697763906249999 0.8971895999999999 0.10844225625 0.8939810203125 0.1081617703125 0.8922447734375 0.1096263859375 0.887431065625 0.10920558437500001 0.8856949703125 0.11066836093750002 0.882486390625 0.110387875 0.8807501437499999 0.1118524921875 0.8791466968750001 0.11171232187499999 0.8756742031250001 0.1146415578125 0.8740707546875001 0.11450138750000001 0.868862015625 0.1188952375 0.8687309000000001 0.1205001703125 0.8669963328125 0.121964934375 0.8666031343749999 0.1267778953125 0.864866890625 0.12824251250000002 0.8647357734375 0.1298474453125 0.8662097875000001 0.1315926953125 0.8694183656250001 0.13187318125 0.8708923796875 0.13361842968749998 0.8707612625 0.1352233625 0.8737077609374999 0.1387118765625 0.8735766453125 0.140316809375 0.875050659375 0.142062059375 0.8749195437499999 0.14366699375 0.8778658890625 0.14715734687499998 0.87947101875 0.1472976625 0.8838915281249999 0.15253142343749998 0.8854966578125 0.152671740625 0.886968990625 0.15441684375 0.8885741203125 0.1545571609375 0.8900481359375 0.1563024109375 0.8980704234375001 0.1570036984375 0.8998066687499999 0.15553908125 0.9014117984375 0.1556793984375 0.9031463640625 0.154214634375 0.9063566249999999 0.1544952671875 0.9098274359375 0.1515658859375 0.911432565625 0.1517062015625 0.9131669812500001 0.1502432796875 0.9147721109375 0.1503835953125 0.9165083562499999 0.148918978125 0.91811180625 0.149059146875 0.9198480515625 0.1475945296875 0.91997916875 0.145989596875 0.9234516609375 0.1430603625 0.9235827765625 0.1414554296875 0.9287896828125 0.137063271875 0.9289208 0.1354583390625 0.9341278578125 0.131064340625 0.9357313062499999 0.13120451093750002 0.9358624234375 0.1295995765625 0.9393347640625 0.126672184375 0.9409382140625 0.126812353125 0.946145271875 0.1224183546875 0.9462763875 0.12081342343749998 0.953219540625 0.1149566484375 0.9548246703125001 0.1150969640625 0.9617679734375001 0.10923835 0.9665816843749999 0.10965915156249999 0.9700524953125 0.1067297703125 0.9701834609375 0.10512667656250001 0.9719197062499999 0.10366205937499999 0.9723130546875 0.0988472609375 0.9708390421875001 0.09710201093750001 0.971101275 0.09389214375 0.968154778125 0.0904036328125 0.966549646875 0.09026331562499999 0.9650756328125001 0.0885180640625 0.9653378671875 0.08530819843750001 0.9705449234374999 0.0809142015625 0.9706758890625 0.079311109375 0.9724121359375 0.0778464921875 0.9725432515625 0.0762415578125 0.9760140625 0.0733121765625 0.9774880781249999 0.0750574265625 0.97909320625 0.0751977421875 0.9805672203125001 0.0769429921875 0.9853809296874999 0.07736379531250001 0.98711549375 0.07589903125 0.991929203125 0.07631983437499999 0.99366545 0.074855215625 0.9968740296874999 0.0751357015625 0.9983480421875001 0.076880953125 1 0.0770253625 1 0.030155459375
3 0.8250886265625 0.9043237140624999 0.82053603125 0.960049934375 0.8840157625 0.956723103125 0.8878483625 0.9098100125 0.8250886265625 0.9043237140624999