4 0.32656219375 0.3531253359375 0.32656219375 0.34531244375000003 0.325 0.3437502234375 0.325 0.34062488750000003 0.32343780624999996 0.3390626671875 0.32343780624999996 0.33750044687499997 0.318750409375 0.3328128921875 0.281250409375 0.3328128921875 0.2781252046875 0.3359373328125 0.2781252046875 0.375 0.2796873984375 0.375 0.2828126015625 0.3781253359375 0.32656219375 0.3781253359375 0.3281252046875 0.3765622203125 0.3281252046875 0.35468755625 0.32656219375 0.3531253359375
4 0.5843747953125 0.49375022343749997 0.5843747953125 0.4484377796875 0.53906219375 0.4484377796875 0.53906219375 0.5 0.5593747953125 0.5 0.56093780625 0.5015622203125 0.57656219375 0.5015622203125 0.5781252046875001 0.5 0.5796873984375 0.5 0.5796873984375 0.4984377796875 0.5843747953125 0.49375022343749997
4 0.1843747953125 0.0812497765625 0.18593780625 0.07968755625 0.1906252046875 0.07968755625 0.1921873984375 0.0781253359375 0.1921873984375 0.07343777968750001 0.19375040937500002 0.07187466406250001 0.19375040937500002 0.06718710781250001 0.1921873984375 0.06562488749999999 0.1921873984375 0.062500446875 0.19375040937500002 0.0609373328125 0.19375040937500002 0.028125335937500003 0.16406219375 0.028125335937500003 0.1625 0.029687556250000004 0.1593747953125 0.029687556250000004 0.15781260156250002 0.031249776562499998 0.156250409375 0.031249776562499998 0.15468739843749998 0.0328128921875 0.1531252046875 0.0328128921875 0.1531252046875 0.0812497765625 0.1843747953125 0.0812497765625
4 0.8046873984375 0.6296875562500001 0.8203126015625 0.6296875562500001 0.8203126015625 0.57031244375 0.7828126015625 0.57031244375 0.7796873984375 0.5734377796875 0.77656219375 0.5734377796875 0.775 0.575 0.7656252046875001 0.575 0.76406219375 0.5765622203125 0.76406219375 0.6312497765625 0.8031252046875 0.6312497765625 0.8046873984375 0.6296875562500001
0 0.49843780625 0.2859373328125 0.49843780625 0.25468755625 0.406250409375 0.25468755625 0.406250409375 0.287500446875 0.4968747953125 0.287500446875 0.49843780625 0.2859373328125
0 0.36093780625 0.1609373328125 0.36093780625 0.19531244375 0.4531252046875 0.19531244375 0.4531252046875 0.1609373328125 0.36093780625 0.1609373328125
0 0.0171873984375 0.5265622203125 0.1046873984375 0.5265622203125 0.10625040937500001 0.525 0.10625040937500001 0.5234377796875 0.10781260156250001 0.5218746640624999 0.10781260156250001 0.49375022343749997 0.0171873984375 0.49375022343749997 0.0171873984375 0.5265622203125
4 0.7937504093750001 0.4640626671875 0.7937504093750001 0.5046875562500001 0.8406252046875 0.5046875562500001 0.8468747953125 0.4984377796875 0.8468747953125 0.45624977656250004 0.8140621937500001 0.45624977656250004 0.8109378062499999 0.45937511249999996 0.8093747953125 0.45937511249999996 0.8078126015624999 0.4609373328125 0.8046873984375 0.4609373328125 0.8031252046875 0.462500446875 0.79843780625 0.462500446875 0.7968747953124999 0.4640626671875 0.7937504093750001 0.4640626671875
4 0.1593747953125 0.52031244375 0.1593747953125 0.5187502234375 0.16093780625 0.5171871078125 0.16093780625 0.4765622203125 0.12031260156250001 0.4765622203125 0.12031260156250001 0.5218746640624999 0.1218747953125 0.5218746640624999 0.12343780625 0.5234377796875 0.15 0.5234377796875 0.15156219375 0.525 0.1531252046875 0.5234377796875 0.156250409375 0.5234377796875 0.1593747953125 0.52031244375
0 0.21406219375000002 0.3687502234375 0.21406219375000002 0.3515622203125 0.19531260156250002 0.3515622203125 0.19531260156250002 0.37031244375 0.2125 0.37031244375 0.21406219375000002 0.3687502234375
4 0.1593747953125 0.8359373328125 0.19843780625000002 0.8359373328125 0.20156219375 0.8328128921875001 0.20156219375 0.8312497765625 0.2031252046875 0.82968755625 0.2031252046875 0.7781253359375 0.1593747953125 0.7781253359375 0.1593747953125 0.8359373328125
4 0.2656252046875 0.0437502234375 0.2671873984375 0.04531244375 0.3 0.04531244375 0.3 0.004687556250000001 0.26406219375 0.004687556250000001 0.26406219375 0.0437502234375 0.2656252046875 0.0437502234375
4 0.5046873984375 0.4078128921875 0.5046873984375 0.3578128921875 0.4593747953125 0.3578128921875 0.4593747953125 0.40937511249999997 0.5031252046875 0.40937511249999997 0.5046873984375 0.4078128921875
4 0.31406219375 0.27031244375 0.31093780625 0.2671871078125 0.281250409375 0.2671871078125 0.281250409375 0.31093733281249997 0.31406219375 0.31093733281249997 0.31406219375 0.27031244375
0 0.143750409375 0.3265622203125 0.143750409375 0.31093733281249997 0.13281260156250002 0.31093733281249997 0.13281260156250002 0.3281253359375 0.1421873984375 0.3281253359375 0.143750409375 0.3265622203125
0 0.5546873984375 0.8078128921875001 0.5546873984375 0.8062497765625001 0.5578126015625 0.8031253359375 0.5578126015625 0.775 0.4671873984375 0.775 0.4671873984375 0.8078128921875001 0.5546873984375 0.8078128921875001
1 0.31093780625 0.1562497765625 0.3125 0.1578128921875 0.3125 0.1609373328125 0.31406219375 0.162500446875 0.31406219375 0.16562488749999998 0.318750409375 0.17031244375000001 0.318750409375 0.17187466406250002 0.3203126015625 0.17343777968750002 0.3203126015625 0.175 0.32343780624999996 0.1781253359375 0.32343780624999996 0.17968755625 0.325 0.18124977656250002 0.325 0.187500446875 0.32656219375 0.1890626671875 0.32656219375 0.1906248875 0.3296873984375 0.19375022343749998 0.3296873984375 0.19531244375 0.331250409375 0.1968746640625 0.331250409375 0.1984377796875 0.33281260156250003 0.2 0.33281260156250003 0.20156222031249998 0.33593780624999997 0.20468755624999999 0.33593780624999997 0.2062497765625 0.3375 0.2078128921875 0.3375 0.2093751125 0.343750409375 0.21562488750000003 0.343750409375 0.2187502234375 0.3453126015625 0.22031244375 0.3453126015625 0.2218746640625 0.35 0.2265622203125 0.35 0.23437511249999998 0.35468739843749997 0.23906266718750002 0.35468739843749997 0.24218710781250002 0.35625040937499997 0.24375022343750002 0.35625040937499997 0.2468746640625 0.3578126015625 0.2484377796875 0.3578126015625 0.25 0.3625 0.25468755625 0.3625 0.2593751125 0.3671873984375 0.26406266718750004 0.3671873984375 0.2656248875 0.368750409375 0.2671871078125 0.368750409375 0.2718746640625 0.37343780625 0.2765622203125 0.37343780625 0.27968755624999997 0.375 0.2812497765625 0.375 0.2859373328125 0.37656219375 0.287500446875 0.37656219375 0.2890626671875 0.3796873984375 0.2921871078125 0.3796873984375 0.2937502234375 0.381250409375 0.29531244375 0.381250409375 0.2968746640625 0.3875 0.3031253359375 0.3875 0.30624977656249996 0.38906219375 0.30781289218749996 0.38906219375 0.3093751125 0.3906252046875 0.31093733281249997 0.3906252046875 0.312500446875 0.3921873984375 0.31406266718750003 0.3921873984375 0.31718710781250004 0.393750409375 0.31875022343750004 0.393750409375 0.325 0.39531260156250003 0.3265622203125 0.39531260156250003 0.3281253359375 0.4 0.3328128921875 0.4 0.33437511249999996 0.40156219374999996 0.3359373328125 0.4031252046875 0.3359373328125 0.4046873984375 0.33750044687499997 0.4046873984375 0.3390626671875 0.406250409375 0.34062488750000003 0.406250409375 0.3437502234375 0.4078126015625 0.34531244375000003 0.4078126015625 0.3468746640625 0.4125 0.3515622203125 0.4125 0.3562497765625 0.41406219375 0.3578128921875 0.41406219375 0.3593751125 0.418750409375 0.3640626671875 0.418750409375 0.37031244375 0.4203126015625 0.3718746640625 0.4203126015625 0.3734377796875 0.4218747953125 0.3734377796875 0.42343780625000005 0.375 0.42343780625000005 0.3765622203125 0.425 0.3781253359375 0.425 0.3828128921875 0.43125040937500003 0.38906266718750004 0.43125040937500003 0.3921871078125 0.4328126015625 0.3937502234375 0.4328126015625 0.39531244375 0.4375 0.4 0.4375 0.40468755625 0.43906219375 0.40624977656250005 0.43906219375 0.40937511249999997 0.4406252046875 0.4109373328125 0.4406252046875 0.41250044687500004 0.4421873984375 0.4140626671875 0.4421873984375 0.4171871078125 0.44375040937500004 0.41875022343749996 0.44375040937500004 0.42187466406249996 0.44843780625 0.4265622203125 0.44843780625 0.4281253359375 0.45781260156250003 0.437500446875 0.4625 0.437500446875 0.46406219374999996 0.43906266718750003 0.46406219374999996 0.4312497765625 0.4625 0.42968755625000005 0.4625 0.425 0.46093780625 0.4234377796875 0.46093780625 0.42031244375 0.45625040937500005 0.41562488750000004 0.45625040937500005 0.4140626671875 0.4546873984375 0.41250044687500004 0.4546873984375 0.40937511249999997 0.4531252046875 0.4078128921875 0.4531252046875 0.40624977656250005 0.45156219374999995 0.40468755625 0.45156219374999995 0.40312533593750005 0.45 0.4015622203125 0.45 0.4 0.44843780625 0.3984377796875 0.44843780625 0.3968746640625 0.44375040937500004 0.3921871078125 0.44375040937500004 0.3906248875 0.4421873984375 0.38906266718750004 0.4421873984375 0.3828128921875 0.4406252046875 0.3812497765625 0.4406252046875 0.37968755625 0.43906219375 0.3781253359375 0.43906219375 0.3765622203125 0.4375 0.375 0.4375 0.3734377796875 0.43593780625 0.3718746640625 0.43593780625 0.37031244375 0.4343747953125 0.3687502234375 0.4343747953125 0.3671871078125 0.43125040937500003 0.3640626671875 0.43125040937500003 0.362500446875 0.4296873984375 0.36093733281249996 0.4296873984375 0.3578128921875 0.42812520468750004 0.3562497765625 0.42812520468750004 0.35468755625 0.42656219375 0.3531253359375 0.42656219375 0.3515622203125 0.42343780625000005 0.3484377796875 0.42343780625000005 0.34531244375000003 0.418750409375 0.34062488750000003 0.418750409375 0.3390626671875 0.41718739843749997 0.33750044687499997 0.41718739843749997 0.33437511249999996 0.41093780625000004 0.3281253359375 0.41093780625000004 0.3265622203125 0.4093747953125 0.325 0.4093747953125 0.3234377796875 0.406250409375 0.32031244375 0.406250409375 0.31718710781250004 0.4046873984375 0.3156248875 0.4046873984375 0.30781289218749996 0.4031252046875 0.30624977656249996 0.4031252046875 0.30468755625 0.40156219374999996 0.3031253359375 0.40156219374999996 0.3015622203125 0.3968747953125 0.2968746640625 0.3968747953125 0.29531244375 0.393750409375 0.2921871078125 0.393750409375 0.29062488750000004 0.3921873984375 0.2890626671875 0.3921873984375 0.287500446875 0.3906252046875 0.2859373328125 0.3906252046875 0.2828128921875 0.3875 0.27968755624999997 0.3875 0.2781253359375 0.38593780624999996 0.2765622203125 0.38593780624999996 0.2718746640625 0.38437479531249996 0.27031244375 0.38437479531249996 0.2687502234375 0.381250409375 0.2656248875 0.381250409375 0.26250044687499996 0.3796873984375 0.2609373328125 0.3796873984375 0.2578128921875 0.3781252046875 0.2562497765625 0.3781252046875 0.25468755625 0.37656219375 0.2531253359375 0.37656219375 0.2515622203125 0.37343780625 0.2484377796875 0.37343780625 0.2468746640625 0.3718747953125 0.24531244375 0.3718747953125 0.24375022343750002 0.3703126015625 0.24375022343750002 0.3671873984375 0.24062488750000002 0.3671873984375 0.23906266718750002 0.36562520468750004 0.237500446875 0.36562520468750004 0.23281289218749998 0.36093780625 0.2281253359375 0.36093780625 0.2265622203125 0.35625040937499997 0.2218746640625 0.35625040937499997 0.22031244375 0.3531252046875 0.2171871078125 0.3531252046875 0.21562488750000003 0.35156219375000003 0.21406266718750003 0.35156219375000003 0.21250044687499997 0.35 0.2109373328125 0.35 0.2078128921875 0.34843780625 0.2062497765625 0.34843780625 0.20156222031249998 0.3468747953125 0.2 0.3468747953125 0.1968746640625 0.3453126015625 0.19531244375 0.3453126015625 0.19375022343749998 0.343750409375 0.19218710781249998 0.343750409375 0.1890626671875 0.3421873984375 0.187500446875 0.3421873984375 0.18124977656250002 0.3375 0.1765622203125 0.3375 0.175 0.33281260156250003 0.17031244375000001 0.33281260156250003 0.16875022343749999 0.3296873984375 0.16562488749999998 0.3296873984375 0.1593751125 0.3281252046875 0.1578128921875 0.3281252046875 0.15468755625 0.32656219375 0.1531253359375 0.32656219375 0.1515622203125 0.318750409375 0.1437502234375 0.318750409375 0.1406248875 0.3171873984375 0.1390626671875 0.3171873984375 0.1312497765625 0.3156252046875 0.12968755625 0.3156252046875 0.1281253359375 0.31406219375 0.1265622203125 0.3125 0.1265622203125 0.31093780625 0.125 0.3093747953125 0.125 0.3078126015625 0.1234377796875 0.30156219375000004 0.1234377796875 0.3 0.125 0.3 0.1406248875 0.306250409375 0.1468746640625 0.306250409375 0.1484377796875 0.3078126015625 0.15 0.3078126015625 0.1515622203125 0.31093780625 0.15468755625 0.31093780625 0.1562497765625
0 0.23906219375 0.0578128921875 0.23906219375 0.0390626671875 0.225 0.0390626671875 0.225 0.05937511250000001 0.2375 0.05937511250000001 0.23906219375 0.0578128921875
5 0.5375 0.7156248875 0.5375 0.7781253359375 0.8046873984375 0.7781253359375 0.8046873984375 0.7156248875 0.5375 0.7156248875
5 0.17968739843749998 0.6937502234374999 0.181250409375 0.69531244375 0.2046873984375 0.69531244375 0.2046873984375 0.6890626671875 0.206250409375 0.687500446875 0.206250409375 0.6828128921875 0.2078126015625 0.6812497765625001 0.2078126015625 0.67968755625 0.20937479531249997 0.6781253359375 0.20937479531249997 0.6765622203125 0.21562520468750002 0.67031244375 0.21562520468750002 0.6687502234375 0.21718739843749998 0.6671871078125 0.21718739843749998 0.6218746640624999 0.0921873984375 0.6218746640624999 0.0921873984375 0.69531244375 0.10156219375 0.69531244375 0.1031252046875 0.6937502234374999 0.15468739843749998 0.6937502234374999 0.156250409375 0.6921871078125 0.1703126015625 0.6921871078125 0.1718747953125 0.6937502234374999 0.17968739843749998 0.6937502234374999
4 0.25 0.9109373328125001 0.25 0.9734377796875 0.29843780625 0.9734377796875 0.29843780625 0.9078128921875 0.2546873984375 0.9078128921875 0.25156219375 0.9109373328125001 0.25 0.9109373328125001
4 0.17968739843749998 0.2171871078125 0.1406252046875 0.2171871078125 0.1406252046875 0.2578128921875 0.156250409375 0.2578128921875 0.15781260156250002 0.2562497765625 0.17343780625 0.2562497765625 0.175 0.25468755625 0.17812520468749998 0.25468755625 0.17968739843749998 0.2531253359375 0.17968739843749998 0.2171871078125
4 0.46406219374999996 0.5640626671875 0.46406219374999996 0.5296875562500001 0.4625 0.5281253359375 0.4625 0.5234377796875 0.46406219374999996 0.5218746640624999 0.46406219374999996 0.5156248875 0.4625 0.5140626671875 0.4625 0.5125004468750001 0.46093780625 0.5109373328125 0.46093780625 0.5093751125 0.4593747953125 0.5078128921875 0.42343780625000005 0.5078128921875 0.42343780625000005 0.5093751125 0.4218747953125 0.5109373328125 0.4218747953125 0.5609373328125 0.4406252046875 0.5609373328125 0.4421873984375 0.562500446875 0.44843780625 0.562500446875 0.45 0.5640626671875 0.46406219374999996 0.5640626671875
0 0.21562520468750002 0.21250044687499997 0.21875040937499998 0.2093751125 0.21875040937499998 0.20312533593749998 0.21718739843749998 0.20156222031249998 0.21718739843749998 0.19218710781249998 0.14843780625 0.19218710781249998 0.14843780625 0.21406266718750003 0.15781260156250002 0.21406266718750003 0.1593747953125 0.21250044687499997 0.16875040937500002 0.21250044687499997 0.1703126015625 0.21406266718750003 0.2031252046875 0.21406266718750003 0.2046873984375 0.21250044687499997 0.21562520468750002 0.21250044687499997
5 0.057812601562499996 0.4078128921875 0.057812601562499996 0.48593733281249996 0.1921873984375 0.48593733281249996 0.1921873984375 0.4078128921875 0.057812601562499996 0.4078128921875
0 0.0625 0.7718746640624999 0.05937479531249999 0.775 0.057812601562499996 0.775 0.057812601562499996 0.7765622203125 0.0406252046875 0.7937502234375 0.03906219375 0.7937502234375 0.0343747953125 0.7984377796875 0.0328126015625 0.7984377796875 0.031250409374999996 0.8 0.029687398437500002 0.8 0.0171873984375 0.8125004468749999 0.015625204687499998 0.8125004468749999 0.014062193749999998 0.8140626671875 0.0125 0.8140626671875 0.0078126015625 0.8187502234374999 0.0046873984374999995 0.8187502234374999 0.0031252046875 0.82031244375 0.00156219375 0.82031244375 0.00156219375 0.8578128921875001 0.014062193749999998 0.8578128921875001 0.014062193749999998 0.8562497765625 0.0125 0.85468755625 0.0125 0.8515622203125 0.014062193749999998 0.85 0.0218747953125 0.85 0.025 0.8468746640625 0.0281252046875 0.8468746640625 0.029687398437500002 0.8453124437499999 0.031250409374999996 0.8453124437499999 0.0328126015625 0.8437502234375 0.0343747953125 0.8437502234375 0.0421873984375 0.8359373328125 0.043750409375 0.8359373328125 0.06406219375 0.8156248875 0.06562520468750001 0.8156248875 0.06562520468750001 0.8140626671875 0.075 0.80468755625 0.07656219375 0.80468755625 0.0781252046875 0.8031253359375 0.0796873984375 0.8031253359375 0.0843747953125 0.7984377796875 0.0875 0.7984377796875 0.0906252046875 0.79531244375 0.0906252046875 0.7593751125 0.075 0.7593751125 0.07187479531249999 0.7625004468750001 0.0703126015625 0.7625004468750001 0.068750409375 0.7640626671875 0.068750409375 0.7656248875 0.0671873984375 0.7671871078125 0.06562520468750001 0.7671871078125 0.0625 0.77031244375 0.0625 0.7718746640624999
0 0.36562520468750004 0.1312497765625 0.3671873984375 0.12968755625 0.3718747953125 0.12968755625 0.3718747953125 0.10937511250000001 0.35468739843749997 0.10937511250000001 0.35468739843749997 0.1312497765625 0.36562520468750004 0.1312497765625
5 0.8718747953125 0.425 0.8718747953125 0.4281253359375 0.8703126015624999 0.42968755625000005 0.8703126015624999 0.49531244374999994 0.9984378062499999 0.49531244374999994 0.9984378062499999 0.4234377796875 0.8703126015624999 0.4234377796875 0.8718747953125 0.425
1 0.3828126015625 0.5187502234375 0.3781252046875 0.5234377796875 0.37656219375 0.5234377796875 0.375 0.525 0.37343780625 0.525 0.3718747953125 0.5265622203125 0.3703126015625 0.5265622203125 0.368750409375 0.5281253359375 0.3671873984375 0.5281253359375 0.36562520468750004 0.5296875562500001 0.36406219375000004 0.5296875562500001 0.3625 0.5312497765625 0.36093780625 0.5312497765625 0.3593747953125 0.5328128921874999 0.3578126015625 0.5328128921874999 0.35468739843749997 0.5359373328125 0.3531252046875 0.5359373328125 0.35156219375000003 0.537500446875 0.35 0.537500446875 0.34843780625 0.5390626671875001 0.3468747953125 0.5390626671875001 0.343750409375 0.5421871078125 0.3421873984375 0.5421871078125 0.3406252046875 0.5437502234375 0.33906219375 0.5437502234375 0.3343747953125 0.5484377796875 0.33281260156250003 0.5484377796875 0.32656219375 0.55468755625 0.325 0.55468755625 0.32343780624999996 0.5562497765625001 0.32187479531249996 0.5562497765625001 0.318750409375 0.5593751124999999 0.318750409375 0.562500446875 0.3171873984375 0.5640626671875 0.3171873984375 0.5656248875000001 0.318750409375 0.5671871078125 0.318750409375 0.5687502234374999 0.3203126015625 0.57031244375 0.325 0.57031244375 0.32656219375 0.5687502234374999 0.3343747953125 0.5687502234374999 0.33593780624999997 0.5671871078125 0.3406252046875 0.5671871078125 0.3421873984375 0.5656248875000001 0.3421873984375 0.5640626671875 0.3453126015625 0.5609373328125 0.3468747953125 0.5609373328125 0.35156219375000003 0.5562497765625001 0.3531252046875 0.5562497765625001 0.35468739843749997 0.55468755625 0.3578126015625 0.55468755625 0.3593747953125 0.5531253359375 0.3625 0.5531253359375 0.36406219375000004 0.5515622203125 0.36562520468750004 0.5515622203125 0.3671873984375 0.55 0.3703126015625 0.55 0.3718747953125 0.5484377796875 0.375 0.5484377796875 0.37656219375 0.5468746640625 0.3781252046875 0.5468746640625 0.3796873984375 0.54531244375 0.381250409375 0.54531244375 0.38437479531249996 0.5421871078125 0.38906219375 0.5421871078125 0.3906252046875 0.5406248875 0.3921873984375 0.5406248875 0.393750409375 0.5390626671875001 0.39531260156250003 0.5390626671875001 0.3968747953125 0.537500446875 0.39843780624999997 0.537500446875 0.4 0.5359373328125 0.40156219374999996 0.5359373328125 0.4031252046875 0.5343751125 0.4046873984375 0.5343751125 0.4093747953125 0.5296875562500001 0.41093780625000004 0.5296875562500001 0.4125 0.5281253359375 0.4125 0.5265622203125 0.41718739843749997 0.5218746640624999 0.41718739843749997 0.52031244375 0.418750409375 0.5187502234375 0.418750409375 0.5171871078125 0.4203126015625 0.5156248875 0.4218747953125 0.5156248875 0.42343780625000005 0.5140626671875 0.42343780625000005 0.5125004468750001 0.425 0.5109373328125 0.425 0.5093751125 0.42656219375 0.5078128921875 0.42656219375 0.5046875562500001 0.425 0.5031253359375001 0.425 0.49531244374999994 0.42343780625000005 0.49375022343749997 0.42343780625000005 0.4921871078125 0.4125 0.4921871078125 0.4093747953125 0.49531244374999994 0.4078126015625 0.49531244374999994 0.40156219374999996 0.5015622203125 0.40156219374999996 0.5031253359375001 0.39843780624999997 0.5062497765625 0.3968747953125 0.5062497765625 0.38437479531249996 0.5187502234375 0.3828126015625 0.5187502234375
5 0.5046873984375 0.14531244375000002 0.506250409375 0.1437502234375 0.506250409375 0.1234377796875 0.36093780625 0.1234377796875 0.3593747953125 0.125 0.3593747953125 0.15 0.5031252046875 0.15 0.50156219375 0.1484377796875 0.50156219375 0.1468746640625 0.5031252046875 0.14531244375000002 0.5046873984375 0.14531244375000002
0 0.29375040937499997 0.6078128921875 0.29375040937499997 0.6312497765625 0.3703126015625 0.6312497765625 0.3703126015625 0.6078128921875 0.29375040937499997 0.6078128921875
0 0.7546873984375 0.4078128921875 0.768750409375 0.4078128921875 0.7703126015625 0.40624977656250005 0.7718747953125 0.40624977656250005 0.77343780625 0.40468755625 0.77343780625 0.38906266718750004 0.7546873984375 0.38906266718750004 0.7546873984375 0.4078128921875
0 0.54843780625 0.40312533593750005 0.54843780625 0.3859373328125 0.53593780625 0.3859373328125 0.53593780625 0.40468755625 0.5468747953124999 0.40468755625 0.54843780625 0.40312533593750005
5 0.5031252046875 0.225 0.5046873984375 0.2265622203125 0.6218747953125 0.2265622203125 0.6218747953125 0.1843751125 0.49062520468750004 0.1843751125 0.48906219375 0.1859373328125 0.468750409375 0.1859373328125 0.4671873984375 0.187500446875 0.46406219374999996 0.187500446875 0.4625 0.1890626671875 0.4593747953125 0.1890626671875 0.45781260156250003 0.187500446875 0.45781260156250003 0.1859373328125 0.45625040937500005 0.1843751125 0.3593747953125 0.1843751125 0.3593747953125 0.2265622203125 0.3828126015625 0.2265622203125 0.38437479531249996 0.225 0.4093747953125 0.225 0.41093780625000004 0.2265622203125 0.45781260156250003 0.2265622203125 0.4593747953125 0.225 0.5031252046875 0.225
0 0.22187479531249998 0.1265622203125 0.22187479531249998 0.14531244375000002 0.2343747953125 0.14531244375000002 0.2343747953125 0.1265622203125 0.22187479531249998 0.1265622203125
3 0.6453126015625 0.4234377796875 0.6453126015625 0.3968746640625 0.6062504093750001 0.3968746640625 0.6062504093750001 0.43906266718750003 0.6406252046875001 0.43906266718750003 0.6406252046875001 0.437500446875 0.6421873984375 0.43593733281249997 0.6421873984375 0.4343751125 0.643750409375 0.43281289218749996 0.643750409375 0.425 0.6453126015625 0.4234377796875
0 0.47656219375 0.4671871078125 0.47656219375 0.4890626671875 0.48906219375 0.4890626671875 0.48906219375 0.4671871078125 0.47656219375 0.4671871078125
5 0.4843747953125 0.5140626671875 0.5343747953125 0.5140626671875 0.53593780625 0.5125004468750001 0.53593780625 0.5109373328125 0.5375 0.5093751125 0.5375 0.4984377796875 0.4843747953125 0.4984377796875 0.4843747953125 0.5140626671875
0 0.35625040937499997 0.2859373328125 0.3578126015625 0.2859373328125 0.36093780625 0.2828128921875 0.36093780625 0.27031244375 0.3593747953125 0.2687502234375 0.35625040937499997 0.2687502234375 0.35468739843749997 0.2671871078125 0.3531252046875 0.2671871078125 0.35 0.26406266718750004 0.35 0.26250044687499996 0.34843780625 0.2609373328125 0.34843780625 0.2562497765625 0.3421873984375 0.2562497765625 0.3421873984375 0.2812497765625 0.343750409375 0.2828128921875 0.343750409375 0.28437511249999997 0.3453126015625 0.2859373328125 0.34843780625 0.2859373328125 0.35 0.287500446875 0.35468739843749997 0.287500446875 0.35625040937499997 0.2859373328125
4 0.3078126015625 0.2484377796875 0.3078126015625 0.23593733281249998 0.306250409375 0.23437511249999998 0.306250409375 0.23281289218749998 0.30312520468750004 0.22968755624999998 0.30312520468750004 0.2281253359375 0.3 0.225 0.3 0.2234377796875 0.268750409375 0.2234377796875 0.268750409375 0.25468755625 0.29375040937499997 0.25468755625 0.2968747953125 0.2515622203125 0.29843780625 0.2515622203125 0.3 0.25 0.30312520468750004 0.25 0.3046873984375 0.2484377796875 0.3078126015625 0.2484377796875
1 0.4093747953125 0.7718746640624999 0.4 0.7812497765625 0.39843780624999997 0.7812497765625 0.3968747953125 0.7828128921874999 0.39531260156250003 0.7828128921874999 0.393750409375 0.7843751125 0.3906252046875 0.7843751125 0.3875 0.787500446875 0.38593780624999996 0.787500446875 0.38437479531249996 0.7890626671875001 0.381250409375 0.7890626671875001 0.3781252046875 0.7921871078125 0.37656219375 0.7921871078125 0.375 0.7937502234375 0.3718747953125 0.7937502234375 0.3703126015625 0.79531244375 0.368750409375 0.79531244375 0.3671873984375 0.7968746640625 0.36562520468750004 0.7968746640625 0.36406219375000004 0.7984377796875 0.3625 0.7984377796875 0.36093780625 0.8 0.3578126015625 0.8 0.35625040937499997 0.8015622203125 0.3531252046875 0.8015622203125 0.35156219375000003 0.8031253359375 0.35 0.8031253359375 0.34843780625 0.80468755625 0.3468747953125 0.80468755625 0.3453126015625 0.8062497765625001 0.3421873984375 0.8062497765625001 0.3406252046875 0.8078128921875001 0.33906219375 0.8078128921875001 0.3375 0.8093751125 0.33593780624999997 0.8093751125 0.3343747953125 0.8109373328125 0.33281260156250003 0.8109373328125 0.3296873984375 0.8140626671875 0.3281252046875 0.8140626671875 0.325 0.8171871078124999 0.32343780624999996 0.8171871078124999 0.3203126015625 0.82031244375 0.318750409375 0.82031244375 0.3125 0.8265622203125 0.31093780625 0.8265622203125 0.31093780625 0.8281253359375 0.3093747953125 0.82968755625 0.3078126015625 0.82968755625 0.3046873984375 0.8328128921875001 0.30312520468750004 0.8328128921875001 0.2968747953125 0.8390626671874999 0.2953126015625 0.8390626671874999 0.29375040937499997 0.8406248875 0.29375040937499997 0.8421871078125 0.29218739843749997 0.8437502234375 0.2906252046875 0.8437502234375 0.28593780625 0.8484377796875 0.2843747953125 0.8484377796875 0.2828126015625 0.85 0.281250409375 0.85 0.2796873984375 0.8515622203125 0.2781252046875 0.8515622203125 0.27656219375 0.8531253359375001 0.275 0.8531253359375001 0.27343780624999997 0.85468755625 0.2718747953125 0.85468755625 0.27031260156250003 0.8562497765625 0.26406219375 0.8562497765625 0.26093780624999996 0.8593751125000001 0.25937479531249996 0.8593751125000001 0.2578126015625 0.8609373328125001 0.256250409375 0.8609373328125001 0.2531252046875 0.8640626671874999 0.25156219375 0.8640626671874999 0.25 0.8656248874999999 0.2453126015625 0.8656248874999999 0.24375040937499998 0.8671871078125 0.24375040937499998 0.8703124437499999 0.24218739843749998 0.8718746640624999 0.24218739843749998 0.8843751125000001 0.2406252046875 0.8859373328125001 0.2406252046875 0.8906248874999999 0.23906219375 0.8921871078124999 0.2656252046875 0.8921871078124999 0.2671873984375 0.8906248874999999 0.2671873984375 0.887500446875 0.27656219375 0.8781253359375001 0.2843747953125 0.8781253359375001 0.28593780625 0.8765622203125 0.28593780625 0.875 0.2875 0.8734377796875 0.28906219375000003 0.8734377796875 0.2906252046875 0.8718746640624999 0.29218739843749997 0.8718746640624999 0.29843780625 0.8656248874999999 0.3 0.8656248874999999 0.30312520468750004 0.8625004468749999 0.30312520468750004 0.8609373328125001 0.3046873984375 0.8593751125000001 0.306250409375 0.8593751125000001 0.3093747953125 0.8562497765625 0.3093747953125 0.85468755625 0.3203126015625 0.8437502234375 0.32187479531249996 0.8437502234375 0.325 0.8406248875 0.32656219375 0.8406248875 0.3296873984375 0.8375004468749999 0.331250409375 0.8375004468749999 0.33281260156250003 0.8359373328125 0.3343747953125 0.8359373328125 0.33906219375 0.8312497765625 0.3406252046875 0.8312497765625 0.3421873984375 0.82968755625 0.343750409375 0.82968755625 0.3453126015625 0.8281253359375 0.3468747953125 0.8281253359375 0.34843780625 0.8265622203125 0.35 0.8265622203125 0.35156219375000003 0.825 0.35468739843749997 0.825 0.35625040937499997 0.8234377796875 0.3578126015625 0.8234377796875 0.3593747953125 0.8218746640625 0.3625 0.8218746640625 0.36562520468750004 0.8187502234374999 0.3671873984375 0.8187502234374999 0.368750409375 0.8171871078124999 0.3718747953125 0.8171871078124999 0.37343780625 0.8156248875 0.375 0.8156248875 0.37656219375 0.8140626671875 0.3781252046875 0.8140626671875 0.38437479531249996 0.8078128921875001 0.38593780624999996 0.8078128921875001 0.3875 0.8062497765625001 0.3906252046875 0.8062497765625001 0.3921873984375 0.80468755625 0.3968747953125 0.80468755625 0.39843780624999997 0.8031253359375 0.4 0.8031253359375 0.40156219374999996 0.8015622203125 0.4031252046875 0.8015622203125 0.4093747953125 0.79531244375 0.41093780625000004 0.79531244375 0.4156252046875 0.7906248875 0.41718739843749997 0.7906248875 0.418750409375 0.7890626671875001 0.4203126015625 0.7890626671875001 0.4203126015625 0.787500446875 0.43125040937500003 0.7765622203125 0.43125040937500003 0.7671871078125 0.4328126015625 0.7656248875 0.4328126015625 0.7625004468750001 0.43125040937500003 0.7609373328125 0.43125040937500003 0.7578128921875 0.4296873984375 0.7562497765625 0.42812520468750004 0.7562497765625 0.425 0.7593751125 0.42343780625000005 0.7593751125 0.418750409375 0.7640626671875 0.41718739843749997 0.7640626671875 0.41406219375 0.7671871078125 0.41406219375 0.7687502234375 0.41093780625000004 0.7718746640624999 0.4093747953125 0.7718746640624999
5 0.4593747953125 0.8015622203125 0.4593747953125 0.8359373328125 0.7312504093750001 0.8359373328125 0.7312504093750001 0.8015622203125 0.4593747953125 0.8015622203125
5 0.4031252046875 0.2984377796875 0.406250409375 0.3015622203125 0.406250409375 0.3031253359375 0.4078126015625 0.30468755625 0.5781252046875001 0.30468755625 0.5781252046875001 0.2781253359375 0.4031252046875 0.2781253359375 0.4031252046875 0.2984377796875
1 0.19687479531250002 0.9109373328125001 0.20156219375 0.9109373328125001 0.2031252046875 0.912500446875 0.22187479531249998 0.912500446875 0.22343780624999998 0.9109373328125001 0.22343780624999998 0.8843751125000001 0.16875040937500002 0.8843751125000001 0.1671873984375 0.8859373328125001 0.1656252046875 0.8859373328125001 0.16406219375 0.887500446875 0.1625 0.887500446875 0.16093780625 0.8890626671874999 0.16093780625 0.912500446875 0.19531260156250002 0.912500446875 0.19687479531250002 0.9109373328125001
0 0.6281252046875 0.4906248875 0.6281252046875 0.4734377796875 0.61093780625 0.4734377796875 0.61093780625 0.5015622203125 0.6218747953125 0.5015622203125 0.6218747953125 0.5 0.62343780625 0.4984377796875 0.62343780625 0.49687466406249997 0.62656219375 0.49375022343749997 0.62656219375 0.4921871078125 0.6281252046875 0.4906248875
3 0.2125 0.3671871078125 0.2125 0.40312533593750005 0.2406252046875 0.40312533593750005 0.2406252046875 0.3671871078125 0.2125 0.3671871078125
5 0.025 0.5781253359375 0.025 0.6015622203125 0.0781252046875 0.6015622203125 0.0796873984375 0.6 0.17656219374999998 0.6 0.17812520468749998 0.6015622203125 0.21562520468750002 0.6015622203125 0.21562520468750002 0.5781253359375 0.025 0.5781253359375
0 0.8375 0.4312497765625 0.83906219375 0.42968755625000005 0.8406252046875 0.42968755625000005 0.8421873984375001 0.4281253359375 0.843750409375 0.4281253359375 0.8468747953125 0.425 0.8468747953125 0.4078128921875 0.818750409375 0.4078128921875 0.818750409375 0.437500446875 0.8265621937500001 0.437500446875 0.8281252046875001 0.43593733281249997 0.8296873984375001 0.43593733281249997 0.831250409375 0.4343751125 0.8328126015624999 0.4343751125 0.8359378062499999 0.4312497765625 0.8375 0.4312497765625
0 0.61093780625 0.6343751125 0.6171873984375 0.6281253359375001 0.6171873984375 0.6078128921875 0.6062504093750001 0.6078128921875 0.60156219375 0.612500446875 0.6 0.612500446875 0.6 0.6375004468750001 0.60156219375 0.6375004468750001 0.6031252046875 0.6359373328125 0.6078126015625 0.6359373328125 0.6093747953124999 0.6343751125 0.61093780625 0.6343751125
0 0.21406219375000002 0.6906248875000001 0.21406219375000002 0.712500446875 0.22812520468750003 0.712500446875 0.22812520468750003 0.6906248875000001 0.21406219375000002 0.6906248875000001
0 0.268750409375 0.0781253359375 0.2656252046875 0.075 0.2578126015625 0.075 0.2578126015625 0.1171871078125 0.25937479531249996 0.1187502234375 0.27343780624999997 0.1187502234375 0.275 0.1171871078125 0.27656219375 0.1171871078125 0.27656219375 0.0843751125 0.27031260156250003 0.0781253359375 0.268750409375 0.0781253359375
3 0.22656219375000003 0.2484377796875 0.22656219375000003 0.2921871078125 0.2453126015625 0.2921871078125 0.2453126015625 0.2484377796875 0.22656219375000003 0.2484377796875
4 0.6953126015625 0.36093733281249996 0.64843780625 0.36093733281249996 0.64843780625 0.3921871078125 0.6531252046875 0.3921871078125 0.6546873984375 0.3937502234375 0.6671873984375 0.3937502234375 0.6687504093750001 0.39531244375 0.6921873984375 0.39531244375 0.6953126015625 0.3921871078125 0.6953126015625 0.36093733281249996
5 0.59843780625 0.42968755625000005 0.59843780625 0.40312533593750005 0.53593780625 0.40312533593750005 0.53593780625 0.4312497765625 0.56093780625 0.4312497765625 0.5625 0.42968755625000005 0.5781252046875001 0.42968755625000005 0.5796873984375 0.4312497765625 0.5953126015625 0.4312497765625 0.5968747953125 0.42968755625000005 0.59843780625 0.42968755625000005
3 0.7953126015625 0.5031253359375001 0.7609378062500001 0.5031253359375001 0.7609378062500001 0.5609373328125 0.7625 0.5609373328125 0.7703126015625 0.5687502234374999 0.7718747953125 0.5687502234374999 0.77343780625 0.57031244375 0.77343780625 0.5718746640625 0.7953126015625 0.5718746640625 0.7953126015625 0.5031253359375001
5 0.2843747953125 0.6312497765625 0.2843747953125 0.6546875562500001 0.4546873984375 0.6546875562500001 0.4546873984375 0.6484377796875 0.45625040937500005 0.6468746640624999 0.45625040937500005 0.6375004468750001 0.4546873984375 0.6359373328125 0.4546873984375 0.6312497765625 0.2843747953125 0.6312497765625
0 0.8046873984375 0.5062497765625 0.8046873984375 0.5265622203125 0.8156252046875 0.5265622203125 0.8156252046875 0.5062497765625 0.8046873984375 0.5062497765625
0 0.21875040937499998 0.2765622203125 0.22187479531249998 0.2734377796875 0.22343780624999998 0.2734377796875 0.22343780624999998 0.2578128921875 0.15156219375 0.2578128921875 0.15156219375 0.2765622203125 0.21875040937499998 0.2765622203125
0 0.643750409375 0.9031253359375 0.6453126015625 0.9015622203125 0.6578126015625 0.9015622203125 0.6578126015625 0.8781253359375001 0.5828126015625 0.8781253359375001 0.5828126015625 0.9031253359375 0.643750409375 0.9031253359375
3 0.2531252046875 0.07187466406250001 0.2328126015625 0.07187466406250001 0.2328126015625 0.10624977656250001 0.2343747953125 0.10781289218750001 0.23593780625 0.10781289218750001 0.2375 0.10937511250000001 0.23906219375 0.10937511250000001 0.2406252046875 0.1109373328125 0.2531252046875 0.1109373328125 0.2531252046875 0.07187466406250001
0 0.1671873984375 0.887500446875 0.16875040937500002 0.8859373328125001 0.1718747953125 0.8859373328125001 0.1718747953125 0.8671871078125 0.1593747953125 0.8671871078125 0.1593747953125 0.887500446875 0.1671873984375 0.887500446875
1 0.5953126015625 0.42968755625000005 0.5968747953125 0.4281253359375 0.5968747953125 0.4140626671875 0.5343747953125 0.4140626671875 0.5343747953125 0.4312497765625 0.5546873984375 0.4312497765625 0.556250409375 0.42968755625000005 0.5796873984375 0.42968755625000005 0.581250409375 0.4312497765625 0.5921873984375 0.4312497765625 0.593750409375 0.42968755625000005 0.5953126015625 0.42968755625000005
5 0.41718739843749997 0.6031253359375001 0.37656219375 0.6031253359375001 0.37656219375 0.6187502234375 0.3828126015625 0.6187502234375 0.38437479531249996 0.6171871078125 0.39843780624999997 0.6171871078125 0.4 0.6187502234375 0.4156252046875 0.6187502234375 0.41718739843749997 0.6171871078125 0.41718739843749997 0.6031253359375001
0 0.42812520468750004 0.031249776562499998 0.425 0.0343751125 0.42343780625000005 0.0343751125 0.4203126015625 0.037500446874999996 0.4156252046875 0.037500446874999996 0.41093780625000004 0.0421871078125 0.4093747953125 0.0421871078125 0.406250409375 0.04531244375 0.4046873984375 0.04531244375 0.4 0.05 0.39843780624999997 0.05 0.3968747953125 0.0515622203125 0.39531260156250003 0.0515622203125 0.3921873984375 0.054687556250000005 0.3921873984375 0.0812497765625 0.4093747953125 0.0812497765625 0.4156252046875 0.075 0.41718739843749997 0.075 0.418750409375 0.07343777968750001 0.4203126015625 0.07343777968750001 0.4218747953125 0.07187466406250001 0.42343780625000005 0.07187466406250001 0.42656219375 0.06875022343750001 0.42812520468750004 0.06875022343750001 0.4296873984375 0.06718710781250001 0.43125040937500003 0.06718710781250001 0.4328126015625 0.06562488749999999 0.4343747953125 0.06562488749999999 0.4343747953125 0.0640626671875 0.4375 0.0609373328125 0.43906219375 0.0609373328125 0.4453126015625 0.054687556250000005 0.44687479531249996 0.054687556250000005 0.45156219374999995 0.05 0.4531252046875 0.05 0.4625 0.0406248875 0.4625 0.0390626671875 0.4656252046875 0.0359373328125 0.468750409375 0.0359373328125 0.4703126015625 0.0343751125 0.47343780625000004 0.0343751125 0.475 0.0359373328125 0.475 0.029687556250000004 0.47343780625000004 0.029687556250000004 0.4718747953125 0.028125335937500003 0.4703126015625 0.028125335937500003 0.468750409375 0.026562220312500003 0.468750409375 0.025 0.4671873984375 0.0234377796875 0.4671873984375 0.017187107812499998 0.468750409375 0.0156248875 0.468750409375 0.014062667187499999 0.4671873984375 0.012499553125 0.4671873984375 0.009375112500000001 0.4656252046875 0.0078128921875 0.4656252046875 0.0062497765625 0.44687479531249996 0.0062497765625 0.4453126015625 0.0078128921875 0.4453126015625 0.009375112500000001 0.44375040937500004 0.0109373328125 0.44375040937500004 0.014062667187499999 0.4421873984375 0.0156248875 0.4421873984375 0.018750223437499998 0.4296873984375 0.031249776562499998 0.42812520468750004 0.031249776562499998
5 0.19687479531250002 0.40312533593750005 0.19687479531250002 0.37968755625 0.029687398437500002 0.37968755625 0.029687398437500002 0.40468755625 0.19531260156250002 0.40468755625 0.19687479531250002 0.40312533593750005
1 0.6984378062500001 0.362500446875 0.6984378062500001 0.3421871078125 0.5781252046875001 0.3421871078125 0.5781252046875001 0.36093733281249996 0.6171873984375 0.36093733281249996 0.618750409375 0.362500446875 0.67343780625 0.362500446875 0.675 0.36093733281249996 0.6796873984375 0.36093733281249996 0.681250409375 0.362500446875 0.6984378062500001 0.362500446875
2 0.6171873984375 0.4343751125 0.6171873984375 0.43281289218749996 0.6203126015625 0.42968755625000005 0.6359378062500001 0.42968755625000005 0.6375 0.4312497765625 0.6468747953125 0.4312497765625 0.65 0.4343751125 0.65156219375 0.4343751125 0.656250409375 0.43906266718750003 0.656250409375 0.4406248875 0.6578126015625 0.44218710781250004 0.6593747953125 0.44218710781250004 0.6656252046875 0.4484377796875 0.6671873984375 0.4484377796875 0.6703126015625 0.4515622203125 0.6703126015625 0.45312533593750004 0.6718747953124999 0.45312533593750004 0.67343780625 0.45468755625 0.675 0.45468755625 0.6796873984375 0.45937511249999996 0.681250409375 0.45937511249999996 0.6828126015625 0.4609373328125 0.6843747953125 0.4609373328125 0.68906219375 0.46562488750000003 0.6906252046875 0.46562488750000003 0.6921873984375 0.4671871078125 0.6953126015625 0.4671871078125 0.6968747953125 0.46875022343749995 0.6984378062500001 0.46875022343749995 0.7031252046875001 0.4734377796875 0.7046873984375 0.4734377796875 0.7078126015625 0.4765622203125 0.7078126015625 0.47812533593750006 0.7093747953125 0.47812533593750006 0.7156252046875 0.4843751125 0.718750409375 0.4843751125 0.7203126015625 0.48593733281249996 0.72343780625 0.48593733281249996 0.72656219375 0.4890626671875 0.7281252046875 0.4890626671875 0.73593780625 0.49687466406249997 0.7375 0.49687466406249997 0.7390621937499999 0.4984377796875 0.7406252046875 0.4984377796875 0.743750409375 0.5015622203125 0.743750409375 0.5031253359375001 0.7453126015625 0.5046875562500001 0.7468747953125 0.5046875562500001 0.74843780625 0.5062497765625 0.75 0.5062497765625 0.7531252046875 0.5093751125 0.756250409375 0.5093751125 0.7578126015625 0.5109373328125 0.7593747953125 0.5109373328125 0.7609378062500001 0.5125004468750001 0.7625 0.5125004468750001 0.7703126015625 0.52031244375 0.7703126015625 0.5234377796875 0.768750409375 0.525 0.768750409375 0.5265622203125 0.7656252046875001 0.5296875562500001 0.76406219375 0.5296875562500001 0.7625 0.5312497765625 0.7609378062500001 0.5312497765625 0.7593747953125 0.5328128921874999 0.7578126015625 0.5328128921874999 0.7468747953125 0.5437502234375 0.7453126015625 0.5437502234375 0.7421873984375 0.5468746640625 0.7406252046875 0.5468746640625 0.7390621937499999 0.5484377796875 0.7375 0.5484377796875 0.73593780625 0.55 0.7328126015625 0.55 0.7312504093750001 0.5515622203125 0.7296873984375 0.5515622203125 0.72656219375 0.55468755625 0.725 0.55468755625 0.72343780625 0.5562497765625001 0.7203126015625 0.5562497765625001 0.7156252046875 0.5609373328125 0.71406219375 0.5609373328125 0.7125 0.562500446875 0.71093780625 0.562500446875 0.7093747953125 0.5640626671875 0.7078126015625 0.5640626671875 0.7031252046875001 0.5687502234374999 0.70156219375 0.5687502234374999 0.7 0.57031244375 0.6984378062500001 0.57031244375 0.6953126015625 0.5734377796875 0.693750409375 0.5734377796875 0.6921873984375 0.575 0.6906252046875 0.575 0.68593780625 0.57968755625 0.6843747953125 0.57968755625 0.6828126015625 0.5812497765625 0.681250409375 0.5812497765625 0.6796873984375 0.5828128921875 0.6781252046875 0.5828128921875 0.675 0.5859373328124999 0.67343780625 0.5859373328124999 0.6718747953124999 0.587500446875 0.6703126015625 0.587500446875 0.6687504093750001 0.5890626671875 0.6671873984375 0.5890626671875 0.66406219375 0.5921871078125001 0.6625 0.5921871078125001 0.66093780625 0.5937502234375 0.6578126015625 0.5937502234375 0.6531252046875 0.5984377796875 0.65156219375 0.5984377796875 0.65 0.6 0.6468747953125 0.6 0.643750409375 0.6031253359375001 0.643750409375 0.60468755625 0.6421873984375 0.6062497765625 0.6671873984375 0.6062497765625 0.6687504093750001 0.60468755625 0.6703126015625 0.60468755625 0.6718747953124999 0.6031253359375001 0.67343780625 0.6031253359375001 0.6765621937499999 0.6 0.6781252046875 0.6 0.681250409375 0.5968746640625 0.6828126015625 0.5968746640625 0.68593780625 0.5937502234375 0.6875 0.5937502234375 0.68906219375 0.5921871078125001 0.6906252046875 0.5921871078125001 0.6921873984375 0.5906248875 0.693750409375 0.5906248875 0.6984378062500001 0.5859373328124999 0.70156219375 0.5859373328124999 0.7031252046875001 0.5843751125 0.7046873984375 0.5843751125 0.7093747953125 0.57968755625 0.7125 0.57968755625 0.71406219375 0.5781253359375 0.7156252046875 0.5781253359375 0.7203126015625 0.5734377796875 0.7218747953125 0.5734377796875 0.72343780625 0.5718746640625 0.725 0.5718746640625 0.72656219375 0.57031244375 0.7281252046875 0.57031244375 0.7312504093750001 0.5671871078125 0.7328126015625 0.5671871078125 0.7343747953124999 0.5656248875000001 0.73593780625 0.5656248875000001 0.7390621937499999 0.562500446875 0.7406252046875 0.562500446875 0.74843780625 0.55468755625 0.75 0.55468755625 0.75156219375 0.5531253359375 0.7531252046875 0.5531253359375 0.756250409375 0.55 0.7578126015625 0.55 0.7593747953125 0.5484377796875 0.7609378062500001 0.55 0.76406219375 0.55 0.7718747953125 0.5578128921875 0.7718747953125 0.5593751124999999 0.77656219375 0.5640626671875 0.77656219375 0.5656248875000001 0.7781252046875 0.5671871078125 0.781250409375 0.5671871078125 0.7828126015625 0.5656248875000001 0.7843747953125 0.5656248875000001 0.78593780625 0.5640626671875 0.7875 0.5640626671875 0.7906252046875 0.5609373328125 0.7906252046875 0.5593751124999999 0.7921873984375 0.5578128921875 0.7906252046875 0.5562497765625001 0.7906252046875 0.5515622203125 0.78906219375 0.55 0.78906219375 0.5484377796875 0.7875 0.5468746640625 0.7875 0.54531244375 0.78593780625 0.5437502234375 0.78593780625 0.5421871078125 0.7843747953125 0.5406248875 0.7843747953125 0.5390626671875001 0.78906219375 0.5343751125 0.78906219375 0.5328128921874999 0.7906252046875 0.5312497765625 0.7906252046875 0.5187502234375 0.78906219375 0.5171871078125 0.78906219375 0.5156248875 0.7875 0.5140626671875 0.7875 0.5125004468750001 0.7843747953125 0.5093751125 0.7843747953125 0.5015622203125 0.78593780625 0.5 0.78593780625 0.49375022343749997 0.77656219375 0.49375022343749997 0.77343780625 0.49687466406249997 0.7718747953125 0.49687466406249997 0.7703126015625 0.4984377796875 0.7625 0.4984377796875 0.7593747953125 0.49531244374999994 0.7578126015625 0.49531244374999994 0.756250409375 0.49375022343749997 0.7546873984375 0.49375022343749997 0.7531252046875 0.4921871078125 0.75156219375 0.4921871078125 0.7468747953125 0.48750044687500005 0.7453126015625 0.48750044687500005 0.7406252046875 0.4828128921875 0.7390621937499999 0.4828128921875 0.73593780625 0.47968755625000004 0.7343747953124999 0.47968755625000004 0.7312504093750001 0.4765622203125 0.7281252046875 0.4765622203125 0.72656219375 0.475 0.72343780625 0.475 0.7218747953125 0.4734377796875 0.7203126015625 0.4734377796875 0.71406219375 0.4671871078125 0.71406219375 0.46562488750000003 0.7125 0.4640626671875 0.7125 0.4609373328125 0.7093747953125 0.4578128921875 0.706250409375 0.4578128921875 0.7046873984375 0.45624977656250004 0.70156219375 0.45624977656250004 0.7 0.45468755625 0.6968747953125 0.45468755625 0.693750409375 0.4515622203125 0.6921873984375 0.4515622203125 0.6906252046875 0.45 0.6875 0.45 0.6843747953125 0.4468746640625 0.6828126015625 0.4468746640625 0.6796873984375 0.4437502234375 0.6781252046875 0.4437502234375 0.6765621937499999 0.44218710781250004 0.675 0.44218710781250004 0.6718747953124999 0.43906266718750003 0.6687504093750001 0.43906266718750003 0.6671873984375 0.437500446875 0.6656252046875 0.437500446875 0.66093780625 0.43281289218749996 0.66093780625 0.42968755625000005 0.6593747953125 0.4281253359375 0.6593747953125 0.4265622203125 0.6531252046875 0.42031244375 0.656250409375 0.4171871078125 0.6593747953125 0.4171871078125 0.66093780625 0.41562488750000004 0.681250409375 0.41562488750000004 0.6828126015625 0.4140626671875 0.6906252046875 0.4140626671875 0.6953126015625 0.40937511249999997 0.6953126015625 0.4078128921875 0.6921873984375 0.40468755625 0.6906252046875 0.40468755625 0.68906219375 0.40312533593750005 0.6703126015625 0.40312533593750005 0.6687504093750001 0.4015622203125 0.66093780625 0.4015622203125 0.6593747953125 0.40312533593750005 0.6453126015625 0.40312533593750005 0.643750409375 0.4015622203125 0.6421873984375 0.4015622203125 0.6406252046875001 0.4 0.6218747953125 0.4 0.6203126015625 0.4015622203125 0.6171873984375 0.4015622203125 0.6156252046875 0.40312533593750005 0.6140621937499999 0.40312533593750005 0.6140621937499999 0.44218710781250004 0.6156252046875 0.4406248875 0.6156252046875 0.43593733281249997 0.6171873984375 0.4343751125
5 0.7718747953125 0.45 0.77656219375 0.45 0.7781252046875 0.4484377796875 0.781250409375 0.4484377796875 0.781250409375 0.4312497765625 0.7046873984375 0.4312497765625 0.70156219375 0.4343751125 0.70156219375 0.4515622203125 0.71093780625 0.4515622203125 0.7125 0.45 0.7203126015625 0.45 0.7218747953125 0.4515622203125 0.7703126015625 0.4515622203125 0.7718747953125 0.45
1 0.13437479531250002 0.3437502234375 0.16875040937500002 0.3437502234375 0.1703126015625 0.3421871078125 0.1718747953125 0.3421871078125 0.17343780625 0.34062488750000003 0.17343780625 0.32968755625 0.13437479531250002 0.32968755625 0.13437479531250002 0.3437502234375
2 0.6156252046875 0.4015622203125 0.6140621937499999 0.40312533593750005 0.6125 0.40312533593750005 0.6078126015625 0.4078128921875 0.6078126015625 0.4140626671875 0.6062504093750001 0.41562488750000004 0.6078126015625 0.4171871078125 0.6078126015625 0.42187466406249996 0.6062504093750001 0.4234377796875 0.6062504093750001 0.4343751125 0.6046873984375 0.43593733281249997 0.6046873984375 0.437500446875 0.6031252046875 0.43906266718750003 0.6031252046875 0.44218710781250004 0.6062504093750001 0.44531244374999995 0.6093747953124999 0.44531244374999995 0.61093780625 0.4437502234375 0.6125 0.4437502234375 0.6156252046875 0.4406248875 0.6156252046875 0.43906266718750003 0.6171873984375 0.437500446875 0.6171873984375 0.43593733281249997 0.6218747953125 0.4312497765625 0.62343780625 0.4312497765625 0.625 0.42968755625000005 0.6328126015625 0.42968755625000005 0.6343747953125 0.4312497765625 0.6421873984375 0.4312497765625 0.643750409375 0.43281289218749996 0.6453126015625 0.43281289218749996 0.6468747953125 0.4343751125 0.64843780625 0.4343751125 0.65 0.43593733281249997 0.65156219375 0.43593733281249997 0.66406219375 0.4484377796875 0.6656252046875 0.4484377796875 0.6718747953124999 0.45468755625 0.67343780625 0.45468755625 0.6781252046875 0.45937511249999996 0.6796873984375 0.45937511249999996 0.681250409375 0.4609373328125 0.6828126015625 0.4609373328125 0.6875 0.46562488750000003 0.6906252046875 0.46562488750000003 0.6921873984375 0.4671871078125 0.693750409375 0.4671871078125 0.6953126015625 0.46875022343749995 0.6968747953125 0.46875022343749995 0.6984378062500001 0.47031244375 0.7 0.47031244375 0.706250409375 0.4765622203125 0.706250409375 0.47812533593750006 0.7125 0.4843751125 0.71406219375 0.4843751125 0.7156252046875 0.48593733281249996 0.7203126015625 0.48593733281249996 0.7218747953125 0.48750044687500005 0.72343780625 0.48750044687500005 0.72656219375 0.4906248875 0.7281252046875 0.4906248875 0.7343747953124999 0.49687466406249997 0.73593780625 0.49687466406249997 0.7390621937499999 0.5 0.7406252046875 0.5 0.7421873984375 0.5015622203125 0.7421873984375 0.5031253359375001 0.7468747953125 0.5078128921875 0.74843780625 0.5078128921875 0.75 0.5093751125 0.75156219375 0.5093751125 0.7531252046875 0.5109373328125 0.7593747953125 0.5109373328125 0.768750409375 0.52031244375 0.768750409375 0.5265622203125 0.7656252046875001 0.5296875562500001 0.76406219375 0.5296875562500001 0.7625 0.5312497765625 0.7593747953125 0.5312497765625 0.75156219375 0.5390626671875001 0.75156219375 0.5406248875 0.74843780625 0.5437502234375 0.7468747953125 0.5437502234375 0.7453126015625 0.54531244375 0.743750409375 0.54531244375 0.7421873984375 0.5468746640625 0.7406252046875 0.5468746640625 0.7390621937499999 0.5484377796875 0.73593780625 0.5484377796875 0.7343747953124999 0.55 0.7312504093750001 0.55 0.7296873984375 0.5515622203125 0.7281252046875 0.5515622203125 0.725 0.55468755625 0.7218747953125 0.55468755625 0.7203126015625 0.5562497765625001 0.718750409375 0.5562497765625001 0.71406219375 0.5609373328125 0.7125 0.5609373328125 0.71093780625 0.562500446875 0.7093747953125 0.562500446875 0.7046873984375 0.5671871078125 0.7031252046875001 0.5671871078125 0.70156219375 0.5687502234374999 0.7 0.5687502234374999 0.6984378062500001 0.57031244375 0.6968747953125 0.57031244375 0.693750409375 0.5734377796875 0.6921873984375 0.5734377796875 0.6906252046875 0.575 0.68906219375 0.575 0.68593780625 0.5781253359375 0.6843747953125 0.5781253359375 0.6828126015625 0.57968755625 0.681250409375 0.57968755625 0.6796873984375 0.5812497765625 0.6781252046875 0.5812497765625 0.6765621937499999 0.5828128921875 0.675 0.5828128921875 0.6703126015625 0.587500446875 0.6671873984375 0.587500446875 0.6656252046875 0.5890626671875 0.66406219375 0.5890626671875 0.66093780625 0.5921871078125001 0.6593747953125 0.5921871078125001 0.6578126015625 0.5937502234375 0.6546873984375 0.5937502234375 0.6531252046875 0.5953124437499999 0.65156219375 0.5953124437499999 0.64843780625 0.5984377796875 0.6468747953125 0.5984377796875 0.643750409375 0.6015622203125 0.6421873984375 0.6015622203125 0.6421873984375 0.6031253359375001 0.6406252046875001 0.60468755625 0.63906219375 0.60468755625 0.631250409375 0.612500446875 0.6296873984375 0.612500446875 0.6281252046875 0.6140626671875 0.62656219375 0.6140626671875 0.62656219375 0.6156248875 0.6203126015625 0.6218746640624999 0.6125 0.6218746640624999 0.61093780625 0.6234377796875 0.6093747953124999 0.6234377796875 0.6062504093750001 0.6265622203125 0.6062504093750001 0.6281253359375001 0.6 0.6343751125 0.6 0.6359373328125 0.5968747953125 0.6390626671875 0.5953126015625 0.6390626671875 0.5921873984375 0.6421871078125 0.5906252046875 0.6421871078125 0.58906219375 0.6437502234375 0.5843747953125 0.6437502234375 0.5828126015625 0.64531244375 0.5796873984375 0.64531244375 0.5781252046875001 0.6468746640624999 0.57656219375 0.6468746640624999 0.575 0.6484377796875 0.5734378062500001 0.6484377796875 0.5718747953125 0.65 0.5703126015625 0.65 0.568750409375 0.6515622203125 0.5671873984375 0.6515622203125 0.5656252046875 0.6531253359375 0.56406219375 0.6531253359375 0.5625 0.6546875562500001 0.56093780625 0.6546875562500001 0.5593747953125 0.6562497765625 0.5578126015625 0.6562497765625 0.556250409375 0.6578128921874999 0.5546873984375 0.6578128921874999 0.5515621937499999 0.6609373328125 0.55 0.6609373328125 0.54843780625 0.662500446875 0.5468747953124999 0.662500446875 0.5453126015625 0.6640626671875001 0.5437504093750001 0.6640626671875001 0.5375 0.67031244375 0.5375 0.6718746640625 0.5343747953125 0.675 0.5328126015625 0.675 0.531250409375 0.6765622203125 0.52656219375 0.6765622203125 0.525 0.6781253359375 0.5218747953125 0.6781253359375 0.5203126015625 0.67968755625 0.5156252046875001 0.67968755625 0.5156252046875001 0.6812497765625001 0.51406219375 0.6828128921875 0.51406219375 0.6859373328125 0.5125 0.687500446875 0.5125 0.6921871078125 0.52656219375 0.6921871078125 0.5328126015625 0.6859373328125 0.53593780625 0.6859373328125 0.5375 0.6843751124999999 0.5515621937499999 0.6843751124999999 0.5531252046875 0.6828128921875 0.5546873984375 0.6828128921875 0.5578126015625 0.67968755625 0.5593747953125 0.67968755625 0.56093780625 0.6781253359375 0.5625 0.6781253359375 0.568750409375 0.6718746640625 0.568750409375 0.67031244375 0.5703126015625 0.6687502234375 0.5718747953125 0.6687502234375 0.5734378062500001 0.6671871078125 0.575 0.6671871078125 0.5796873984375 0.662500446875 0.581250409375 0.662500446875 0.5828126015625 0.6609373328125 0.5843747953125 0.6609373328125 0.58906219375 0.6562497765625 0.5906252046875 0.6562497765625 0.6 0.6468746640624999 0.60156219375 0.6468746640624999 0.6031252046875 0.64531244375 0.6031252046875 0.6437502234375 0.6046873984375 0.6421871078125 0.6062504093750001 0.6421871078125 0.61093780625 0.6375004468750001 0.6125 0.6375004468750001 0.6140621937499999 0.6359373328125 0.6156252046875 0.6359373328125 0.6218747953125 0.6296875562500001 0.62656219375 0.6296875562500001 0.6281252046875 0.6281253359375001 0.631250409375 0.6281253359375001 0.6343747953125 0.625 0.6375 0.625 0.63906219375 0.6234377796875 0.6421873984375 0.6234377796875 0.643750409375 0.6218746640624999 0.6453126015625 0.6218746640624999 0.64843780625 0.6187502234375 0.65156219375 0.6187502234375 0.6531252046875 0.6171871078125 0.6546873984375 0.6171871078125 0.6578126015625 0.6140626671875 0.6593747953125 0.6140626671875 0.6625 0.6109373328125 0.66406219375 0.6109373328125 0.6703126015625 0.60468755625 0.67343780625 0.60468755625 0.675 0.6031253359375001 0.6765621937499999 0.6031253359375001 0.681250409375 0.5984377796875 0.6828126015625 0.5984377796875 0.6875 0.5937502234375 0.68906219375 0.5937502234375 0.6906252046875 0.5921871078125001 0.6921873984375 0.5921871078125001 0.693750409375 0.5906248875 0.6953126015625 0.5906248875 0.6984378062500001 0.587500446875 0.7 0.587500446875 0.70156219375 0.5859373328124999 0.7031252046875001 0.5859373328124999 0.7046873984375 0.5843751125 0.706250409375 0.5843751125 0.7093747953125 0.5812497765625 0.71093780625 0.5812497765625 0.7125 0.57968755625 0.71406219375 0.57968755625 0.7156252046875 0.5781253359375 0.7171873984375 0.5781253359375 0.7218747953125 0.5734377796875 0.725 0.5734377796875 0.72656219375 0.5718746640625 0.7281252046875 0.5718746640625 0.7328126015625 0.5671871078125 0.7343747953124999 0.5671871078125 0.73593780625 0.5656248875000001 0.7375 0.5656248875000001 0.7390621937499999 0.5640626671875 0.7406252046875 0.5640626671875 0.75156219375 0.5531253359375 0.7531252046875 0.5531253359375 0.756250409375 0.55 0.7578126015625 0.55 0.7593747953125 0.5484377796875 0.7609378062500001 0.55 0.76406219375 0.55 0.7671873984375 0.5531253359375 0.768750409375 0.5531253359375 0.7718747953125 0.5562497765625001 0.77343780625 0.5562497765625001 0.775 0.5578128921875 0.77656219375 0.5578128921875 0.7781252046875 0.5593751124999999 0.7796873984375 0.5593751124999999 0.781250409375 0.5609373328125 0.78906219375 0.5609373328125 0.7906252046875 0.5593751124999999 0.7906252046875 0.55468755625 0.78906219375 0.5531253359375 0.7875 0.5531253359375 0.7843747953125 0.55 0.7843747953125 0.5468746640625 0.7828126015625 0.54531244375 0.7828126015625 0.5437502234375 0.781250409375 0.5421871078125 0.781250409375 0.5390626671875001 0.7843747953125 0.5359373328125 0.78593780625 0.5359373328125 0.78906219375 0.5328128921874999 0.78906219375 0.5312497765625 0.7906252046875 0.5296875562500001 0.7906252046875 0.5156248875 0.78906219375 0.5140626671875 0.78906219375 0.5125004468750001 0.7875 0.5109373328125 0.7875 0.5093751125 0.78593780625 0.5078128921875 0.78593780625 0.4984377796875 0.7875 0.49687466406249997 0.7875 0.49531244374999994 0.78593780625 0.49375022343749997 0.7796873984375 0.49375022343749997 0.7781252046875 0.49531244374999994 0.77656219375 0.49531244374999994 0.77343780625 0.4984377796875 0.7718747953125 0.4984377796875 0.7703126015625 0.5 0.76406219375 0.5 0.7593747953125 0.49531244374999994 0.756250409375 0.49531244374999994 0.7546873984375 0.49375022343749997 0.75156219375 0.49375022343749997 0.75 0.4921871078125 0.74843780625 0.4921871078125 0.7421873984375 0.48593733281249996 0.7421873984375 0.4843751125 0.7375 0.47968755625000004 0.7375 0.47812533593750006 0.73593780625 0.4765622203125 0.7343747953124999 0.4765622203125 0.7328126015625 0.475 0.7296873984375 0.475 0.7281252046875 0.4734377796875 0.7218747953125 0.4734377796875 0.7203126015625 0.47187466406249995 0.718750409375 0.47187466406249995 0.7125 0.46562488750000003 0.7125 0.462500446875 0.71093780625 0.4609373328125 0.7093747953125 0.4609373328125 0.706250409375 0.4578128921875 0.7031252046875001 0.4578128921875 0.70156219375 0.45624977656250004 0.6968747953125 0.45624977656250004 0.6921873984375 0.4515622203125 0.6906252046875 0.4515622203125 0.68906219375 0.45 0.6875 0.45 0.68593780625 0.4484377796875 0.6843747953125 0.4484377796875 0.681250409375 0.44531244374999995 0.6796873984375 0.44531244374999995 0.6781252046875 0.4437502234375 0.675 0.4437502234375 0.67343780625 0.44218710781250004 0.6718747953124999 0.44218710781250004 0.6703126015625 0.4406248875 0.6687504093750001 0.4406248875 0.6671873984375 0.43906266718750003 0.6656252046875 0.43906266718750003 0.66093780625 0.4343751125 0.66093780625 0.42968755625000005 0.6625 0.4281253359375 0.6625 0.4265622203125 0.66093780625 0.425 0.66093780625 0.42187466406249996 0.6656252046875 0.4171871078125 0.6765621937499999 0.4171871078125 0.6781252046875 0.41562488750000004 0.6828126015625 0.41562488750000004 0.6843747953125 0.4140626671875 0.68906219375 0.4140626671875 0.693750409375 0.40937511249999997 0.6906252046875 0.40624977656250005 0.68906219375 0.40624977656250005 0.6875 0.40468755625 0.6656252046875 0.40468755625 0.66406219375 0.40312533593750005 0.6625 0.40468755625 0.6578126015625 0.40468755625 0.656250409375 0.40312533593750005 0.65 0.40312533593750005 0.64843780625 0.4015622203125 0.6453126015625 0.4015622203125 0.6421873984375 0.3984377796875 0.6421873984375 0.3968746640625 0.6406252046875001 0.39531244375 0.631250409375 0.39531244375 0.6296873984375 0.3968746640625 0.62656219375 0.3968746640625 0.625 0.3984377796875 0.62343780625 0.3984377796875 0.6218747953125 0.4 0.618750409375 0.4 0.6171873984375 0.4015622203125 0.6156252046875 0.4015622203125
1 0.7343747953124999 0.5328128921874999 0.73593780625 0.5343751125 0.7375 0.5343751125 0.7390621937499999 0.5359373328125 0.743750409375 0.5359373328125 0.7453126015625 0.5343751125 0.7468747953125 0.5343751125 0.74843780625 0.5328128921874999 0.74843780625 0.5312497765625 0.75 0.5296875562500001 0.75 0.5265622203125 0.74843780625 0.525 0.74843780625 0.5234377796875 0.743750409375 0.5187502234375 0.7421873984375 0.5187502234375 0.73593780625 0.5125004468750001 0.7343747953124999 0.5125004468750001 0.7281252046875 0.5062497765625 0.7125 0.5062497765625 0.7125 0.5171871078125 0.71406219375 0.5171871078125 0.7203126015625 0.5234377796875 0.7218747953125 0.5234377796875 0.7281252046875 0.5296875562500001 0.7296873984375 0.5296875562500001 0.7328126015625 0.5328128921874999 0.7343747953124999 0.5328128921874999
1 0.706250409375 0.3656248875 0.75 0.3656248875 0.75 0.35 0.74843780625 0.3484377796875 0.74843780625 0.3468746640625 0.7453126015625 0.3437502234375 0.706250409375 0.3437502234375 0.706250409375 0.3656248875
4 0.00156219375 0.0015622203124999999 0.00156219375 0.06562488749999999 0.043750409375 0.06562488749999999 0.043750409375 0.0015622203124999999 0.00156219375 0.0015622203124999999
1 0.8046873984375 0.5390626671875001 0.8609378062499999 0.5390626671875001 0.8625 0.537500446875 0.86406219375 0.537500446875 0.8656252046875 0.5359373328125 0.8656252046875 0.5234377796875 0.8046873984375 0.5234377796875 0.8046873984375 0.5390626671875001
1 0.77343780625 0.45 0.775 0.4484377796875 0.7796873984375 0.4484377796875 0.781250409375 0.4468746640625 0.7828126015625 0.4468746640625 0.7828126015625 0.43281289218749996 0.7046873984375 0.43281289218749996 0.7046873984375 0.4515622203125 0.7078126015625 0.4515622203125 0.7093747953125 0.45 0.7218747953125 0.45 0.72343780625 0.4515622203125 0.76406219375 0.4515622203125 0.7656252046875001 0.45 0.77343780625 0.45
5 0.015625204687499998 0.5265622203125 0.015625204687499998 0.5390626671875001 0.1031252046875 0.5390626671875001 0.1031252046875 0.5265622203125 0.015625204687499998 0.5265622203125
0 0.3281252046875 0.587500446875 0.3281252046875 0.5859373328124999 0.3296873984375 0.5843751125 0.3296873984375 0.5765622203125 0.3281252046875 0.575 0.3281252046875 0.5718746640625 0.32656219375 0.57031244375 0.32656219375 0.5687502234374999 0.325 0.5671871078125 0.325 0.5656248875000001 0.32343780624999996 0.5640626671875 0.32343780624999996 0.562500446875 0.31406219375 0.562500446875 0.31406219375 0.5640626671875 0.3125 0.5656248875000001 0.3125 0.5671871078125 0.306250409375 0.5734377796875 0.306250409375 0.5906248875 0.32656219375 0.5906248875 0.32656219375 0.5890626671875 0.3281252046875 0.587500446875
5 0.7046873984375 0.34062488750000003 0.7031252046875001 0.3390626671875 0.6968747953125 0.3390626671875 0.6953126015625 0.33750044687499997 0.6921873984375 0.33750044687499997 0.6906252046875 0.3359373328125 0.5796873984375 0.3359373328125 0.5796873984375 0.362500446875 0.6031252046875 0.362500446875 0.6046873984375 0.36093733281249996 0.61093780625 0.36093733281249996 0.6125 0.362500446875 0.71093780625 0.362500446875 0.71093780625 0.34062488750000003 0.7046873984375 0.34062488750000003
5 0.6125 0.70468755625 0.6156252046875 0.70468755625 0.6171873984375 0.7062497765625 0.6203126015625 0.7062497765625 0.6218747953125 0.7078128921875 0.62343780625 0.7078128921875 0.625 0.7093751125 0.62656219375 0.7093751125 0.6281252046875 0.7109373328124999 0.7531252046875 0.7109373328124999 0.7531252046875 0.6843751124999999 0.75156219375 0.6828128921875 0.75156219375 0.6765622203125 0.75 0.675 0.75 0.6734377796875 0.74843780625 0.6718746640625 0.74843780625 0.67031244375 0.7453126015625 0.6671871078125 0.743750409375 0.6671871078125 0.7421873984375 0.6656248875 0.72343780625 0.6656248875 0.7218747953125 0.6671871078125 0.706250409375 0.6671871078125 0.7046873984375 0.6656248875 0.62343780625 0.6656248875 0.62343780625 0.6671871078125 0.6218747953125 0.6687502234375 0.6218747953125 0.6718746640625 0.625 0.675 0.625 0.6781253359375 0.6218747953125 0.6812497765625001 0.6125 0.6812497765625001 0.6125 0.70468755625
5 0.5671873984375 0.9015622203125 0.5671873984375 0.9390626671875 0.9546873984375001 0.9390626671875 0.9546873984375001 0.9015622203125 0.5671873984375 0.9015622203125
3 0.8562504093750001 0.4343751125 0.8562504093750001 0.43593733281249997 0.8781252046875 0.43593733281249997 0.8781252046875 0.4015622203125 0.8546873984375001 0.4015622203125 0.8546873984375001 0.43281289218749996 0.8562504093750001 0.4343751125