1 0.344171246875 0.0560455984375 0.4013606765625 0.3385693453125 0.41648798749999993 0.33369813593750003 0.3554731828125 0.053517245312499996 0.344171246875 0.0560455984375
1 0.3338001671875 0.34615466562499997 0.18189946562499998 0.179070915625 0.163822940625 0.18826300625 0.3231053359375 0.352225090625 0.3338001671875 0.34615466562499997
1 0.60682836875 0.63928856875 0.5844648625 0.6431948000000001 0.5909494203125 0.682383215625 0.61517266875 0.6774858859374999 0.60682836875 0.63928856875
1 0.6623766375 0.62853864375 0.6323594734375 0.634501 0.6380177875 0.6757518234375001 0.6651181359375 0.66961714375 0.6623766375 0.62853864375
1 0.5486350609375 0.788841896875 0.531059996875 0.793421234375 0.5399702328125 0.8404318703125 0.5559967578125 0.8364107515624999 0.5486350609375 0.788841896875
1 0.41181318593749994 0.7978022140625 0.4286847671875 0.791406340625 0.4246830265625 0.7736301890624999 0.43426764531249995 0.7751049859375 0.446549725 0.7466353171875 0.42728326250000004 0.7529819328125 0.4023390390625 0.7728790515624999 0.41181318593749994 0.7978022140625
5 0.3967788625 0.6292785890625 0.40979627812499997 0.693947925 0.4280846609375 0.6899664921875 0.41506724375 0.6252971546875 0.3967788625 0.6292785890625
1 0.3834459875 0.6907130765625 0.3836302390625 0.6894491359375 0.3784138140625 0.6458847203125 0.36220341718750004 0.648887175 0.3709748796875 0.69387576875 0.3834459875 0.6907130765625
0 0.381477996875 0.6776197578125001 0.38593782656250003 0.6926567859375 0.40484898906250005 0.6878315265625 0.40095811406250004 0.6721642265625001 0.381477996875 0.6776197578125001
1 0.3092549625 0.4806103828125 0.29643371093750004 0.4830355578125 0.29899786875 0.504245715625 0.3106335859375 0.501541946875 0.3092549625 0.4806103828125
1 0.30753314375 0.5058379515625 0.232068271875 0.7109907062499999 0.24293279843749999 0.7137189453125 0.3195500671875 0.5175325625 0.30753314375 0.5058379515625
1 0.29639804999999997 0.6160352171875 0.2872506453125 0.60685804375 0.243649915625 0.7194507859375 0.2534022734375 0.7254210875 0.2545496703125 0.7253749625 0.29639804999999997 0.6160352171875
5 0.1376662484375 0.5695940859374999 0.1729095140625 0.744679421875 0.189439584375 0.741080778125 0.1541963171875 0.56599544375 0.1376662484375 0.5695940859374999
1 0.23414925625 0.6782291265625 0.234647621875 0.6788463046875 0.23136968906250002 0.64838896875 0.21371465625 0.6524407734375 0.219037134375 0.681622746875 0.23414925625 0.6782291265625
1 0.3095235203125 0.6784608921874999 0.2949869203125 0.6815273890625 0.3004320828125 0.7086285640625001 0.3131863390625 0.70526936875 0.3095235203125 0.6784608921874999
0 0.32361405625 0.5760273953125 0.320054359375 0.5915534375 0.33577053125 0.59414654375 0.342231053125 0.5787284171875 0.32361405625 0.5760273953125
2 0.8123699421874999 0.65585046875 0.3433691359375 0.5318540421875 0.3282833609375 0.5381840703125 0.2664465125 0.715521825 0.2758717640625 0.724290809375 0.342570196875 0.545995590625 0.7900310953125 0.6620384453125 0.028780914062500003 0.8342704624999999 0.032168321875 0.851098803125 0.806153409375 0.6705769593750001 0.8123699421874999 0.65585046875
5 0.3004822390625 0.250787146875 0.3224022109375 0.2460151046875 0.30652566875 0.1671418890625 0.28629154843750004 0.171546915625 0.2910208453125 0.195041625 0.2896727234375 0.1970864578125 0.3004822390625 0.250787146875
5 0.1732885296875 0.09980584375 0.18240903749999998 0.1451156890625 0.1810599484375 0.14716073125 0.1837623265625 0.1605859046875 0.1857870546875 0.1618973734375 0.1864625171875 0.16525300625 0.20163713906249997 0.1619494484375 0.1877875140625 0.093145771875 0.1776704546875 0.09534828437500001 0.1763223296875 0.0973931171875 0.174636478125 0.0977601328125 0.1732885296875 0.09980584375
1 0 0.658344159375 0.1756489671875 0.1816050390625 0.15449283281249998 0.1840998234375 0 0.6214018718750001 0 0.658344159375
2 0.3600665234375 0.34130244374999996 0.3732065953125 0.33842713281250003 0.31848074375 0.0674007671875 0.30458633281249997 0.0720494421875 0.36021028125 0.32577970624999997 0.2144907015625 0.175245371875 0.1984887484375 0.17694375625 0.0036245812500000003 0.7092960984375 0.0080382515625 0.7312228078125 0.20625777812499999 0.18916774218750002 0.3600665234375 0.34130244374999996
1 0.4919496609375 0.713524553125 0.2594814015625 0.7666032359375 0.2563029140625 0.781753634375 0.48310738124999997 0.7302611796875 0.4831698390625 0.7303209734375 0.4919496609375 0.713524553125
1 0.026082862499999998 0.8208667921874999 0.4901704640625 0.7145650875 0.4998435828125 0.6955934953125 0.0227517296875 0.8043180234375 0.026082862499999998 0.8208667921874999
1 0.49711040781250004 0.6969747390625 0.490502675 0.7153588015625 0.5886696031249999 0.6928701687500001 0.597526125 0.6743506609375001 0.49711040781250004 0.6969747390625
1 0.384121640625 0.49922660468749996 0.35093047187500004 0.4923215015625 0.3443758109375 0.511415096875 0.37442838906250003 0.51908513125 0.384121640625 0.49922660468749996
1 0.8321832375 0.625663253125 0.38335379999999997 0.5009579546875 0.373701909375 0.5183717437500001 0.8159216 0.6354299421875 0.8321832375 0.625663253125
4 0.14938079531249998 0.21711852656250002 0.1490428875 0.21543982968750003 0.1517401 0.21134995625 0.15106446093749998 0.2079934421875 0.1524124078125 0.20594773281249998 0.15173694531249998 0.20259209843749998 0.15578210625 0.1964565125 0.1469993296875 0.152824484375 0.0812394109375 0.16714060625 0.0940756671875 0.23090995312499998 0.148032671875 0.21916335937500003 0.14938079531249998 0.21711852656250002
4 0.8719495515625001 0.737715578125 0.8736354078125 0.7373485625 0.8672172796875 0.7054638890625 0.8132602734375001 0.717210484375 0.8210295015625 0.7558073046875 0.8665562703124999 0.7458959984375 0.8719495515625001 0.737715578125
4 0.8705498328125 0.582119678125 0.828395740625 0.5912967453125 0.8361651468750001 0.6298944453125 0.8783192390625001 0.6207173781249999 0.8705498328125 0.582119678125
4 0.27692073125 0.396051428125 0.2853655984375 0.43800475937499994 0.287390328125 0.43931623125 0.3447190421875 0.4268356046875 0.33492289531249997 0.37816924687500003 0.2759073609375 0.3910170984375 0.2779319125 0.3923276890625 0.27826982031249997 0.3940063859375 0.27692073125 0.396051428125
4 0.34148538125 0.856702753125 0.3418231109375 0.8583805703125 0.3404749890625 0.8604254015624999 0.346893115625 0.8923100749999999 0.348916878125 0.89362175625 0.349254609375 0.8952995734375 0.39983990468749997 0.8842870093749999 0.39105712812500004 0.8406549796875 0.347217184375 0.8501990609375 0.3458682703125 0.8522449828124999 0.344182415625 0.8526119984375 0.34148538125 0.856702753125
0 0.5758699843749999 0.8319512671875 0.5735055140624999 0.820204790625 0.5566440703125 0.823875575 0.55394685625 0.82796545 0.5556358640625 0.83635629375 0.5758699843749999 0.8319512671875
4 0.4007281015625 0.5039781390625 0.401403740625 0.5073346546875 0.45367489218749996 0.4959550734375 0.44387874531250004 0.44728871562499994 0.393294415625 0.4583010703125 0.3905972015625 0.4623909453125 0.39870433906249997 0.5026664609375 0.4007281015625 0.5039781390625
0 0.7423827000000001 0.5487131390625 0.73832921875 0.5285758203124999 0.7197809546875 0.5326138296875 0.7184328328125 0.5346586640625001 0.7221485796875 0.553118165625 0.7423827000000001 0.5487131390625
4 0.5822113796874999 0.627375615625 0.5349997234375 0.6376537296875 0.542431221875 0.67457273125 0.589642878125 0.66429461875 0.5822113796874999 0.627375615625
0 0.535606775 0.4308219453125 0.523803859375 0.4333914734375 0.5440717890625 0.5340807015625 0.5777946765624999 0.52673913125 0.557526746875 0.42604990468750004 0.5490965078125 0.42788519062499997 0.5477475953125001 0.4299311125 0.5376305359375 0.4321336234375 0.535606775 0.4308219453125
4 0.46687734687500004 0.648980565625 0.4655292234375 0.6510253984375 0.472960896875 0.6879452796875001 0.4749844828125 0.68925608125 0.47532221406249997 0.6909339 0.519162159375 0.6813898171874999 0.5205102828125 0.679344984375 0.51172750625 0.63571295625 0.5100416531249999 0.6360799703125 0.5080180671875001 0.63476916875 0.4658639765625 0.6439462359375 0.46687734687500004 0.648980565625
0 0.6395040937500001 0.5010426703124999 0.6415278546875001 0.50235435 0.64287895625 0.5090664968749999 0.641531009375 0.51111220625 0.650989246875 0.5580998703125 0.6863989546875 0.5503910750000001 0.6668066640625 0.45305835937500005 0.63476963125 0.4600329125 0.6334207171874999 0.462078834375 0.6317348640625 0.46244584843750003 0.6395040937500001 0.5010426703124999
0 0.4037709171875 1 0.384331928125 0.903428884375 0.3506090421875 0.9107704546875001 0.36857022968750003 1 0.4037709171875 1
4 0.223878025 0.1063085359375 0.22253008125 0.10835424687499999 0.219157403125 0.10908848906249999 0.21241617499999998 0.1193146171875 0.222212321875 0.167980975 0.2694249421875 0.157702653125 0.26841139531249997 0.1526674453125 0.26975951875000004 0.1506226125 0.2694217859375 0.1489447953125 0.2707697328125 0.14689908437500002 0.270432003125 0.1452212671875 0.271780125 0.1431764359375 0.2711044859375 0.1398199234375 0.27245339999999996 0.137774 0.2650219015625 0.10085499843750001 0.2629973484375 0.0995444078125 0.23770566875000002 0.10505047812499999 0.2356809390625 0.1037390078125 0.223878025 0.1063085359375
0 0.6675665671875 0.7191491890624999 0.66621861875 0.7211949 0.680743884375 0.7933550890625 0.700978003125 0.7889500640625 0.6861148312500001 0.715111178125 0.6759977703125 0.717313690625 0.6739732187499999 0.7160031 0.6726250953124999 0.7180479328125 0.6675665671875 0.7191491890624999
0 0.4982840265625 0.778774515625 0.5185181437499999 0.7743694890625 0.5148023953124999 0.7559099875 0.49625413125 0.7599479984374999 0.4965918625 0.761625815625 0.495243915625 0.763671525 0.4982840265625 0.778774515625
5 0.39779319218750003 0.812913803125 0.3961073390625 0.81328081875 0.3940826109375 0.81196935 0.3907109 0.8127033796875001 0.38868635 0.8113927875 0.3802561125 0.8132280749999999 0.40694216875 0.9458019765625 0.4777606171875 0.930384596875 0.451074559375 0.79781069375 0.4038619375 0.8080890187499999 0.402513815625 0.8101338515625001 0.39914113906250004 0.8108680937500001 0.39779319218750003 0.812913803125
4 0.6216714109375 0.631046284375 0.6196478265625001 0.62973548125 0.6162751515625 0.6304697234375001 0.6142515656249999 0.629158921875 0.610878890625 0.6298931624999999 0.6088551265625 0.62858148125 0.6071692734374999 0.628948496875 0.6044722375 0.6330392515625001 0.6048099687499999 0.6347170671875 0.603462021875 0.636762778125 0.607853409375 0.6585787921875 0.6065043203125 0.660623834375 0.60886896875 0.6723711890625 0.644278675 0.6646623953125 0.6378603703125 0.6327768421875 0.6338122328125 0.63015545 0.6321263781249999 0.630522465625 0.6301026171874999 0.6292107859375 0.6216714109375 0.631046284375
4 0.40875395000000003 0.2902763171875 0.398620075 0.23993214218749997 0.3682688953125 0.24653968124999998 0.3655718609375 0.2506304359375 0.3750300984375 0.2976180984375 0.40875395000000003 0.2902763171875
4 0.6753506015624999 0.8015355062499999 0.667243465625 0.7612599921875 0.626775228125 0.7700700421875 0.6254272796875 0.772115753125 0.6331965078125 0.810712571875 0.6753506015624999 0.8015355062499999
0 0.3302368765625 0.4860423640625 0.31000275624999996 0.490447390625 0.31304286718749996 0.5055503796874999 0.3332769859375 0.501145353125 0.3302368765625 0.4860423640625
0 0.8270731109374999 0.6721629296875 0.827410840625 0.6738407453125 0.8294344265625 0.675151546875 0.851355365625 0.6703792953125001 0.84831525625 0.65527630625 0.8280811375000001 0.6596813328125 0.8240359765624999 0.6658169171874999 0.8250493484374999 0.6708512484375 0.8270731109374999 0.6721629296875
5 0.6223248906250001 0.5643401828125 0.624348475 0.565650984375 0.624686384375 0.567329678125 0.62670996875 0.56864048125 0.6536884703125 0.5627671828125 0.597276421875 0.28251727031249996 0.5652393906250001 0.2894918234375 0.6199624296875 0.56135089375 0.6219871593749999 0.5626623656249999 0.6223248906250001 0.5643401828125
0 0.7535554375 0.6829129921875 0.735007175 0.686951003125 0.73669600625 0.6953409671874999 0.7552442703125 0.6913029578125001 0.7535554375 0.6829129921875
4 0.24054390625000002 0.5388506984375 0.24189500625 0.5455628453125 0.24054609531249999 0.5476087671875 0.24696422343750002 0.5794934406250001 0.29754951875 0.5684808765625 0.2880911046875 0.5214923359375 0.24087848437499998 0.531770659375 0.238181446875 0.5358614125 0.238519178125 0.537539228125 0.24054390625000002 0.5388506984375
5 0 0.5018819296875 0.051328190625000006 0.490707634375 0 0.23571386562500002 0 0.5018819296875
4 0.053811703125 0.870282471875 0.051787150000000004 0.8689718828125 0.0364386296875 0.8723132984375 0.0458968671875 0.9193009609375 0.05281515 0.9177948312499999 0.052477418750000004 0.9161170140625 0.053825365624999996 0.914071303125 0.053149904687500006 0.91071566875 0.05449881718750001 0.908669746875 0.053823353124999994 0.9053141140625 0.05921646093750001 0.8971328156249999 0.05887873125 0.8954549984375 0.0615748 0.89136445625 0.06326161875 0.8909972312500001 0.0588702328125 0.8691812156250001 0.053811703125 0.870282471875
3 0.15543885468750002 0.177261890625 0.1615192515625 0.20746874843750002 0.16759115156249998 0.21140182031250002 0.167929059375 0.2130805171875 0.16995264375000002 0.21439131875 0.170290375 0.2160691359375 0.17197622968749998 0.21570211874999998 0.1739999921875 0.21701379843750002 0.233015528125 0.20416594843750002 0.2245704828125 0.1622117375 0.160497384375 0.176160634375 0.159148471875 0.1782065578125 0.15746261718750001 0.178573571875 0.15543885468750002 0.177261890625
5 0.1802676671875 0.8252355578125 0.1785818125 0.8256025734374999 0.1772329015625 0.8276484937499999 0.175547046875 0.8280155109375 0.1728498328125 0.832105384375 0.171163978125 0.8324724 0.16981603125 0.8345181109375 0.1664433578125 0.83525235 0.1650952328125 0.8372971843749999 0.1634084125 0.8376644093750001 0.15801530625 0.8458457078125001 0.156329453125 0.8462127234375 0.154981328125 0.8482575546875 0.1532945078125 0.8486247812500001 0.15194638437500002 0.8506696140625 0.1590401515625 0.8859107984374999 0.1610639140625 0.8872224781250001 0.1620772828125 0.8922568078124999 0.160729159375 0.8943016421875001 0.175254425 0.9664618296875 0.246072871875 0.95104445 0.218373621875 0.8134370984375 0.18633659062500002 0.8204116515625 0.184988465625 0.8224564843750001 0.181615790625 0.8231907250000001 0.1802676671875 0.8252355578125
3 0.490173734375 0.7297411406250001 0.45476499375 0.7374497265625 0.461183121875 0.7693344 0.4965918625 0.761625815625 0.490173734375 0.7297411406250001
0 0.3899078984375 0.4152456 0.3909212703125 0.4202799296875 0.4077827140625 0.41660914531250004 0.405080334375 0.40318397343749995 0.3932774203125 0.40575350156249995 0.3905803859375 0.40984425625 0.3912560234375 0.41320076875 0.3899078984375 0.4152456
0 0.14215558125 0.8195191796874999 0.1252941390625 0.823189965625 0.128334425 0.8382938328125 0.14519586874999998 0.8346230484375001 0.14215558125 0.8195191796874999
5 0.30022658281250003 0.5030855765625 0.28840369843749997 0.4443505609375 0.27322810937500003 0.44765432968749996 0.27187998593749996 0.44969916249999997 0.2833651390625 0.5067563625 0.30022658281250003 0.5030855765625
5 0.2131673765625 0.061841190625 0.2181386921875 0.086538234375 0.2990741984375 0.06891834218750001 0.29410288281249997 0.0442212984375 0.2131673765625 0.061841190625
0 0.20280651875000003 0.64866425 0.179200690625 0.6538033078125001 0.1957526953125 0.7360321562500001 0.2193585234375 0.7308931000000001 0.20280651875000003 0.64866425
0 0.29368941249999997 0.1033725421875 0.29402714375 0.105050359375 0.2899821609375 0.11118682656250001 0.2903198921875 0.1128646421875 0.28897176875 0.114909475 0.2896474078125 0.1182659859375 0.28829831875 0.1203110296875 0.2886362265625 0.1219897265625 0.28728810312499997 0.12403455781249999 0.2883014734375 0.1290688875 0.3237102140625 0.12136030312499999 0.3169543546875 0.0877978109375 0.29840705624999997 0.0918356125 0.2943618984375 0.09797120000000001 0.2950375375 0.1013277109375 0.29368941249999997 0.1033725421875
0 0.6277970953125 0.8013781546875001 0.6125961906249999 0.7258614531250001 0.5974206015625 0.729165221875 0.5960726578125 0.7312109343750001 0.6109356531250001 0.8050489390625 0.6277970953125 0.8013781546875001
0 0.217483025 0.1444862671875 0.198934759375 0.1485242765625 0.20096167656250002 0.158593815625 0.21950994218750003 0.154555803125 0.217483025 0.1444862671875
5 0.684340590625 0.443986228125 0.6846785 0.445664925 0.6833303765625 0.4477097578125 0.685019384375 0.45610059999999997 0.6870429703125 0.4574114015625 0.692447728125 0.48426174531250005 0.6910997812499999 0.4863074546875 0.7032603984375 0.5467202906249999 0.7251803703124999 0.54194825 0.724842640625 0.5402704328125 0.7261905859375 0.5382247203125 0.724163846875 0.5281560609375 0.7255119703124999 0.5261112296875 0.6988259109375 0.393537328125 0.6769059390625001 0.39830936875 0.67420986875 0.40239991093749994 0.68231700625 0.442675428125 0.684340590625 0.443986228125
0 0.1349322640625 0.381418659375 0.1335833515625 0.3834645828125 0.13189749687500002 0.3838315984375 0.129200284375 0.3879214734375 0.12751442968749999 0.3882884875 0.1261664828125 0.3903341984375 0.1265042140625 0.392012015625 0.12111110781250001 0.40019331406249997 0.1221244765625 0.40522764375 0.12077538750000001 0.4072726859375 0.12111311875 0.408950503125 0.1184170484375 0.4130410453125 0.11943041875 0.418075375 0.143036246875 0.41293631875000003 0.14842952812500002 0.40475590156249996 0.148091621875 0.40307720468749997 0.1494407125 0.40103216249999996 0.14910298125000002 0.3993543453125 0.15045092499999999 0.39730863437499997 0.15213678125000002 0.39694161875 0.149096671875 0.3818386296875 0.1440381421875 0.3829398859375 0.1420145546875 0.381629084375 0.1369560265625 0.382730340625 0.1349322640625 0.381418659375
5 0.5156820921875 0.3493273375 0.4870177375 0.35556765 0.5160682671875 0.499888028125 0.5180920265625 0.5011997078125 0.5197810375 0.5095905515625 0.5184329140624999 0.511635384375 0.5245133109375 0.5418422406250001 0.553177665625 0.5356019265625 0.5308829953124999 0.4248440390625 0.5288594125 0.4235332359375 0.5285215046875 0.42185454218749996 0.5298696265625 0.41980970937500006 0.5156820921875 0.3493273375
5 0.423574025 0.2327482546875 0.42155026093750003 0.2314365734375 0.4178345140625 0.2129770734375 0.41918263749999995 0.210932240625 0.41479125000000006 0.1891162265625 0.41276766406250004 0.187805425 0.4124297546875 0.186126728125 0.385451253125 0.19200002656249998 0.3972741390625 0.2507350421875 0.3992979015625 0.2520467234375 0.399973540625 0.2554032359375 0.3986254171875 0.2574480671875 0.402678896875 0.2775853875 0.404702659375 0.27889706875 0.40841840781250005 0.29735656875 0.40707028437500004 0.2994014 0.41213731249999996 0.324573928125 0.414160896875 0.3258847296875 0.41855228593750005 0.34770074375000004 0.4205770125 0.3490122140625 0.42429276250000003 0.367471715625 0.44958444374999995 0.36196564375 0.4397882984375 0.3132992859375 0.437764534375 0.31198760625 0.4340487875 0.293528103125 0.435396909375 0.2914832703125 0.423574025 0.2327482546875
1 0.3592221453125 0.42893318125 0.382827971875 0.423794125 0.369316078125 0.356668265625 0.349081959375 0.361073290625 0.3477338375 0.3631181234375 0.34604798125 0.3634851375 0.3592221453125 0.42893318125
0 0.569043525 0.5794432890625 0.5555537890625 0.5823800421875001 0.5542056671875 0.5844248765625 0.5525198125 0.584791890625 0.5531954515625 0.588148403125 0.5518463609375 0.5901934453125001 0.552522 0.5935499609375 0.5565703140625 0.59617223125 0.5569080453125 0.597850046875 0.5923167874999999 0.5901414625 0.59197905625 0.588463646875 0.5784902875 0.5914001890625 0.5724183875 0.5874671171875 0.571067109375 0.5807540906249999 0.569043525 0.5794432890625
3 0.37881443593749997 0.526265896875 0.3231706109375 0.5383797171875 0.32925083125 0.5685856953124999 0.38489465625 0.556471875 0.37881443593749997 0.526265896875
5 0.3069685265625 1 0.2689609296875 0.8111817234375 0.24704095625 0.8159537640625001 0.2840879796875 1 0.3069685265625 1
3 0.3794299828125 0.34570789375 0.37199848593749996 0.3087888921875 0.3315312140625 0.3175987328125 0.3288340015625 0.32168860781249997 0.3355900375 0.3552519765625 0.3794299828125 0.34570789375
5 0.4638876890625 0.791517640625 0.46625233593750004 0.8032649953125001 0.4682768890625 0.8045755859374999 0.490571559375 0.9153334734374999 0.48922246875 0.9173785171875 0.49868088281249995 0.9643670578125001 0.52397353125 0.9588607765624999 0.48816696718749997 0.7809770265625 0.4662469953125 0.7857490687500001 0.464899046875 0.78779478125 0.465236778125 0.7894725984375001 0.4638876890625 0.791517640625
3 0.6533938390625 0.692456315625 0.6520447484375 0.69450135625 0.6503588953125 0.694868371875 0.6530612734375 0.7082935453125 0.6800397765625 0.702420246875 0.6769996671875 0.687317259375 0.6749760796875 0.6860064578125 0.6564278171875 0.6900444671875 0.6550796937500001 0.6920893 0.6533938390625 0.692456315625
0 0.353402746875 0.1639438171875 0.33316862812500003 0.1683488421875 0.3406001265625 0.205267846875 0.3608342453125 0.200862821875 0.353402746875 0.1639438171875
5 0.39159690937499997 0.42363644375 0.3780850140625 0.356510584375 0.3477338375 0.3631181234375 0.346385890625 0.365163834375 0.3595598765625 0.43061099843750006 0.39159690937499997 0.42363644375