1 0.31347788906249996 0.386182984375 0.052304178125 0.32847293906249997 0.0497144234375 0.3389190265625 0.3086304390625 0.4001403359375 0.31347788906249996 0.386182984375
1 0.1700326484375 0.179914015625 0.32196661875 0.3236148921875 0.3278331234375 0.3137903546875 0.1789561734375 0.16329092812499998 0.1700326484375 0.179914015625
1 0.5924878328125 0.561098575 0.5883819671875 0.5817865984374999 0.62367966875 0.5901571718749999 0.628745765625 0.5677596874999999 0.5924878328125 0.561098575
1 0.5833898640624999 0.6053995109375 0.5772107984375 0.6331559609374999 0.6153041515625 0.6363747515625 0.6215809328125 0.6113277890625 0.5833898640624999 0.6053995109375
1 0.7331529703124999 0.5140094421875 0.7285242875 0.530242978125 0.7725468656250001 0.5378556953125 0.7766240062499999 0.5230499546875 0.7331529703124999 0.5140094421875
1 0.6915062640625 0.43481964375000004 0.7182101453125 0.42389018749999996 0.71704524375 0.414971925 0.7334694484375001 0.41897735625 0.7397702171875 0.4034264578125 0.7168251265625 0.39422550625 0.697812465625 0.417045609375 0.6915062640625 0.43481964375000004
5 0.6433579328125 0.3998487984375 0.5835740265625 0.38670693906250003 0.5794854078125 0.4036122203125 0.6392693125 0.416754078125 0.6433579328125 0.3998487984375
1 0.6441205531249999 0.3638233359375 0.6025245375 0.354944815625 0.5993895593749999 0.3699379125 0.6397388328125 0.37549414531249997 0.6409166640625 0.3753439328125 0.6441205531249999 0.3638233359375
0 0.642668646875 0.3776881609375 0.6287982125 0.373302646875 0.623315046875 0.391289578125 0.6377830109375 0.3951574875 0.642668646875 0.3776881609375
1 0.4498942421875 0.29118934531249996 0.44736784375000005 0.303046971875 0.4667787171875 0.304670121875 0.4695385234375 0.29391718437500003 0.4498942421875 0.29118934531249996
1 0.66298469375 0.23520624843750002 0.47083492031249996 0.30186364062500004 0.48143956250000003 0.313206846875 0.6652863828125 0.24533279531250002 0.66298469375 0.23520624843750002
1 0.6758637296875001 0.2563041390625 0.6759310921874999 0.2552401703125 0.6705945437499999 0.24609240312499997 0.56509148125 0.2847020328125 0.5734193578125 0.2933411140625 0.6758637296875001 0.2563041390625
5 0.695537584375 0.18086336875 0.5336790406249999 0.145283190625 0.5299835171875 0.160563134375 0.6918420609375 0.19614331093749998 0.695537584375 0.18086336875
1 0.6359874828125001 0.2226315765625 0.6089982703125 0.2172132 0.6048578265625 0.23352960781249998 0.6330752375 0.2370717015625 0.6325126796875 0.23659910625 0.6359874828125001 0.2226315765625
1 0.6342758234375 0.293107534375 0.6311171359375 0.3065463828125 0.6559374171875 0.3103856875 0.659329859375 0.2986055734375 0.6342758234375 0.293107534375
0 0.5501761859375 0.3148907875 0.5356801921875001 0.317938946875 0.537790928125 0.335258940625 0.5522486843750001 0.32951719062499996 0.5501761859375 0.3148907875
2 0.5073828406249999 0.33503592968749996 0.6744011484375 0.2760721453125 0.6664583171875 0.2671819390625 0.50043315625 0.3216501515625 0.4942317046875 0.3355449921875 0.599371390625 0.7727907593750001 0.6131815734375 0.7672640546875 0.7987584828125 0.046670165624999996 0.783165725 0.0432425234375 0.6055959109375 0.7521631 0.5073828406249999 0.33503592968749996
5 0.18446152031250002 0.2802180484375 0.182533559375 0.281435446875 0.160813753125 0.276660940625 0.1562901375 0.29536480625 0.22920488906249997 0.311393121875 0.23410540000000002 0.291130896875 0.18446152031250002 0.2802180484375
5 0.14041378437500002 0.1786107796875 0.13848560625 0.179829071875 0.096598684375 0.1706213765625 0.094669909375 0.1718385953125 0.0942930125 0.173396953125 0.0923650515625 0.1746143515625 0.0901032453125 0.183966284375 0.15370915937500002 0.19794830624999998 0.15710165625 0.1839213 0.153999521875 0.18323938125 0.152824753125 0.18133899375 0.14041378437500002 0.1786107796875
1 0.618704365625 0.0070901875 0.175288978125 0.1545646734375 0.1725198109375 0.174155503125 0.6398978515625 0.0117489984375 0.618704365625 0.0070901875
2 0.16578315 0.210094175 0.3024788328125 0.34778741874999997 0.0680138140625 0.292003065625 0.0633993921875 0.3048200015625 0.31394747968750003 0.36005509999999996 0.3168987546875 0.34790901875 0.178889590625 0.2026831546875 0.69655801875 0.0242041875 0.6762814625 0.0197469390625 0.1677025109375 0.195273078125 0.16578315 0.210094175
1 0.675571609375 0.4685332375 0.675517409375 0.46847429687500003 0.7281883453125 0.25885722499999997 0.71404938125 0.2615578125 0.6597841875 0.4764045375 0.675571609375 0.4685332375
1 0.7554844328125 0.037157546875 0.6429618953125 0.4834351328125 0.6607886125 0.4747706265625 0.770788984375 0.040521834374999996 0.7554844328125 0.037157546875
1 0.6615186828125 0.47509194218750006 0.64430314375 0.480921575 0.6211449250000001 0.573730578125 0.6385343171875 0.56581640625 0.6615186828125 0.47509194218750006
1 0.45735399374999997 0.341912103125 0.4630578390625 0.3728252484375 0.481708734375 0.3641566328125 0.47522737968750006 0.336143375 0.45735399374999997 0.341912103125
1 0.464682253125 0.372141175 0.57091138125 0.7906805828125 0.5803297828125 0.7757510546875 0.48106169843749996 0.36347077968749997 0.464682253125 0.372141175
4 0.20065655625 0.1524579296875 0.204512696875 0.1500222421875 0.206064575 0.1503633796875 0.20799253750000002 0.14914598125 0.220055365625 0.09926960312500001 0.16110346250000002 0.0863106390625 0.14640193125 0.14709730781250002 0.18673778593749998 0.15596404375 0.1925227015625 0.152311134375 0.195624834375 0.152993053125 0.19755361093749998 0.151775834375 0.20065655625 0.1524579296875
4 0.6818438015625 0.8245521328125 0.6920219328125 0.7824684359375 0.656340903125 0.7746249359374999 0.644278075 0.824501315625 0.6737540265625 0.830980796875 0.6741309234374999 0.8294224390625 0.6818438015625 0.8245521328125
4 0.5390741921875 0.7866014234375001 0.5296500671875 0.8255675109375 0.5653319078125 0.8334111890625 0.5747560328125 0.7944451 0.5390741921875 0.7866014234375001
4 0.4083081078125 0.2801789578125 0.369524134375 0.2716533625 0.3675959546875 0.2728716515625 0.36604407656250004 0.2725305140625 0.3648701203125 0.2706303046875 0.3516763890625 0.3251826484375 0.39666625624999996 0.3350724390625 0.40948287656250004 0.28207934687499997 0.4083081078125 0.2801789578125
4 0.79945648125 0.338256996875 0.79752851875 0.3394743953125 0.7959774515625 0.3391334359375 0.7921204984375 0.341568946875 0.791743603125 0.34312730468749997 0.7898146125000001 0.344345415625 0.7800135906250001 0.3848698625 0.8203494453125 0.3937365984375 0.8316584812500001 0.346976934375 0.8301074156249999 0.346635975 0.8289324328125 0.3447364796875 0.79945648125 0.338256996875
0 0.7725039984375 0.5375199109375 0.7647470421875 0.5358147578125 0.7608909015624999 0.53825044375 0.7571212953125 0.553836703125 0.767980384375 0.5562237765625 0.7725039984375 0.5375199109375
4 0.4248519375 0.3806648078125 0.41354311718750003 0.42742357656249996 0.458532984375 0.43731336875000004 0.470218915625 0.38899534999999996 0.46711597187500004 0.38831325156249996 0.46594098749999996 0.38641375624999996 0.428708078125 0.37822911875 0.4248519375 0.3806648078125
0 0.5058861421875 0.6873823 0.48882115937500004 0.68363103125 0.486893196875 0.6848484296875 0.482746478125 0.7019939359375 0.5013625265625 0.706086165625 0.5058861421875 0.6873823
4 0.5883986265625001 0.515106428125 0.5778438140625 0.5587475890625 0.611973778125 0.5662501296875 0.622528590625 0.5226089671875 0.5883986265625001 0.515106428125
0 0.3989279046875 0.50136170625 0.3962892015625 0.512271996875 0.39746418437500003 0.5141714937499999 0.395202378125 0.523523425 0.3932733859375 0.5247415390625 0.39138869062500004 0.5325342187500001 0.48447136874999996 0.5529959015625 0.4920105828125 0.5218233890625 0.3989279046875 0.50136170625
0 0.460927540625 0 0.45951745624999996 0.0008903875 0.549496378125 0.020669793750000002 0.5544954609375 0 0.460927540625 0
4 0.6364330625 0.45836372968749994 0.6023022859375 0.4508610109375 0.6003743234375001 0.452078409375 0.5957203125 0.451055353125 0.5862961875 0.49002144062499997 0.5874703578125 0.49192075781250005 0.5870934625 0.493479115625 0.6274293171875 0.5023458515625 0.629357278125 0.501128453125 0.6391583 0.46060400625 0.637607234375 0.460263046875 0.6364330625 0.45836372968749994
0 0.4236058015625 0.6019934609375001 0.42322890468749996 0.6035518203125 0.421299915625 0.60476993125 0.414137596875 0.6343840875 0.5041173296875 0.6541636734375 0.5120336562500001 0.621431909375 0.4685956671875 0.6118832546874999 0.4666668921875 0.6131004734375 0.4604618140625 0.61173645625 0.45928683125 0.6098369609375001 0.4236058015625 0.6019934609375001
0 0.8459982265624999 0.3484879265625 0.8384590140625001 0.37966044062500004 0.9299898125 0.399780984375 0.9375290265625 0.368608471875 0.8459982265624999 0.3484879265625
4 0.14831624999999998 0.2607821609375 0.158871278125 0.2171401078125 0.1138814109375 0.2072503140625 0.10423975625 0.213337840625 0.1034857484375 0.21645545 0.10155697500000001 0.2176726671875 0.09891827187499999 0.228582959375 0.10009303750000001 0.2304833484375 0.09443873593749999 0.25386228593750004 0.0956126921875 0.25576249687499997 0.12974265625 0.2632650359375 0.131671646875 0.26204692343749997 0.13477459218750001 0.26272902187499997 0.136702553125 0.2615116234375 0.1382536203125 0.2618525828125 0.1401823953125 0.2606353640625 0.14173346250000002 0.2609763234375 0.1436614234375 0.259758925 0.14831624999999998 0.2607821609375
0 0.6631838328125 0.6382432421875001 0.6612550578125 0.6394604609375001 0.6601241546875001 0.644136428125 0.6581961921875 0.6453538265625001 0.659370146875 0.6472540375 0.6571083390625 0.6566059671875 0.7253690796875001 0.671611225 0.72989269375 0.6529073609375 0.6631838328125 0.6382432421875001
0 0.7062881375 0.48028523125 0.7043593609375 0.4815024515625 0.7028082953125 0.4811614921875 0.6986615765625 0.4983069984375 0.71572655625 0.50205826875 0.720250171875 0.48335440468749996 0.7062881375 0.48028523125
5 0.7547714890624999 0.3743965125 0.7528867921875 0.38218919375 0.7540607484375 0.38408940468749997 0.7533069546875 0.3872061203125 0.7544817234375001 0.3891065078125 0.7541048265625 0.39066486562499997 0.752176053125 0.39188208750000003 0.7514220453125 0.3949996921875 0.7494940828125001 0.396217090625 0.7389390546875 0.43985914687500005 0.8614976859375 0.4668003109375 0.8773301203124999 0.40133767656249997 0.7547714890624999 0.3743965125
4 0.578394375 0.5834914375 0.5795693578125001 0.5853909328125 0.57881535 0.5885085421875 0.5799895203125 0.5904078593750001 0.5792355125 0.5935254671875 0.5804096828125 0.595424784375 0.578524771875 0.6032183609375 0.5796997562499999 0.6051178546875 0.5793228609375001 0.6066762125 0.5816709859375 0.610475740625 0.6111477484375001 0.6169554015625 0.6190640734375 0.5842236375 0.608204171875 0.5818363843750001 0.6062759921875001 0.583054675 0.5861080656250001 0.578621309375 0.5841792906250001 0.579838528125 0.5826282234375 0.57949756875 0.5787712703125 0.5819330796875 0.578394375 0.5834914375
4 0.276006834375 0.361076825 0.23256884531250002 0.35152816875 0.22871189374999998 0.35396368125 0.22192647187499998 0.3820194796875 0.26846740625 0.39225023281250004 0.276006834375 0.361076825
4 0.747029696875 0.609070965625 0.711348665625 0.601227465625 0.709419890625 0.6024446859375 0.7003726640625 0.6398524171875 0.737605571875 0.6480370546875001 0.747029696875 0.609070965625
0 0.4564880515625 0.3039024859375 0.45196443750000004 0.3226063515625 0.465926475 0.32567552499999997 0.470450090625 0.306971659375 0.4564880515625 0.3039024859375
0 0.6157585515624999 0.78704348125 0.6142074828124999 0.786702521875 0.6130325 0.7848030265625 0.6083784875 0.78377996875 0.6025935734375001 0.7874328765625 0.5980699578124999 0.80613674375 0.61203199375 0.8092059140625001 0.616932721875 0.788942796875 0.6157585515624999 0.78704348125
5 0.25723228593749997 0.5670620015625001 0.516310771875 0.6240133250000001 0.5223421859374999 0.599075134375 0.5211680140625 0.5971758171875 0.5196161375 0.596834678125 0.518441965625 0.5949353609375 0.5168909 0.5945944015625 0.5157161328125001 0.5926940125 0.2643946046875 0.53744784375 0.25723228593749997 0.5670620015625001
0 0.6299095218749999 0.7015129640625 0.625762803125 0.718658471875 0.633518946875 0.7203634484375 0.6376656656249999 0.703217940625 0.6299095218749999 0.7015129640625
4 0.4857895265625 0.284079584375 0.5292283265625 0.2936284171875 0.5405373640625 0.2468687546875 0.5110614109375 0.24038927187499998 0.509132421875 0.2416073828125 0.5029273437499999 0.2402433671875 0.501752575 0.238342978125 0.500201509375 0.23800201875 0.49634455624999996 0.2404375296875 0.4857895265625 0.284079584375
5 0.21792256875 0 0.21558947499999997 0.009646678124999999 0.462257803125 0.0638699671875 0.47733644531249997 0.00152405 0.470403359375 0 0.21792256875 0
4 0.8573351484374999 0.07192483125 0.8588862140625 0.072265790625 0.8617288078125 0.0605124703125 0.8182908203125001 0.050963815625 0.8135635328124999 0.07050981875 0.8147374875000001 0.0724100296875 0.8136065828125 0.0770859953125 0.833774509375 0.0815193640625 0.834151621875 0.0799601125 0.838008359375 0.0775254953125 0.8395594265625 0.0778664546875 0.847273115625 0.072996325 0.8503752484374999 0.07367824375000001 0.8523042406249999 0.0724601328125 0.8554063734374999 0.0731420515625 0.8573351484374999 0.07192483125
3 0.19224745000000001 0.2277593625 0.20544118125000002 0.1732070171875 0.204266196875 0.17130752031250002 0.20464309374999998 0.1697491640625 0.20309202656249997 0.169408203125 0.2019178546875 0.16750888749999998 0.200365978125 0.16716775 0.19684286875 0.161468725 0.16891798281249998 0.155330203125 0.1700929671875 0.1572296984375 0.16971607187499999 0.15878805625 0.1677870796875 0.1600061703125 0.1534626609375 0.2192335859375 0.19224745000000001 0.2277593625
5 0.9014694203125 0.18668266718749998 0.8347605578125 0.172018546875 0.8328325968750001 0.1732359453125 0.828178584375 0.1722128875 0.8270036015625 0.1703133921875 0.7944247046874999 0.1631518125 0.7924967421875 0.1643692109375 0.7921196312500001 0.1659284609375 0.7901916671875 0.16714585937499998 0.7898147718749999 0.1687042171875 0.78210108125 0.1735743453125 0.7817239687499999 0.17513359687500002 0.77979600625 0.1763509953125 0.7790419984375 0.1794686046875 0.777113225 0.1806858234375 0.7767363281249999 0.18224418125 0.7728801859375001 0.18467987187499998 0.772503290625 0.18623822968749998 0.7705743015625 0.187456340625 0.77019740625 0.18901469843750002 0.7682694437500001 0.190232096875 0.767515434375 0.19334970468749998 0.7655874734375 0.194567103125 0.7584251562500001 0.22418125937500002 0.885636984375 0.25214530156250003 0.9014694203125 0.18668266718749998
3 0.68279951875 0.44229209843749995 0.674883409375 0.47502296875 0.7043593609375 0.4815024515625 0.7122754703124999 0.44877158125000005 0.68279951875 0.44229209843749995
0 0.376048384375 0.37978581093749997 0.37340968124999996 0.3906961 0.3858206515625 0.3934243109375 0.3895902578125 0.37783805625 0.3849362453125 0.3768149984375 0.383008284375 0.378032396875 0.3799053375 0.3773502984375 0.376048384375 0.37978581093749997
0 0.7694723671875 0.137968465625 0.7657027609375 0.15355472187500002 0.7796656093750001 0.156624071875 0.783435215625 0.1410378171875 0.7694723671875 0.137968465625
5 0.47220438593749997 0.2794520546875 0.4194575609375 0.26785710625000003 0.41752960000000006 0.2690745046875 0.4141368890625 0.28310240468750003 0.46843477968749997 0.2950383109375 0.47220438593749997 0.2794520546875
5 0.034267251562500003 0.28003174531249997 0.06522358125 0.2868366484375 0.083317821875 0.21202208281249998 0.052361492187500004 0.20521717968750003 0.034267251562500003 0.28003174531249997
0 0.6110013171875 0.1852083859375 0.6057239109375 0.207028965625 0.681740796875 0.2237392015625 0.687018203125 0.2019186203125 0.6110013171875 0.1852083859375
0 0.0954102734375 0.283623240625 0.0923073265625 0.2829411421875 0.0865224109375 0.28659405 0.08237590781250001 0.30373866562499996 0.113402928125 0.31055910781249996 0.12131903749999999 0.2778282359375 0.1166650234375 0.2768051796875 0.1147370625 0.278022578125 0.11318518281250001 0.2776814390625 0.1112570046875 0.2788997296875 0.108154059375 0.2782176328125 0.106226096875 0.27943503125 0.1046750296875 0.279094071875 0.0988893015625 0.2827468015625 0.097338234375 0.2824058421875 0.0954102734375 0.283623240625
0 0.7422452859375 0.5883209859375 0.673985359375 0.5733159078125001 0.672056584375 0.5745331265625 0.6686638734375 0.588561025 0.7384756796875 0.6039072421875 0.7422452859375 0.5883209859375
0 0.141298190625 0.1952200921875 0.13715147187500001 0.2123656015625 0.1464603078125 0.21441189375 0.1506070265625 0.1972663859375 0.141298190625 0.1952200921875
5 0.41657388281249996 0.6513345390625 0.4088169234375 0.6496293843750001 0.40688896249999995 0.6508467828125 0.40533708125 0.6505056437500001 0.4041629109375 0.6486063265625 0.366930003125 0.6404216890625001 0.36307326562500003 0.64285630625 0.35817275625 0.6631185296875 0.48073138593750003 0.69005969375 0.48265934687499995 0.688842296875 0.49196737187500006 0.6908884109375 0.49389614687499994 0.6896711921875001 0.49544721249999996 0.6900121515625 0.5003477234375 0.669749928125 0.444498765625 0.6574730625 0.442569990625 0.65869028125 0.41774805156249994 0.65323385625 0.41657388281249996 0.6513345390625
0 0.37532329062500003 0.153099271875 0.37687435625 0.15344023125 0.3788025359375 0.15222193906249998 0.38035441406250003 0.152563078125 0.3880672921875 0.1476927703125 0.39334469843750003 0.1258721890625 0.3886906875 0.12484913125 0.38483395 0.1272837515625 0.3832828828125 0.126942790625 0.3813547046875 0.12816108125 0.3767006921875 0.127138025 0.36898700156249997 0.132008153125 0.3674359359375 0.13166719375 0.3655071609375 0.1328844140625 0.365130265625 0.13444277031250002 0.3612741234375 0.136878459375 0.36089722812499997 0.1384368171875 0.3589682375 0.13965493125 0.3601432203125 0.1415544265625 0.35901231718750004 0.1462303921875 0.3601864890625 0.148129709375 0.35905558437499996 0.1528056765625 0.37301761875 0.1558748484375 0.373394515625 0.154316490625 0.37532329062500003 0.153099271875
5 0.47171225781250004 0.4976630984375 0.4697842953125 0.49888049843750004 0.4620273375 0.49717534218750004 0.4608523546875 0.495275846875 0.3274346328125 0.46594760781250005 0.32102632343750004 0.492444153125 0.38618411875 0.5067673140625 0.3881120796875 0.505549915625 0.3896639609375 0.5058910546875001 0.3908381296875 0.507790371875 0.493228834375 0.53029816875 0.49963714374999996 0.5038016234375 0.47171225781250004 0.4976630984375
5 0.3341767890625 0.431316525 0.339831090625 0.4079375890625 0.32276610781250004 0.4041863171875 0.32159134218749996 0.40228592812499997 0.3014234140625 0.3978525609375 0.30024924375 0.39595324375 0.2769783703125 0.3908377796875 0.2750504078125 0.3920551765625 0.2579854265625 0.38830390625 0.25681044375 0.3864044109375 0.2381943953125 0.38231218125 0.2362664328125 0.3835295796875 0.23316348750000002 0.38284748125 0.23198850312500002 0.3809479859375 0.1776906140625 0.3690120796875 0.17165919999999998 0.39395026718750004 0.1732110765625 0.39429140625 0.1743852484375 0.3961907234375 0.194553175 0.40062409062500004 0.1964811390625 0.3994066921875 0.21354612031250003 0.4031579625 0.21472110312499998 0.40505745937500004 0.2690189953125 0.41699336562499995 0.27094695625 0.4157759671875 0.2880119390625 0.4195272359375 0.28918692031250004 0.4214267328125 0.3341767890625 0.431316525
1 0.337800671875 0.3352649359375 0.3374237765625 0.3368232953125 0.3354958140625 0.3380406921875 0.3309721984375 0.35674455625 0.39302704843749997 0.37038561875 0.3983044546875 0.3485650390625 0.337800671875 0.3352649359375
0 0.544510909375 0.55470361875 0.5414953109375 0.5671722640625 0.543046378125 0.5675132234375 0.5509624875 0.534782353125 0.5494114203125 0.53444139375 0.54706248125 0.5306416875 0.5439595359375 0.5299595906250001 0.5420313578125 0.5311778796875 0.5389284140624999 0.530495784375 0.5385515171875 0.5320541421875 0.536623553125 0.5332715390625 0.5336077390625 0.54574108125 0.534781909375 0.5476403984375 0.5409878015625 0.54900459375 0.544510909375 0.55470361875
3 0.500724128125 0.31690899375 0.4882841875 0.368344625 0.516208259375 0.37448296875 0.5286482 0.3230473375 0.500724128125 0.31690899375
5 0.7601498859375 0.250824425 0.7552493765625 0.271086646875 0.9398628546875001 0.31166887499999996 0.9447633640624999 0.291406653125 0.7601498859375 0.250824425
3 0.330377559375 0.32542524687499996 0.2993497296875 0.3186046265625 0.2954935890625 0.321040315625 0.2864465765625 0.35844715312500003 0.3205765390625 0.3659496921875 0.330377559375 0.32542524687499996
5 0.7448543671875 0.45593316093749997 0.7436804125 0.45403295000000005 0.7328205109375 0.4516456984375 0.73089233125 0.45286398749999995 0.729341265625 0.452523028125 0.7274124890625 0.4537402484375 0.7225119796875 0.4740024703125 0.88695753125 0.51015133125 0.8926120484375 0.48677149999999997 0.8491732484375 0.4772226671875 0.8472450703125001 0.47844095781249996 0.7448543671875 0.45593316093749997
3 0.6314893406250001 0.6476909765625 0.645451378125 0.6507601484375 0.6514827921874999 0.625821959375 0.639071821875 0.6230937453125 0.6386949265624999 0.6246521031250001 0.636766746875 0.6258703953125 0.6363898515625 0.627428753125 0.6344618890625 0.6286461515624999 0.6303151703125 0.645791659375 0.6314893406250001 0.6476909765625
0 0.156841728125 0.3201079390625 0.1523181140625 0.3388118046875 0.1864480765625 0.3463143453125 0.190971690625 0.3276104796875 0.156841728125 0.3201079390625
5 0.3998555203125 0.348906 0.33935255 0.33560607343750004 0.3374237765625 0.3368232953125 0.33063835468749997 0.364879090625 0.392693203125 0.3785201546875 0.3998555203125 0.348906