0 0.8304537328125001 0.9039927859375 0.8248526921874999 0.8698297109375 0.7191417921875 0.88535219375 0.7247428328125001 0.9195152671875 0.8304537328125001 0.9039927859375
4 0.7051142671874999 0.810442221875 0.7511492203125 0.803682496875 0.7419073890625 0.7473127390625 0.7399223765625 0.7458550390625 0.6955924015625 0.7523644093749999 0.7051142671874999 0.810442221875
4 0.9741694656250001 0.2356484734375 0.9450747375 0.2399207140625 0.9551567828125 0.301415290625 0.9842515109375001 0.29714304999999996 0.9741694656250001 0.2356484734375
4 0.35728303437500003 0.7443145984374999 0.3589880109375 0.744064240625 0.3632627234375 0.7381883499999999 0.3649677015625 0.7379379921875 0.3663926421875 0.7359795796874999 0.3698025921875 0.735478865625 0.3622410875 0.6893580953125 0.35542118125 0.6903595234375 0.35399624375 0.6923179359375 0.336945884375 0.6948215921875 0.3349608734375 0.6933638953125 0.30938563750000003 0.6971193375 0.3079606953125 0.6990777484375 0.3045507421875 0.6995784640625 0.3031258046875 0.7015368750000001 0.30340583906249996 0.7032449328125 0.30198100625 0.7052039984375 0.3101025859375 0.754740878125 0.352727584375 0.7484818671875 0.3541525234375 0.74652345625 0.3558575 0.746273096875 0.35728303437500003 0.7443145984374999
4 0.602623425 0.6645563203125 0.601198484375 0.6665147328125001 0.59608355625 0.6672658031250001 0.594658021875 0.669224303125 0.5878381171875 0.67022573125 0.5967999125000001 0.7248874328125 0.6479503859375 0.71737655 0.6387085546875 0.6610067921875 0.618248246875 0.6640111625 0.6162632343750001 0.6625534640625 0.602623425 0.6645563203125
4 0.37663868125 0.60677585625 0.37806362187500003 0.60481744375 0.369101828125 0.550155740625 0.34693654218750003 0.55341046875 0.3455116015625 0.5553688828125 0.33187179375000003 0.5573717375 0.3298867796875 0.5559140390625 0.3128364234375 0.558417696875 0.30998654375 0.562334521875 0.3102666875 0.5640432296875 0.3074168078125 0.56796005625 0.3166586375 0.6243298140625 0.36098861250000003 0.61782044375 0.3652640265625 0.61194511875 0.3686739796875 0.61144440625 0.3700988125 0.6094853390625 0.3735087640625 0.6089846265625 0.3749337046875 0.6070262140625 0.37663868125 0.60677585625
4 0.9600589546875 0.8744659625000001 0.9516573390625 0.8232210249999999 0.9158522453125 0.8284786078125 0.9234137515624999 0.874599378125 0.925398765625 0.8760570765625 0.9259588359375 0.8794731875 0.9600589546875 0.8744659625000001
0 0.8862317781250001 0.4987113703125 0.882310953125 0.4747966296875 0.8004703125000001 0.48681402812499996 0.8043911375 0.5107287671875 0.8862317781250001 0.4987113703125
0 0.66700926875 0.3437265828125 0.6616881578125 0.3112709109375 0.562797159375 0.325791965625 0.568118271875 0.35824763593750003 0.66700926875 0.3437265828125
4 0.9065364562499999 0.8036068843749999 0.9099464078124999 0.8031061703125 0.9119314203125001 0.8045638687500001 0.951146465625 0.7988055703125 0.943584959375 0.7526848 0.89584503125 0.759694884375 0.901726215625 0.795566665625 0.9037112281249999 0.797024365625 0.90455144375 0.8021491859375001 0.9065364562499999 0.8036068843749999
4 0.8284662296875 0.178324453125 0.8745011796875 0.171564728125 0.8802015359375 0.16373099062500002 0.8689992406249999 0.0954035375 0.8161437906250001 0.103164778125 0.8284662296875 0.178324453125
0 0.7122305 0.6834479203125 0.7085897109375 0.6612412375 0.6949493062500001 0.66324418125 0.6952294484375 0.6649528890624999 0.6938045078124999 0.6669113015625 0.6968851171875 0.685701221875 0.7122305 0.6834479203125
4 0.5437227953125 0.8271440796875 0.5378416109375 0.7912722984375 0.53585649375 0.7898139453125 0.48641099531250004 0.797074471875 0.4835612203125 0.8009919515625 0.48916236875 0.8351556796875 0.5437227953125 0.8271440796875
5 0.1548476796875 0.8195219187499999 0.291248746875 0.7994929234375 0.27752591249999997 0.7157916625 0.14282982187499998 0.7355703 0.1414049890625 0.7375293671875001 0.1548476796875 0.8195219187499999
1 0.7679345843750001 0.3096645375 0.769359415625 0.3077054734375 0.7710643921875 0.30745511406250003 0.772489334375 0.305496703125 0.775899284375 0.3049959890625 0.777324225 0.3030375765625 0.779029203125 0.30278721875 0.7804541421875 0.30082880625 0.7821591171875 0.30057845 0.7835840578125 0.29862003593750003 0.7869946062500001 0.2981192359375 0.7884194375 0.29616016875 0.7935343671874999 0.2954090984375 0.7949593078125 0.293450684375 0.7966642828125 0.293200328125 0.7980892234375 0.291241915625 0.7997942 0.290991559375 0.801219140625 0.289033146875 0.802924115625 0.2887827890625 0.8043490562500001 0.2868243765625 0.8060540328125001 0.2865740203125 0.8074789718750001 0.28461560625 0.8091839468750001 0.28436525 0.81060878125 0.2824061859375 0.8123143531249999 0.2821557390625 0.8137392921875 0.2801973265625 0.81544426875 0.27994697031250004 0.816869209375 0.27798855625 0.8202791625 0.27748784375 0.8217041015625 0.2755294296875 0.823409078125 0.2752790734375 0.8262588531249999 0.27136159531250004 0.8279638265625 0.2711112390625 0.830813709375 0.2671944140625 0.832518684375 0.2669440578125 0.8367939921875 0.261068078125 0.8384989671874999 0.2608177203125 0.8498983828125001 0.245149765625 0.8516033593750001 0.24489940937500002 0.8530283000000001 0.2429409953125 0.8564382500000001 0.2424402828125 0.8578631921875 0.24048186875000002 0.8595681687500001 0.2402315125 0.8609935953125 0.2382723609375 0.8644035484374999 0.2377716453125 0.8658284875 0.2358132328125 0.869238440625 0.2353125171875 0.87066338125 0.23335410625000003 0.87236835625 0.23310374843749998 0.8780680109375 0.2252694453125 0.8797729859375 0.2250190875 0.87949295 0.2233110328125 0.8809178921875 0.22135262031249997 0.8877383906249999 0.22035110468750002 0.8920131046875 0.2144752140625 0.89371808125 0.21422485624999998 0.8934380453124999 0.2125168 0.8948629828125 0.21055838906250002 0.8945829484375001 0.20885033281249998 0.8960078890625001 0.2068919203125 0.89572774375 0.20518320937499998 0.8971526859375001 0.20322479843750002 0.8960324343750001 0.19639192187500001 0.8551124109374999 0.20240057656250002 0.8553925546875 0.2041092859375 0.8539670203125 0.206067784375 0.85226204375 0.20631814375 0.850837103125 0.2082765546875 0.852822115625 0.209734253125 0.8531021515624999 0.21144230937500003 0.855087271875 0.2129006625 0.8522373906249999 0.21681748750000002 0.848267365625 0.2139020890625 0.8465623890625 0.214152446875 0.84513745 0.216110859375 0.8459775578125001 0.2212350265625 0.8431277843749999 0.22515250468749998 0.8414228078124999 0.2254028609375 0.83999786875 0.22736127499999997 0.8382928937499999 0.22761163125 0.8368679515625 0.22957004374999998 0.835162975 0.2298204015625 0.8308876671875 0.2356963796875 0.8291826906249999 0.23594673593749999 0.82775775 0.23790515 0.826052775 0.23815550624999998 0.8232028937500001 0.24207233125 0.8214979187499999 0.24232268750000002 0.8200729796875 0.2442811015625 0.818368003125 0.244531459375 0.815518228125 0.2484489375 0.8138132515625 0.24869929375000002 0.8123883125000001 0.25065770625 0.8106833359375001 0.2509080640625 0.8092583953125001 0.2528664765625 0.8075534203125001 0.2531168328125 0.8032781124999999 0.25899281093750004 0.8015731359375 0.2592431703125 0.8001481937499999 0.26120158125000004 0.79844321875 0.2614519375 0.7941683984375 0.2673271765625 0.7924634234375 0.26757753281249996 0.7910385890625 0.2695365984375 0.7876286359375 0.2700373125 0.7862036984375 0.271995725 0.784498721875 0.2722460828125 0.7830737796875 0.2742044953125 0.781368209375 0.274454940625 0.7799432703125 0.27641335312500004 0.7782382921875 0.2766637109375 0.7768133515625 0.278622121875 0.7734034015625 0.2791228375 0.7719785671875 0.2810819015625 0.770273590625 0.281332259375 0.7645738328125 0.289165909375 0.76286885625 0.28941626875000004 0.7600190812500001 0.293333746875 0.7583141046875 0.293584103125 0.7568885703125 0.295542603125 0.75518359375 0.295792959375 0.753758653125 0.297751371875 0.7503487015625 0.2982520859375 0.7489237609375 0.3002104984375 0.7455138078125 0.3007112125 0.73981415625 0.3085455171875 0.7381091796875 0.3087958734375 0.7366842375 0.3107542859375 0.7349792625 0.31100464375 0.73212889375 0.31492220937500004 0.7304239171875 0.315172565625 0.728998978125 0.317130978125 0.7272940015625 0.3173813359375 0.7258690609375 0.3193397484375 0.7241640859375 0.3195901046875 0.722739146875 0.32154851875 0.7210341687499999 0.321798875 0.718184396875 0.32571635312499997 0.7164794203125 0.325966709375 0.7136295390625 0.32988353593749997 0.7102195874999999 0.33038425 0.7045193375000001 0.338218640625 0.704799375 0.339926696875 0.7005245546875 0.3458019359375 0.698819578125 0.3460522921875 0.69739474375 0.34801135781250003 0.69568976875 0.34826171562499997 0.6942648296875 0.35022012812500003 0.6922798171875 0.348762428125 0.6905748421875 0.34901278593749996 0.688589721875 0.347554434375 0.6868847453125 0.347804790625 0.6891252484375 0.36147054375 0.691110259375 0.3629282421875 0.6913902953125 0.3646362984375 0.6933753078125 0.366093996875 0.6939354875 0.369510759375 0.6959204984375 0.370968459375 0.7129702609375 0.3684648890625 0.7186705078125 0.3606304984375 0.718390471875 0.3589224421875 0.721240353125 0.355005615625 0.7229453296874999 0.35475525937499996 0.7243702671875 0.352796846875 0.724090125 0.35108813906249997 0.7269400078125 0.3471713140625 0.728644984375 0.34692095625 0.7357695765625001 0.3371282390625 0.737475146875 0.3368777953125 0.7417498609375001 0.3310019046875 0.7434548375000001 0.3307515484375 0.7477296578125 0.3248763078125 0.749434634375 0.32462595156249996 0.7508595734375 0.3226675390625 0.75256455 0.32241718124999996 0.753989490625 0.32045877031250003 0.7556944671875 0.3202084125 0.7571193 0.318249346875 0.7588242765625 0.317998990625 0.7616747515625 0.3140820765625 0.7633797265625 0.3138317203125 0.7662296078125 0.30991489375 0.7679345843750001 0.3096645375
5 0.602045925 0.4267364734375 0.59028355625 0.354992909375 0.307251565625 0.396553040625 0.3190139328125 0.4682966046875 0.602045925 0.4267364734375
5 0.6407428734375 0.6414658015625 0.6378931 0.6453832796875 0.6401334953125 0.659048378125 0.6421185078125 0.6605060765624999 0.7069093875 0.65099225 0.7041088140625 0.6339103875000001 0.7021238000000001 0.6324526875 0.6407428734375 0.6414658015625
0 0.6486427875 0.7854980874999999 0.662282596875 0.7834952328125 0.6586418078125 0.7612885484375 0.648411953125 0.7627906906249999 0.6455621781249999 0.7667081703124999 0.6486427875 0.7854980874999999
3 1 0.7164120515625 0.9800246796875 0.719345209375 0.9803047156250001 0.7210532640625 0.978879775 0.7230116765625 0.9844809234375 0.7571754046875 1 0.7548965984375 1 0.7164120515625
0 0.3994800796875 0.7993435953125 0.40004025781249997 0.8027603609374999 0.3986153171875 0.8047187734374999 0.40057567499999996 0.8166758171874999 0.4159204609375 0.8144226046874999 0.41283985312500004 0.795632684375 0.40090501874999995 0.7973851843750001 0.3994800796875 0.7993435953125
5 0.6047082953125 0.9861219562500001 0.6032833546874999 0.9880803703125001 0.6035633921875 0.9897884250000001 0.603201846875 0.990285325 0.8866664343749999 0.9486616703124999 0.8846350218750001 0.9362712500000001 0.8826499046875 0.9348128984375 0.880944928125 0.93506325625 0.8789599156250001 0.9336055562500001 0.6027478296875 0.9741642609375001 0.6013228890625 0.9761226734375 0.5996179140625 0.97637303125 0.5976329015624999 0.9749153312500001 0.598753153125 0.981748209375 0.6001780921875 0.9797897953125 0.6041481171875 0.98270519375 0.6047082953125 0.9861219562500001
5 0.5182611078125 0.2990952453125 0.48075103906249994 0.30460318750000004 0.4787653234375 0.30314492187500003 0.369644471875 0.3191681171875 0.37132479375 0.32941710625 0.37331050781249997 0.3308753703125 0.37611108125000003 0.3479572328125 0.38008110624999997 0.35087263125 0.380641178125 0.3542887421875 0.3826261921875 0.355746440625 0.662248228125 0.3146870234375 0.656087009375 0.27710718437500004 0.5589009890625001 0.29137788124999997 0.5574761546875 0.2933369484375 0.545541321875 0.295089446875 0.543556203125 0.29363109375 0.5196859421875 0.2971361796875 0.5182611078125 0.2990952453125
0 0.53329398125 0.5505364 0.5352789921875 0.5519940984375 0.547213825 0.5502416 0.5500643000000001 0.5463246875000001 0.5458634390625 0.52070189375 0.5441584640625 0.52095225 0.542732928125 0.52291075 0.532503071875 0.5244128921875 0.5310781312499999 0.526371303125 0.5313581671875001 0.5280793593750001 0.527083453125 0.5339552515625 0.5284837421875 0.54249618125 0.532453765625 0.54541158125 0.53329398125 0.5505364
3 0.3931866359375 0.6970589828125 0.3861853078125 0.654354978125 0.3486752390625 0.65986291875 0.355676565625 0.7025669234375 0.3931866359375 0.6970589828125
3 1 0.8406122375 0.9726284125 0.8446314546875 0.9807500984375 0.8941689875 1 0.8913423515625001 1 0.8406122375
5 0.6240891890625 0.8380837828125 0.6201683640625 0.81416904375 0.6167578171875 0.8146698453125 0.61477280625 0.813212146875 0.599428021875 0.8154653609375 0.5980030796875 0.8174237718749999 0.5877726265625001 0.8189260015625001 0.5863477953125 0.82088506875 0.579527890625 0.8218864953124999 0.5755577578125 0.8189704453125 0.53634211875 0.8247288296875 0.5349171765625 0.82668724375 0.5178674156249999 0.8291908140625001 0.515882403125 0.8277331140624999 0.51247245 0.828233828125 0.5110475125 0.830192240625 0.5093419390625 0.8304426859375 0.5079171062500001 0.8324017515625 0.5028021781249999 0.833152821875 0.500817059375 0.83169446875 0.49229217812500004 0.8329462546874999 0.4903071671875 0.8314885562500001 0.4698468578125 0.8344929265625 0.4740477171875 0.860115721875 0.6240891890625 0.8380837828125
5 1 0.4347746640625 0.9588059359375001 0.44082355937499995 0.9573809953125 0.44278197031250005 0.9599015328125 0.4581557796875 1 0.4522677609375 1 0.4347746640625
5 0.8252546421875 0.4569350765625 0.8232696296875 0.455477378125 0.8096292265624999 0.45748032031249997 0.8076442125 0.45602262343750005 0.7036388828125 0.471294659375 0.70391891875 0.473002715625 0.7024933843750001 0.47496121718750006 0.70277341875 0.47666927187499997 0.6999236453125001 0.48058674999999995 0.7030042562500001 0.49937666875 0.88373589375 0.47283821875000004 0.8795350328125 0.4472154234375 0.8775500203125001 0.445757725 0.87414006875 0.44625843906249996 0.8727151281250001 0.44821685 0.831794509375 0.45422559375000005 0.8303695703124999 0.4561840046875 0.8252546421875 0.4569350765625
0 0.3139987578125 0.7891549625 0.317359403125 0.8096529374999999 0.354869471875 0.8041449953124999 0.3487082515625 0.766565159375 0.3401833734375 0.76781694375 0.33875843125 0.7697753546875 0.33534847968750003 0.77027606875 0.33392354062499996 0.7722344828125001 0.33221796875 0.772484928125 0.3236684359375 0.7842360562499999 0.3202584828125 0.7847367703125 0.3188336484375 0.7866958359375 0.315423696875 0.7871965515625 0.3139987578125 0.7891549625
3 0.5449662046875 0.7814795812499999 0.579066325 0.7764723546875001 0.5729051046875 0.738892515625 0.5422149375 0.743399028125 0.5393650578125 0.747315853125 0.5449662046875 0.7814795812499999
1 0.8328985796874999 0.58876005 0.8346041484375 0.5885096062499999 0.8374539234375 0.5845921281249999 0.8391588984375 0.5843417703125 0.8405838375 0.5823833578125 0.8439937921875 0.58188264375 0.8482685046875 0.5760067531249999 0.8499734812499999 0.575756396875 0.8513984203125 0.5737979828124999 0.853103396875 0.5735476265624999 0.8545283375 0.571589215625 0.8562333125 0.5713388562499999 0.863358503125 0.561546053125 0.8650634796875 0.5612956953125 0.8679133578125 0.5573788703125 0.8696183359375 0.5571285140625 0.8738930484375 0.551252621875 0.8736130109375001 0.5495445671875 0.8750379531249999 0.5475861531249999 0.873637665625 0.539045221875 0.8750626046875001 0.5370868093750001 0.8747824625 0.5353781015625 0.8560277265625 0.5381320265625 0.8446278234375001 0.553800721875 0.8429228468750001 0.5540510796875 0.8414979062500001 0.5560094921875 0.8397929296875001 0.5562598484375 0.8355182156250001 0.5621357406249999 0.8338132406250001 0.5623860984375 0.8323883015625 0.5643445093749999 0.8306833250000001 0.5645948671875 0.8278328484375 0.5685117796875 0.826127871875 0.5687621375 0.82470293125 0.57072055 0.8229979578125001 0.57097090625 0.8215731234374999 0.572929971875 0.8164581953125 0.5736810421875 0.8150332546874999 0.5756394546875 0.813328278125 0.5758898125 0.8104783984375 0.5798066390625001 0.807068446875 0.580307353125 0.80564350625 0.5822657640625 0.7988230062499999 0.5832672796875 0.7973981734375 0.5852263468750001 0.7939882218750001 0.585727059375 0.7897133984375 0.5916022984375 0.788008425 0.5918526546875 0.786583484375 0.5938110671875 0.7848785078125 0.594061425 0.7806037953125 0.599937315625 0.778898221875 0.6001877609374999 0.7760483421875 0.6041045859375 0.7763283796875 0.6058126406250001 0.774903546875 0.6077717078125 0.7751835812500001 0.6094797625 0.773758640625 0.6114381765625 0.77459885625 0.6165629953125 0.7731739156249999 0.6185214078125 0.773453953125 0.6202294640625 0.7634794765625 0.63393900625 0.7637595140625 0.6356470625 0.760909740625 0.639564540625 0.761189778125 0.641272596875 0.763174790625 0.6427302953125 0.764879765625 0.6424799390625 0.766864778125 0.6439376359375 0.777094634375 0.6424354937500001 0.778519575 0.64047708125 0.7819295281249999 0.6399763671875001 0.7862049421874999 0.6341010421875 0.7879099187499999 0.6338506859375 0.7907596906250001 0.62993320625 0.7924646671875 0.62968285 0.7921846328125 0.62797479375 0.7936095734374999 0.62601638125 0.795314546875 0.625766025 0.7967394890625 0.6238076125 0.796459453125 0.6220995546875 0.8064338187500001 0.6083893625 0.8081387953125001 0.6081390046874999 0.8109892703125 0.6042220921875 0.812694246875 0.603971734375 0.8155440203125 0.6000542546875 0.818953971875 0.5995535421875 0.8203789140625 0.597595128125 0.8220838890625 0.597344771875 0.8249337703125 0.593427946875 0.826638746875 0.5931775906250001 0.8280636843750001 0.591219178125 0.8314736375 0.5907184640625001 0.8328985796874999 0.58876005
1 0.3879485484375 0.750307428125 0.385098071875 0.7542243421875 0.387618609375 0.76959815 0.4660492984375 0.758081465625 0.462408509375 0.7358747828125 0.4607035328125 0.7361251390625 0.45927870000000004 0.7380842046875 0.39278344062500004 0.7478483015624999 0.3913584984375 0.7498067140625 0.3879485484375 0.750307428125
0 0.875673228125 0.8816095484375 0.8759532640625001 0.883317603125 0.877938278125 0.8847753031250001 0.8881687296875 0.883273075 0.8842479031250001 0.859358334375 0.8822628921875 0.8579006359375001 0.87544239375 0.8589021515624999 0.8711676796875001 0.864778040625 0.8736881109375 0.8801511968750001 0.875673228125 0.8816095484375
4 0.7101379156250001 0.6067861031249999 0.7109780234375 0.6119102703125 0.7129630359375 0.61336796875 0.714643359375 0.62361695625 0.713218525 0.6255760218749999 0.7146188125 0.634116953125 0.7640643109374999 0.6268564265625 0.7553825515625 0.5739027812499999 0.7042320765625 0.581413665625 0.7081527953125 0.6053277515625 0.7101379156250001 0.6067861031249999
5 0.2782092515625 0.6667110515625 0.2753594765625 0.67062853125 0.27844008750000004 0.68941845 0.34323037031250003 0.6799047093749999 0.339029509375 0.6542819140625 0.3270946765625 0.6560344125 0.3256697375 0.6579928265625 0.288159665625 0.6635007671875 0.28673413124999997 0.6654592671875 0.2782092515625 0.6667110515625
3 0.3923711796875 0.681435471875 0.384809565625 0.6353140484375001 0.37488450625 0.628025553125 0.3740442921875 0.622900734375 0.3754692296875 0.620942321875 0.3749090515625 0.61752555625 0.3442188859375 0.6220320687500001 0.354861109375 0.6869434125 0.3923711796875 0.681435471875
1 0.8795939468749999 0.9055236359375 0.879033875 0.9021075250000001 0.8770488640625 0.9006498234375 0.8767687203125 0.898941115625 0.8747837078125 0.8974834171875001 0.8745036718750001 0.8957753625 0.870533646875 0.8928599640625 0.8702536109375 0.891151909375 0.8682684937499999 0.8896935562499999 0.867428384375 0.8845693890625 0.8594882281249999 0.878737940625 0.85920819375 0.877029884375 0.85722318125 0.8755721875000001 0.8569430375 0.8738634781249999 0.854958025 0.8724057796875 0.8546779890625 0.870697725 0.8526929781250001 0.8692400250000001 0.8524129421875 0.86753196875 0.8504273343750001 0.8660743578125001 0.84986715625 0.8626575921875 0.8478821421875 0.8611998953125 0.8476021062499999 0.8594918390625 0.8456170937499999 0.8580341406249999 0.8439121187499999 0.8582844968750001 0.8419269999999999 0.85682614375 0.838517046875 0.8573268593750001 0.837092215625 0.859285925 0.8373722515625 0.86099398125 0.8393572624999999 0.8624516796874999 0.8401974781250001 0.8675764984375001 0.8441675015625 0.8704918968750001 0.844727575 0.8739080078124999 0.8467125859375001 0.8753657078125 0.8481128734375 0.883906640625 0.850097990625 0.8853649921875 0.8503780265625001 0.8870730468750001 0.854348053125 0.8899884437500001 0.8546280890625001 0.8916964984375 0.856613803125 0.8931547640625 0.8568938390625 0.8948628203125001 0.8628488765625001 0.899235915625 0.8631289109375 0.9009439718750001 0.8651140312500001 0.9024023234375 0.865674103125 0.905818434375 0.871629246875 0.910192184375 0.87190928125 0.9119002406250001 0.8738942921874999 0.9133579390625 0.874454365625 0.9167740515625 0.8764394843750001 0.918232403125 0.8767195203125 0.9199404578125 0.8826745578124999 0.924313553125 0.8829545921875 0.9260216078125 0.8849397124999999 0.9274799609375 0.8852197484375001 0.9291880171875 0.8872047609375 0.930645715625 0.888044975 0.935770534375 0.8900299875 0.9372282359374999 0.8903100234375 0.938936290625 0.8922956296875 0.9403939031249999 0.8928558093750001 0.9438106671875 0.896825834375 0.9467260625 0.8968968875 0.947159440625 0.9092643171875 0.9453434203125 0.9047906421875 0.9420581671875 0.9042304624999999 0.938641403125 0.9022454515625 0.9371837062499999 0.9016853812500001 0.9337675921875 0.8999804046875 0.93401795 0.896010271875 0.9311019 0.895730234375 0.92939384375 0.8877894859375 0.9235624828125 0.8866693421875 0.9167302609375 0.8846842234375 0.9152719093749999 0.8835640796875 0.908439684375 0.8795939468749999 0.9055236359375
1 0.511607690625 0.83360900625 0.5101821546875 0.83556750625 0.4948373703125 0.83782071875 0.4928523578125 0.8363630203125 0.48091693125 0.83811560625 0.4839975390625 0.8569055234375 0.6255141296875 0.8361253718749999 0.6224335187500001 0.8173354515625 0.5491177609375 0.8281010640625001 0.5476928203125 0.830059478125 0.5457078078125 0.8286017781250001 0.538887903125 0.8296032062500001 0.53746236875 0.8315617062499999 0.5204126062500001 0.8340652765625001 0.518427596875 0.832607578125 0.511607690625 0.83360900625
2 0.3892904625 0.6626448984375 0.390715403125 0.6606864859375 0.3924203796875 0.660436128125 0.39527025937500004 0.6565193046875 0.3969752359375 0.656268946875 0.398400771875 0.6543104468750001 0.400105746875 0.654060090625 0.40153068750000004 0.6521016765625001 0.4032356640625 0.6518513203125 0.4029555203125 0.6501426109375 0.4043804609375 0.6481841984375001 0.4060854359375 0.647933840625 0.4117850890625 0.6400995390625 0.413490065625 0.63984918125 0.4149150078125 0.63789076875 0.4166199828125 0.6376404124999999 0.4194698625 0.6337235859375 0.421174840625 0.633473228125 0.42402520781249997 0.6295556640625 0.42743516093749995 0.6290549484375 0.430285040625 0.6251381234375 0.4319900171875 0.6248877671875 0.43483989687499996 0.6209709421875 0.4365448734375 0.6207205859375 0.4379698125 0.6187621703125 0.4396747875 0.6185118140625 0.44252456249999994 0.6145943359375 0.44422953906249996 0.6143439796875 0.445654478125 0.6123855671875 0.44736005 0.6121351234375 0.4516347625 0.6062592296875 0.453339740625 0.6060088734375 0.4547646796875 0.6040504609374999 0.4564696546875 0.603800103125 0.4607444765625 0.597924865625 0.4624494515625 0.597674509375 0.4638742859375 0.59571544375 0.46557926250000004 0.5954650874999999 0.4670042 0.593506675 0.468709178125 0.5932563171874999 0.47155965312500003 0.5893394046875 0.4732646296875 0.5890890453125001 0.47468956875 0.587130634375 0.47809952187500004 0.58662991875 0.47952446249999997 0.5846715078125 0.48122943906250004 0.5844211515625 0.4840792109375 0.5805036734375 0.4857841875 0.580253315625 0.48720912812500006 0.578294903125 0.4889141046875 0.578044546875 0.491763984375 0.5741277203124999 0.4934689609375 0.5738773609375001 0.49631932812499996 0.569959796875 0.49972928124999993 0.5694590828125 0.5040041015625001 0.5635838453125 0.505709078125 0.5633334890625 0.507133909375 0.561374421875 0.5088388875 0.5611240640624999 0.5116887671875 0.5572072390625 0.5133937421875 0.5569568828125 0.517668565625 0.55108164375 0.519373540625 0.5508312875 0.519093396875 0.5491225796875 0.524793753125 0.5412888406249999 0.526498728125 0.5410384828125 0.5279235625 0.53907941875 0.5347434671875 0.538077990625 0.5461434765625001 0.5224099484375 0.5478484515625001 0.5221595906250001 0.5492733921874999 0.5202011796875 0.55097836875 0.519950821875 0.552403309375 0.517992409375 0.554108284375 0.517742053125 0.5569580578125 0.5138245734375 0.558663034375 0.5135742171875 0.5600879734374999 0.511615803125 0.56179295 0.511365446875 0.5646428296875 0.507448621875 0.56634780625 0.5071982640625 0.567772640625 0.5052391984375 0.5694782109375 0.5049887546875 0.57090315 0.5030303421875 0.572608128125 0.5027799859375001 0.5740330671875 0.5008215703125 0.57573804375 0.5005712140624999 0.578587925 0.49665438906250003 0.5802929 0.4964040328125 0.5817177328125 0.49444496562499995 0.5851276859375 0.493944253125 0.586552625 0.49198584062500006 0.5882576015625001 0.4917354828125 0.5911074828125 0.4878186578125 0.5928124578125 0.48756830156250003 0.59423799375 0.4856098015625 0.5959429703125 0.48535944375 0.5973679093750001 0.48340102968750004 0.5990728859375001 0.4831506734375 0.6033476 0.4772747828125 0.605052575 0.47702442500000003 0.606477515625 0.47506601406250004 0.6081824921875 0.47481565625 0.6138821437499999 0.466981353125 0.6155871203125 0.46673099375 0.618437596875 0.46281408281249997 0.620142571875 0.462563725 0.62156740625 0.4606046609375 0.626682334375 0.45985358906249996 0.628107275 0.4578951765625 0.6298122515625 0.45764481874999996 0.6295322156250001 0.45593676250000004 0.630957153125 0.45397835000000003 0.6326621296875 0.45372799375 0.639786725 0.44393527656250004 0.6414917015625 0.4436849203125 0.6429172359375 0.4417264203125 0.6446222125000001 0.44147606406250006 0.647471984375 0.43755858437499995 0.6491769609375 0.43730822812500003 0.650601903125 0.43534981406249995 0.654011853125 0.4348491015625 0.6554367937500001 0.43289068750000004 0.6588467484375 0.43238997343749996 0.6631214609375 0.42651408281250003 0.6648264359375 0.426263725 0.666251375 0.42430531250000003 0.6679569484375001 0.42405486718749996 0.670806828125 0.42013804375 0.6725118046875 0.4198876859375 0.67393674375 0.4179292734375 0.6756417203125 0.417678915625 0.6770666609375 0.4157205046875 0.6787716374999999 0.41547014843749996 0.6830463499999999 0.40959425625 0.6864563031250001 0.4090935421875 0.6878812421875 0.407135128125 0.6895862187499999 0.406884771875 0.6938615265625 0.40100879375 0.6972714812499999 0.40050808125000004 0.6986964203125 0.3985496671875 0.7004013953125 0.39829931093750004 0.70610105 0.39046500625 0.707806025 0.39021465 0.7075259890625001 0.38850659374999996 0.71037586875 0.38458976875 0.7120808453125 0.3843394109375 0.7177810953125 0.3765050203125 0.7194860703125 0.3762546625 0.720911009375 0.37429625 0.7226159875 0.37404589375 0.724040928125 0.37208748125 0.725745903125 0.37183712343750003 0.7285956765625 0.367919646875 0.7320056296875 0.36741893281250004 0.73343056875 0.3654605171875 0.736840521875 0.3649598046875 0.7396904015625 0.361042978125 0.7413959734375 0.360792534375 0.7428208078125 0.3588334703125 0.7462307578125 0.35833275468750003 0.7476556984375 0.35637434218749997 0.7493606749999999 0.3561239859375 0.7522105546875 0.35220715937499997 0.75391553125 0.351956803125 0.7553404703125 0.34999838906249997 0.7570454468750001 0.34974803125 0.7584703875 0.3477896203125 0.7618803390625 0.34728890625000003 0.7647301125 0.343371428125 0.7664356859375 0.34312098281250003 0.7678606234375 0.341162571875 0.7712705765625001 0.34066185625 0.77269551875 0.3387034453125 0.77440049375 0.3384530890625 0.7772502671875 0.334535609375 0.7789552421875 0.3342852515625 0.781805121875 0.3303684265625 0.7835101 0.33011806875 0.7877848125 0.3242421796875 0.7894897890625 0.32399182187500003 0.79519014375 0.3161580828125 0.7968951203125 0.3159077265625 0.8011698328125 0.3100318359375 0.802874809375 0.309781478125 0.8057246906250001 0.3058646515625 0.8054446546875 0.3041565953125 0.8068694859375001 0.30219753125 0.80658945 0.300489475 0.8080143921875 0.2985310625 0.8077343546875 0.29682300625 0.8105841281249999 0.29290552812500004 0.8122891046875 0.2926551703125 0.813714640625 0.2906966703125 0.8154196171875 0.2904463140625 0.8168445562500001 0.28848790156250004 0.8134346046875001 0.288988615625 0.811448996875 0.28753100468750004 0.8097440203125 0.2877813609375 0.8083190796874999 0.28973977500000003 0.804909128125 0.29024048750000003 0.8034841890625 0.2921989015625 0.8017792125 0.29244925781250003 0.800354271875 0.29440766875 0.7969443203125001 0.294908384375 0.7955194859375 0.29686745000000003 0.7921095328125001 0.2973681640625 0.7906845953125 0.2993265765625 0.7872746421875 0.299827290625 0.7858491062499999 0.301785790625 0.7841441312499999 0.302036146875 0.7827191890625 0.3039945609375 0.7810142124999999 0.3042449171875 0.778164440625 0.3081623953125 0.7764594640625 0.30841275156250003 0.77218464375 0.31428799218750003 0.7687746921875 0.31478870468750003 0.767349753125 0.31674711875 0.7656447749999999 0.31699747500000003 0.7642199421875 0.3189565390625 0.7625149671875 0.3192068984375 0.759664490625 0.323123809375 0.7579595140625 0.3233741671875 0.755109634375 0.3272909921875 0.7534046578125 0.32754135156249997 0.75197971875 0.3294997625 0.7502747421875 0.32975011875 0.748849909375 0.3317091859375 0.7471449328124999 0.3319595421875 0.744295053125 0.33587636718749997 0.7425900765625 0.3361267234375 0.7383153625000001 0.3420026171875 0.736609790625 0.34225306093749996 0.7280602578125001 0.3540041875 0.72635528125 0.3542545453125 0.723505403125 0.35817137187500003 0.7218004265625 0.35842172968749997 0.720375484375 0.36038014218750003 0.7206555203125 0.362088196875 0.7149558671875 0.3699225015625 0.7081353671875 0.3709240171875 0.706710428125 0.3728824296875 0.6947755953125 0.374634928125 0.6919258203124999 0.37855240625 0.6902208437499999 0.3788027640625 0.68737036875 0.38271967500000004 0.68566539375 0.38297003281249997 0.6799657390625 0.3908043375 0.6782607640625 0.39105469375 0.6768358250000001 0.39301310625 0.6734258718749999 0.393513821875 0.6705759921875 0.3974306453125 0.668871015625 0.397681003125 0.66744618125 0.3996400671875 0.66574120625 0.399890425 0.6614657890625 0.40576575156250005 0.659760815625 0.406016109375 0.6583358734375 0.40797452031250003 0.656630896875 0.40822487812499997 0.652356184375 0.41410076875 0.6506512078125 0.41435112500000004 0.64922626875 0.4163095375 0.6475212921875 0.41655989531250004 0.6460963515625 0.418518309375 0.64637649375 0.4202270171875 0.6449515546875 0.42218542968749995 0.6432465796875 0.4224357875 0.6418216375 0.4243941984375 0.6384110921875 0.4248950015625 0.6369861515624999 0.42685341250000003 0.6352811734375 0.427103771875 0.6310064609375 0.43297966250000003 0.6258915328125 0.433730734375 0.6244665921875 0.43568914531249997 0.622761615625 0.4359395015625 0.6213366765624999 0.43789791562499997 0.6216167140625 0.43960597031250004 0.620191771875 0.4415643828125 0.6184867953125 0.44181474062500004 0.61136160625 0.45160754531249997 0.60965663125 0.4518579015625 0.6099367734375 0.453566609375 0.6070868921875 0.4574834359375 0.601971965625 0.45823450625 0.600547025 0.46019291874999996 0.5937271187500001 0.4611943453125 0.59230218125 0.4631527609375 0.5871866578125 0.46390391875 0.5857617171875 0.46586233125 0.584056740625 0.4661126890625 0.5826319062499999 0.4680717546875 0.58291194375 0.469779809375 0.5800620624999999 0.473696634375 0.5783570859375 0.4739469921875 0.5726574328125 0.48178129687500004 0.57095245625 0.48203165312499996 0.5695275171875 0.483990065625 0.5678225421875001 0.48424042343749996 0.5663976 0.486198834375 0.5646920296875 0.4864492796875 0.5618422562500001 0.49036675937499996 0.5601372796875 0.490617115625 0.558712340625 0.492575528125 0.557007365625 0.4928258859375 0.5555824234375 0.494784296875 0.553877446875 0.4950346546875 0.5510275671875 0.49895148125000005 0.549322590625 0.49920183749999997 0.547897759375 0.5011609015625 0.54619278125 0.501411259375 0.52909311875 0.5249136046875 0.5273881421875 0.5251639625 0.52026355 0.5349566796875 0.5117380734375 0.5362085515625 0.50888819375 0.5401253765625 0.5071832171875 0.540375734375 0.5057582765624999 0.542334146875 0.5006433484375 0.54308521875 0.49921851562499997 0.5450442828125001 0.49751353906249995 0.5452946390625 0.494663659375 0.5492114640625 0.4929586828125 0.549461821875 0.491533146875 0.5514203234374999 0.4898281703125 0.5516706796874999 0.4855534578125 0.5575465703125 0.4838484828125 0.5577969265625 0.482423540625 0.559755340625 0.47901358906249997 0.5602560546875 0.47758865000000006 0.5622144671875 0.47588367343750004 0.5624648234375 0.47160895937499997 0.568340715625 0.46990398281249995 0.5685910734374999 0.46847904375000005 0.5705494843750001 0.46677347343750003 0.5707999296875 0.463923590625 0.5747167546874999 0.46221861718749996 0.5749671109375 0.460793675 0.5769255249999999 0.45908869843750005 0.57717588125 0.4576638671875 0.579134946875 0.45595888906250004 0.579385303125 0.453109009375 0.5833021296875 0.451404034375 0.5835524875 0.44997909375 0.5855109 0.44827411718750004 0.58576125625 0.44399940468750004 0.591637146875 0.44229383125000005 0.5918875906250001 0.44086889375 0.593846003125 0.437458940625 0.5943467171875 0.43460906093749996 0.59826354375 0.43290408437499994 0.5985139015625001 0.430054309375 0.602431378125 0.426644359375 0.60293209375 0.4223695390625 0.60880733125 0.4206645625 0.6090576875 0.4192396203125 0.6110161 0.4175340515625 0.6112665453125 0.41610921718749994 0.6132256109374999 0.414404240625 0.61347596875 0.4101294203125 0.61935120625 0.40842444375 0.6196015625 0.40414973125 0.6254774546874999 0.402444753125 0.6257278125 0.40101981562500005 0.6276862249999999 0.3993148390625 0.62793658125 0.3978898984375 0.62989499375 0.396184921875 0.6301453515625 0.393334446875 0.6340622640625 0.38992449375 0.6345629765624999 0.3884996625 0.63652204375 0.374859853125 0.6385248984375 0.3634598421875 0.654192940625 0.361754865625 0.6544432984374999 0.35890509375 0.6583607765624999 0.3591851296875 0.6600688328125 0.357760190625 0.6620272453125 0.358040225 0.6637353 0.356615284375 0.6656937140625 0.35857575 0.6776514078125 0.3605607625 0.6791091078125 0.36196105 0.687650040625 0.36394606406249996 0.6891077390625 0.3642260984375 0.69081579375 0.37018124218750004 0.69518954375 0.3704612765625 0.6968975984375 0.372446290625 0.6983552984375 0.3727263265625 0.700063353125 0.3812518015625 0.69881148125 0.38267674218750003 0.6968530703125 0.38438171875 0.6966027109375 0.38580665937499997 0.6946443 0.38751163437499997 0.69439394375 0.388936575 0.6924355296875 0.3940515015625 0.691684459375 0.4000065390625 0.6960575546875 0.401711515625 0.6958071968749999 0.40369652812499995 0.6972648968749999 0.4054021 0.6970144515625 0.40738721718750004 0.6984728046875001 0.40909219375 0.6982224484375 0.41107720781249996 0.6996801453125 0.41448715781249995 0.6991794328125 0.41845718437499996 0.7020948296875 0.41873721875000003 0.7038028859375001 0.4207223375 0.7052612375 0.42128240781250004 0.7086773484375 0.446857646875 0.70492190625 0.4428876234375 0.7020065093750001 0.44260747968749997 0.7002978 0.4386374578125 0.697382403125 0.43693247968750004 0.697632759375 0.43494746875 0.6961750624999999 0.4315369203125 0.6966758625 0.4295519078125 0.6952181640624999 0.42443697968749994 0.6959692343749999 0.422451859375 0.6945108828125 0.4173369328125 0.6952619531249999 0.41138189687500004 0.6908888578125 0.40967691874999995 0.6911392140625 0.4076919078125 0.689681515625 0.4059869296875 0.689931871875 0.40003119218750005 0.6855582109375 0.398326215625 0.6858085671875 0.38840105 0.678519421875 0.3866960734375 0.6787697781250001 0.3827260484375 0.6758543796875001 0.381605796875 0.6690215046875 0.38445567812500003 0.6651046796875 0.38616065312500003 0.6648543234375001 0.3875854875 0.66289525625 0.3892904625 0.6626448984375
0 0.8833338359375 0.8857322 0.8850388125 0.8854818421875 0.8890089437500001 0.8883978953125 0.889569015625 0.8918140046874999 0.891554028125 0.8932717046875001 0.8923942437499999 0.8983965234375001 0.89437925625 0.8998542234375 0.8946592921875001 0.9015622796875 0.89806924375 0.901061565625 0.8924680953124999 0.8668978375 0.884528046875 0.8610670421875 0.8842479031250001 0.859358334375 0.8740174515625 0.8608605640625001 0.877658240625 0.883067246875 0.879643253125 0.8845249468749999 0.8813482296874999 0.8842745875 0.8833338359375 0.8857322
0 0.9566393921874999 0.395659775 0.94879785 0.34783094999999997 0.9351580421874999 0.34983380468749997 0.942999584375 0.3976626296875 0.9566393921874999 0.395659775
1 0.592706728125 0.7744694109375 0.6592019875 0.7647053125000001 0.6541609109375 0.733957696875 0.589370628125 0.7434714375 0.5879456875 0.7454298515625 0.592706728125 0.7744694109375
5 0.9089066906250001 0.157766778125 0.9136676234375001 0.1868056828125 0.964927634375 0.179278715625 0.9596065234375001 0.14682304531249998 0.9117564625 0.15384930000000002 0.9089066906250001 0.157766778125
5 0.8650719484374999 0.6784979328125 0.907697540625 0.6722388328125 0.9046169328125 0.6534489156250001 0.8654012906249999 0.6592073 0.8625514109375001 0.6631241250000001 0.8650719484374999 0.6784979328125
0 0.849265596875 0.6353370046875 0.9259913093750001 0.6240706781250001 0.9226306624999999 0.6035727015625 0.847609928125 0.614588671875 0.8461849859375 0.6165470843749999 0.849265596875 0.6353370046875
1 0.9275887140625001 0.5486162015625 0.9327036421875 0.54786513125 0.9341285812500001 0.5459067171875 0.9358335562500001 0.5456563609375 0.9378185703125 0.547114059375 0.9238156999999999 0.4617047421875 0.91358584375 0.463206884375 0.9275887140625001 0.5486162015625