5 0.814766775 1 0.814766775 0.9852775296875 0.549750409375 0.9852775296875 0.549750409375 1 0.814766775 1
1 0.952785596875 0.5471790515625 0.6910163671875 0.5430805734375 0.6896088375 0.5573804828125 0.952725040625 0.5576642796875 0.952785596875 0.5471790515625
1 0.6926243859375 0.6292927484375 0.8698093296874999 0.74139749375 0.8744983640624999 0.7237072515625 0.69596235625 0.61871351875 0.6926243859375 0.6292927484375
1 0.34577577812500004 0.42813070781249996 0.3461112921875 0.45051029531250003 0.38232651406249996 0.4492641 0.381468084375 0.4287126234375 0.34577577812500004 0.42813070781249996
1 0.3430957453125 0.382384959375 0.3428862515625 0.40753983906249996 0.3807806875 0.40519158437499997 0.3802700484375 0.37747806562499997 0.3430957453125 0.382384959375
1 0.215506546875 0.5090644578125 0.21503191562500001 0.52401074375 0.25869558125 0.52352014375 0.25936742968750004 0.5070993734375 0.215506546875 0.5090644578125
1 0.28037315937499996 0.6140447625000001 0.277944353125 0.630165621875 0.3020155484375 0.63412265 0.314919803125 0.6084225609375 0.3168396078125 0.590184421875 0.2938297875 0.6061754703125 0.297006546875 0.6144207703125 0.28037315937499996 0.6140447625000001
5 0.43118657968749996 0.5964503140625 0.37097381406249996 0.5964503140625 0.37097381406249996 0.61339749375 0.43118657968749996 0.61339749375 0.43118657968749996 0.5964503140625
1 0.41994026250000005 0.63266875625 0.380067921875 0.6358227390625 0.37897626875 0.636212175 0.3785769234375 0.6478487015625001 0.420409984375 0.647596240625 0.41994026250000005 0.63266875625
0 0.39212111250000004 0.617350940625 0.37739034375 0.6166965078125 0.37675859218749996 0.634347359375 0.39103764375 0.6356195171875 0.39212111250000004 0.617350940625
1 0.5618559734375 0.6670474484375 0.5617037640625 0.677860340625 0.5811211125 0.6763464640625 0.5807945984375 0.6645308859375 0.5618559734375 0.6670474484375
1 0.545860884375 0.6619892562499999 0.3857414078125 0.765065353125 0.3902847796875 0.77422291875 0.5586260234375 0.6705675921875 0.545860884375 0.6619892562499999
1 0.3804893609375 0.7654529984375 0.4724549921875 0.7066257828125 0.46249263437500004 0.70014503125 0.3730883796875 0.7568352734375 0.3732700484375 0.75786213125 0.3804893609375 0.7654529984375
5 0.5347422265625 0.8174440468749999 0.3717225859375 0.8174440468749999 0.3717225859375 0.8327618625 0.5347422265625 0.8327618625 0.5347422265625 0.8174440468749999
1 0.446261046875 0.763656221875 0.41845662812500006 0.7661888984375 0.419103928125 0.7665210390625 0.41901145624999997 0.7805434203125 0.4460752859375 0.780053715625 0.446261046875 0.763656221875
1 0.3796358421875 0.7011871078125 0.379116203125 0.7131101156249999 0.404347790625 0.7131011640625 0.4042602296875 0.6996481640625001 0.3796358421875 0.7011871078125
0 0.48686988593749997 0.6527896156249999 0.47437152187500004 0.661280215625 0.47973649687500003 0.6747690234375 0.49289443593750004 0.668834378125 0.48686988593749997 0.6527896156249999
2 0.32559901875 0.27013786875 0.5160016359374999 0.6466392125 0.36991489375 0.7377126234375 0.37956710312499997 0.74451298125 0.5257438624999999 0.6579265890625 0.5284607203125 0.6434028640625 0.3267806875 0.2492005375 0.3148518828125 0.25735094062499997 0.303799509375 0.9987126234374999 0.319615384375 0.9987126234374999 0.32559901875 0.27013786875
5 0.8375 0.6312497765625 0.83906219375 0.6296875562500001 0.8609378062499999 0.6296875562500001 0.8609378062499999 0.6109373328125 0.7875 0.6109373328125 0.7875 0.6312497765625 0.8375 0.6312497765625
5 0.94843780625 0.7140626671875 0.95 0.712500446875 0.95 0.7031253359375 0.88593780625 0.7031253359375 0.88593780625 0.7171871078125001 0.8890621937500001 0.7171871078125001 0.8906252046875001 0.7187502234375 0.9031252046875 0.7187502234375 0.9046873984375001 0.7171871078125001 0.9468747953125 0.7171871078125001 0.94843780625 0.7156248875 0.94843780625 0.7140626671875
1 0.8734517187499999 0.7297090421875 0.43732651406249995 0.9985675921875 0.456945171875 0.9991047453125 0.875334696875 0.7489364375 0.8734517187499999 0.7297090421875
2 0.6952029453125 0.58234915 0.695189853125 0.5945282 0.860761865625 0.7038871984374999 0.3824181671875 0.9971539843749999 0.3996783953125 0.9991047453125 0.8731743046875 0.7085998203125 0.8715818328125 0.6940904203125 0.7090081828125 0.591626678125 0.9461366609375 0.5956660703125001 0.94758510625 0.582500446875 0.6952029453125 0.58234915
1 0.322458265625 0.7653536265625001 0.33535515625 0.7598245296874999 0.3375581015625 0.5439632953125 0.3242806875 0.5547591765625 0.324346153125 0.5548039390625 0.322458265625 0.7653536265625001
1 0.332031915625 0.9991047453125 0.3474672671875 0.9988988359375 0.352019640625 0.5337511187499999 0.33697545 0.5457287375 0.332031915625 0.9991047453125
1 0.35199918124999996 0.443236346875 0.3371996734375 0.4544082359375 0.3362029453125 0.5455756484375 0.35131833125 0.5364243515625 0.35199918124999996 0.443236346875
1 0.5338191484375 0.613547896875 0.5464967265625 0.6388567593750001 0.56225531875 0.6296257828125 0.5496505734375 0.6013939125000001 0.5338191484375 0.613547896875
1 0.34430605625 0.24239838906250002 0.5345965625 0.614065353125 0.54825531875 0.6023849593749999 0.349860065625 0.2262166515625 0.34430605625 0.24239838906250002
4 0.8453126015624999 0.8109373328125 0.9046873984375001 0.8109373328125 0.9046873984375001 0.75 0.86406219375 0.75 0.8593747953124999 0.7546875562500001 0.8562504093750001 0.7546875562500001 0.8546873984375001 0.7562497765625 0.8515621937500001 0.7562497765625 0.84843780625 0.7593751125 0.8468747953125 0.7593751125 0.8453126015624999 0.7609373328125 0.8453126015624999 0.8109373328125
4 0.23593780625 0.2171871078125 0.23593780625 0.2593751125 0.2718747953125 0.2593751125 0.2718747953125 0.2093751125 0.24218739843749998 0.2093751125 0.24218739843749998 0.2109373328125 0.23593780625 0.2171871078125
4 0.3453126015625 0.1843751125 0.3453126015625 0.2234377796875 0.381250409375 0.2234377796875 0.381250409375 0.1843751125 0.3453126015625 0.1843751125
4 0.6218747953125 0.6234377796875 0.6218747953125 0.6765622203125 0.62343780625 0.6781253359375 0.6625 0.6781253359375 0.66406219375 0.6765622203125 0.6656252046875 0.6765622203125 0.6671873984375 0.6781253359375 0.6671873984375 0.6234377796875 0.6218747953125 0.6234377796875
4 0.24218739843749998 0.6984377796875 0.24375040937499998 0.6968746640625 0.24375040937499998 0.6562497765625 0.2031252046875 0.6562497765625 0.2031252046875 0.7031253359375 0.2046873984375 0.7031253359375 0.206250409375 0.70468755625 0.23593780625 0.70468755625 0.2375 0.7031253359375 0.23906219375 0.7031253359375 0.24218739843749998 0.7 0.24218739843749998 0.6984377796875
0 0.22656219375000003 0.5062497765625 0.22656219375000003 0.4906248875 0.21562520468750002 0.4906248875 0.21562520468750002 0.5093751125 0.22343780624999998 0.5093751125 0.22656219375000003 0.5062497765625
4 0.53906219375 0.587500446875 0.5421873984375 0.587500446875 0.5437504093750001 0.5890626671875 0.581250409375 0.5890626671875 0.5843747953125 0.5859373328124999 0.5843747953125 0.5390626671875001 0.53906219375 0.5390626671875001 0.53906219375 0.587500446875
0 0.4546873984375 0.3093751125 0.4546873984375 0.2921871078125 0.43593780625 0.2921871078125 0.43593780625 0.31093733281249997 0.4531252046875 0.31093733281249997 0.4546873984375 0.3093751125
4 0.3625 0.4484377796875 0.3625 0.4921871078125 0.3968747953125 0.4921871078125 0.3968747953125 0.4484377796875 0.3625 0.4484377796875
0 0.4875 0.4343751125 0.4875 0.46562488750000003 0.581250409375 0.46562488750000003 0.581250409375 0.45468755625 0.5796873984375 0.45312533593750004 0.5796873984375 0.4437502234375 0.581250409375 0.44218710781250004 0.581250409375 0.4343751125 0.4875 0.4343751125
0 0.54843780625 0.9859373328125001 0.63906219375 0.9859373328125001 0.63906219375 0.9671871078125 0.6375 0.9656248875 0.6375 0.9562497765625 0.63906219375 0.95468755625 0.54843780625 0.95468755625 0.54843780625 0.9859373328125001
4 0.4046873984375 0.5156248875 0.4031252046875 0.5140626671875 0.4031252046875 0.5125004468750001 0.3625 0.5125004468750001 0.36093780625 0.5140626671875 0.36093780625 0.55468755625 0.3625 0.55468755625 0.36406219375000004 0.5562497765625001 0.39843780624999997 0.5562497765625001 0.4 0.55468755625 0.4046873984375 0.55468755625 0.4046873984375 0.5156248875
0 0.53593780625 0.3718746640625 0.53593780625 0.3421871078125 0.4453126015625 0.3421871078125 0.4453126015625 0.375 0.48906219375 0.375 0.49062520468750004 0.3734377796875 0.4968747953125 0.3734377796875 0.49843780625 0.375 0.5343747953125 0.375 0.5343747953125 0.3734377796875 0.53593780625 0.3718746640625
0 0.0968747953125 0.6734377796875 0.0968747953125 0.70468755625 0.18906219375 0.70468755625 0.18906219375 0.6734377796875 0.0968747953125 0.6734377796875
4 0.8765621937500001 0.6421871078125 0.8765621937500001 0.6859373328125 0.9218747953124999 0.6859373328125 0.9296873984375 0.6781253359375 0.9296873984375 0.675 0.931250409375 0.6734377796875 0.931250409375 0.662500446875 0.9296873984375 0.6609373328125 0.9296873984375 0.6375004468750001 0.9281252046875 0.6359373328125 0.893750409375 0.6359373328125 0.8921873984375001 0.6375004468750001 0.8890621937500001 0.6375004468750001 0.8875 0.6390626671875 0.88593780625 0.6390626671875 0.8843747953125 0.6406248875 0.8828126015625 0.6406248875 0.881250409375 0.6421871078125 0.8765621937500001 0.6421871078125
0 0.2296873984375 0.3718746640625 0.2296873984375 0.3906248875 0.2968747953125 0.3906248875 0.29843780625 0.38906266718750004 0.29843780625 0.3843751125 0.3 0.3828128921875 0.29843780625 0.3812497765625 0.29843780625 0.3718746640625 0.2296873984375 0.3718746640625
0 0.29218739843749997 0.55 0.29375040937499997 0.5484377796875 0.2953126015625 0.5484377796875 0.2953126015625 0.5312497765625 0.2781252046875 0.5312497765625 0.2781252046875 0.55 0.29218739843749997 0.55
5 0.268750409375 0.6437502234375 0.268750409375 0.6406248875 0.27031260156250003 0.6390626671875 0.27031260156250003 0.5953124437499999 0.1468747953125 0.5953124437499999 0.1468747953125 0.6609373328125 0.27031260156250003 0.6609373328125 0.27031260156250003 0.6531253359375 0.268750409375 0.6515622203125 0.268750409375 0.6484377796875 0.2671873984375 0.6468746640624999 0.2671873984375 0.64531244375 0.268750409375 0.6437502234375
4 0.3906252046875 0.425 0.38906219375 0.4234377796875 0.38906219375 0.42031244375 0.3875 0.41875022343749996 0.3875 0.41562488750000004 0.38593780624999996 0.4140626671875 0.38593780624999996 0.40624977656250005 0.38437479531249996 0.40468755625 0.38437479531249996 0.40312533593750005 0.381250409375 0.4 0.35156219375000003 0.4 0.35156219375000003 0.43281289218749996 0.3625 0.43281289218749996 0.36406219375000004 0.4312497765625 0.38437479531249996 0.4312497765625 0.38593780624999996 0.42968755625000005 0.3875 0.42968755625000005 0.3906252046875 0.4265622203125 0.3906252046875 0.425
4 0.7781252046875 0.57031244375 0.7781252046875 0.5421871078125 0.7312504093750001 0.5421871078125 0.7312504093750001 0.5734377796875 0.775 0.5734377796875 0.7781252046875 0.57031244375
4 0.26093780624999996 0.4343751125 0.26093780624999996 0.3968746640625 0.22343780624999998 0.3968746640625 0.22343780624999998 0.43593733281249997 0.25937479531249996 0.43593733281249997 0.26093780624999996 0.4343751125
0 0.5578126015625 0.6468746640624999 0.5578126015625 0.6656248875 0.5718747953125 0.6656248875 0.5718747953125 0.6468746640624999 0.5578126015625 0.6468746640624999
0 0.306250409375 0.2171871078125 0.306250409375 0.237500446875 0.3078126015625 0.23906266718750002 0.3093747953125 0.23906266718750002 0.31093780625 0.24062488750000002 0.3156252046875 0.24062488750000002 0.3203126015625 0.23593733281249998 0.3203126015625 0.2171871078125 0.306250409375 0.2171871078125
5 0.70156219375 0.3734377796875 0.4406252046875 0.3734377796875 0.4406252046875 0.3984377796875 0.4421873984375 0.4 0.44375040937500004 0.4 0.4453126015625 0.4015622203125 0.44687479531249996 0.4015622203125 0.44843780625 0.40312533593750005 0.70156219375 0.40312533593750005 0.70156219375 0.3734377796875
0 0.306250409375 0.30624977656249996 0.306250409375 0.3234377796875 0.31406219375 0.3234377796875 0.31406219375 0.30624977656249996 0.306250409375 0.30624977656249996
4 0.54843780625 0.6906248875000001 0.5046873984375 0.6906248875000001 0.5046873984375 0.737500446875 0.5343747953125 0.737500446875 0.53593780625 0.7359373328125 0.5421873984375 0.7359373328125 0.5437504093750001 0.737500446875 0.5453126015625 0.737500446875 0.54843780625 0.7343751125 0.54843780625 0.6906248875000001
5 0.6218747953125 0.89531244375 0.6218747953125 0.9578128921875001 0.643750409375 0.9578128921875001 0.6453126015625 0.9562497765625 0.7875 0.9562497765625 0.78906219375 0.9578128921875001 0.8703126015624999 0.9578128921875001 0.8703126015624999 0.89531244375 0.6218747953125 0.89531244375
4 0.24218739843749998 0.9703124437499999 0.2406252046875 0.9703124437499999 0.2406252046875 0.9984377796875 0.2843747953125 0.9984377796875 0.2843747953125 0.9625004468749999 0.2828126015625 0.9609373328125 0.2828126015625 0.9562497765625 0.2625 0.9562497765625 0.2625 0.9578128921875001 0.25937479531249996 0.9609373328125 0.2578126015625 0.9609373328125 0.25156219375 0.9671871078125 0.24843780624999998 0.9671871078125 0.24687479531249998 0.9687502234375 0.24375040937499998 0.9687502234375 0.24218739843749998 0.9703124437499999
3 0.881250409375 0.7468746640624999 0.8796873984375001 0.7453124437499999 0.8796873984375001 0.7437502234375 0.881250409375 0.7421871078125 0.881250409375 0.6828128921875 0.8421873984375001 0.6828128921875 0.8421873984375001 0.737500446875 0.843750409375 0.7390626671875 0.843750409375 0.7406248875 0.8453126015624999 0.7406248875 0.8468747953125 0.7421871078125 0.84843780625 0.7421871078125 0.8531252046875 0.7468746640624999 0.881250409375 0.7468746640624999
5 0.2828126015625 0.8671871078125 0.2843747953125 0.8656248874999999 0.2843747953125 0.8640626671874999 0.2906252046875 0.8578128921875001 0.2906252046875 0.8562497765625 0.29218739843749997 0.85468755625 0.29218739843749997 0.8515622203125 0.29375040937499997 0.85 0.29375040937499997 0.8484377796875 0.2968747953125 0.8453124437499999 0.2968747953125 0.8437502234375 0.29843780625 0.8421871078125 0.29843780625 0.8406248875 0.3 0.8390626671874999 0.3 0.8359373328125 0.30156219375000004 0.8343751125000001 0.30156219375000004 0.80468755625 0.17343780625 0.80468755625 0.17343780625 0.8703124437499999 0.2406252046875 0.8703124437499999 0.24218739843749998 0.8687502234375 0.24687479531249998 0.8687502234375 0.24843780624999998 0.8703124437499999 0.281250409375 0.8703124437499999 0.2828126015625 0.8687502234375 0.2828126015625 0.8671871078125
3 0.29375040937499997 0.5484377796875 0.29375040937499997 0.5812497765625 0.32343780624999996 0.5812497765625 0.32343780624999996 0.5484377796875 0.29375040937499997 0.5484377796875
0 0.618750409375 0.5812497765625 0.62343780625 0.5812497765625 0.625 0.57968755625 0.6281252046875 0.57968755625 0.631250409375 0.5765622203125 0.631250409375 0.5656248875000001 0.618750409375 0.5656248875000001 0.618750409375 0.5812497765625
0 0.2968747953125 0.8734377796875 0.2968747953125 0.8890626671874999 0.31093780625 0.8890626671874999 0.31093780625 0.8734377796875 0.2968747953125 0.8734377796875
5 0.6171873984375 0.6906248875000001 0.6171873984375 0.6765622203125 0.5625 0.6765622203125 0.5625 0.6921871078125 0.6156252046875 0.6921871078125 0.6171873984375 0.6906248875000001
5 0.95 0.6 0.95 0.675 0.9984378062499999 0.675 0.9984378062499999 0.6 0.95 0.6
0 0.375 0.7890626671875001 0.375 0.8109373328125 0.45156219374999995 0.8109373328125 0.45156219374999995 0.7890626671875001 0.375 0.7890626671875001
0 0.9140621937500001 0.6156248875 0.9187504093750001 0.6109373328125 0.9203126015624999 0.6109373328125 0.9218747953124999 0.6093751125 0.925 0.6093751125 0.9296873984375 0.60468755625 0.9296873984375 0.587500446875 0.8984378062499999 0.587500446875 0.8984378062499999 0.6203124437499999 0.9031252046875 0.6203124437499999 0.9046873984375001 0.6187502234375 0.906250409375 0.6187502234375 0.9078126015624999 0.6171871078125 0.91093780625 0.6171871078125 0.9125 0.6156248875 0.9140621937500001 0.6156248875
0 0.30312520468750004 0.45312533593750004 0.30312520468750004 0.43906266718750003 0.2328126015625 0.43906266718750003 0.2328126015625 0.45468755625 0.30156219375000004 0.45468755625 0.30312520468750004 0.45312533593750004
0 0.8890621937500001 0.6859373328125 0.8890621937500001 0.7031253359375 0.8984378062499999 0.7031253359375 0.8984378062499999 0.6859373328125 0.8890621937500001 0.6859373328125
5 0.5281252046875 0.325 0.5296873984375 0.3265622203125 0.5375 0.3265622203125 0.53906219375 0.325 0.5406252046875 0.325 0.5421873984375 0.3265622203125 0.5796873984375 0.3265622203125 0.5828126015625 0.3234377796875 0.5828126015625 0.3031253359375 0.4593747953125 0.3031253359375 0.45781260156250003 0.30468755625 0.44843780625 0.30468755625 0.44687479531249996 0.30624977656249996 0.4453126015625 0.30624977656249996 0.4453126015625 0.3265622203125 0.50156219375 0.3265622203125 0.5031252046875 0.325 0.5281252046875 0.325
0 0.6781252046875 0.8218746640625 0.681250409375 0.8187502234374999 0.6828126015625 0.8187502234374999 0.6843747953125 0.8171871078124999 0.68906219375 0.8171871078124999 0.6953126015625 0.8109373328125 0.6968747953125 0.8109373328125 0.6984378062500001 0.8093751125 0.6984378062500001 0.8078128921875001 0.70156219375 0.80468755625 0.70156219375 0.8031253359375 0.7031252046875001 0.8015622203125 0.70156219375 0.8 0.70156219375 0.79531244375 0.7 0.7937502234375 0.7 0.7890626671875001 0.68593780625 0.7890626671875001 0.68593780625 0.7906248875 0.6843747953125 0.7921871078125 0.6828126015625 0.7921871078125 0.681250409375 0.7937502234375 0.6796873984375 0.7937502234375 0.67343780625 0.8 0.67343780625 0.8218746640625 0.6781252046875 0.8218746640625
5 0.5921873984375 0.4578128921875 0.5906252046875 0.45937511249999996 0.58906219375 0.45937511249999996 0.5875 0.4578128921875 0.4843747953125 0.4578128921875 0.4843747953125 0.4843751125 0.5125 0.4843751125 0.51406219375 0.4828128921875 0.5218747953125 0.4828128921875 0.52343780625 0.4843751125 0.6578126015625 0.4843751125 0.6578126015625 0.4578128921875 0.5921873984375 0.4578128921875
5 0.7421873984375 0.5437502234375 0.743750409375 0.54531244375 0.7625 0.54531244375 0.76406219375 0.5437502234375 0.7671873984375 0.5437502234375 0.768750409375 0.54531244375 0.82343780625 0.54531244375 0.82343780625 0.52031244375 0.8218747953125 0.52031244375 0.8203126015625 0.5187502234375 0.8 0.5187502234375 0.79843780625 0.52031244375 0.781250409375 0.52031244375 0.7796873984375 0.5187502234375 0.725 0.5187502234375 0.72343780625 0.52031244375 0.706250409375 0.52031244375 0.7046873984375 0.5187502234375 0.6593747953125 0.5187502234375 0.6593747953125 0.5421871078125 0.6765621937499999 0.5421871078125 0.6781252046875 0.5437502234375 0.6984378062500001 0.5437502234375 0.7 0.54531244375 0.72343780625 0.54531244375 0.725 0.5437502234375 0.7421873984375 0.5437502234375
1 0.6781252046875 0.6109373328125 0.6781252046875 0.6093751125 0.6796873984375 0.6078128921875 0.6796873984375 0.5890626671875 0.6171873984375 0.5890626671875 0.6171873984375 0.6109373328125 0.6781252046875 0.6109373328125
0 0.4421873984375 0.4640626671875 0.4421873984375 0.4515622203125 0.4406252046875 0.45 0.4343747953125 0.45 0.4296873984375 0.44531244374999995 0.4296873984375 0.43281289218749996 0.42812520468750004 0.43281289218749996 0.42812520468750004 0.46562488750000003 0.4296873984375 0.46562488750000003 0.4328126015625 0.46875022343749995 0.43593780625 0.46875022343749995 0.4375 0.4671871078125 0.4406252046875 0.4671871078125 0.4406252046875 0.46562488750000003 0.4421873984375 0.4640626671875
3 0.49843780625 0.6109373328125 0.49843780625 0.662500446875 0.52656219375 0.662500446875 0.52656219375 0.6109373328125 0.49843780625 0.6109373328125
5 0.10781260156250001 0.7593751125 0.10781260156250001 0.7796875562500001 0.29375040937499997 0.7796875562500001 0.29375040937499997 0.7593751125 0.10781260156250001 0.7593751125
3 0.7218747953125 0.6156248875 0.7218747953125 0.5781253359375 0.6875 0.5781253359375 0.6875 0.6187502234375 0.718750409375 0.6187502234375 0.7218747953125 0.6156248875
5 0.27656219375 0.5812497765625 0.2781252046875 0.57968755625 0.2781252046875 0.5593751124999999 0.1125 0.5593751124999999 0.1125 0.5828128921875 0.156250409375 0.5828128921875 0.15781260156250002 0.5812497765625 0.26093780624999996 0.5812497765625 0.2625 0.5828128921875 0.27343780624999997 0.5828128921875 0.275 0.5812497765625 0.27656219375 0.5812497765625
3 0.325 0.375 0.31093780625 0.375 0.31093780625 0.4 0.32343780624999996 0.4 0.32343780624999996 0.3984377796875 0.325 0.3968746640625 0.325 0.39531244375 0.32656219375 0.3937502234375 0.32656219375 0.3765622203125 0.325 0.375
0 0.8203126015625 0.5687502234374999 0.8203126015625 0.587500446875 0.8546873984375001 0.587500446875 0.8546873984375001 0.5687502234374999 0.8203126015625 0.5687502234374999
5 0.6781252046875 0.6093751125 0.6781252046875 0.5812497765625 0.6156252046875 0.5812497765625 0.6156252046875 0.6109373328125 0.6765621937499999 0.6109373328125 0.6781252046875 0.6093751125