3 0.48138297812499997 0.7413172046875001 0.421530278125 0.7413172046875001 0.421530278125 0.8055286734375 0.48138297812499997 0.8055286734375 0.48138297812499997 0.7413172046875001
3 0.487373159375 1 0.487373159375 0.9355913984375 0.450433715625 0.9355913984375 0.450433715625 1 0.487373159375 1
3 0.49450081875 0.4313888890625 0.4516857609375 0.4313888890625 0.4516857609375 0.5009408609375 0.49450081875 0.5009408609375 0.49450081875 0.4313888890625
3 0.4961129296875 0.502831540625 0.45419803593749997 0.502831540625 0.45419803593749997 0.5788172046875 0.4961129296875 0.5788172046875 0.4961129296875 0.502831540625
3 0.49517185 0.3915591390625 0.45523731562499997 0.3915591390625 0.45523731562499997 0.43700716875 0.49517185 0.43700716875 0.49517185 0.3915591390625
3 0.51564648125 0.144229390625 0.463895253125 0.144229390625 0.463895253125 0.216379928125 0.51564648125 0.216379928125 0.51564648125 0.144229390625
5 0.63664484375 0.1346415765625 0.560834696875 0.1346415765625 0.560834696875 0.16682795625 0.63664484375 0.16682795625 0.63664484375 0.1346415765625
5 1 0.2582795703125 0.7076513906249999 0.2582795703125 0.7076513906249999 0.305627240625 1 0.305627240625 1 0.2582795703125
5 0.705114565625 0.8394265234375 0.578420621875 0.8394265234375 0.578420621875 0.8657347671875 0.705114565625 0.8657347671875 0.705114565625 0.8394265234375
1 0.6780523734374999 0.910869175 0.593469721875 0.910869175 0.593469721875 0.93956093125 0.6780523734374999 0.93956093125 0.6780523734374999 0.910869175
1 0.45050736562499993 0.8710304656250001 0.3989852703125 0.8710304656250001 0.3989852703125 0.906639784375 0.45050736562499993 0.906639784375 0.45050736562499993 0.8710304656250001
5 0.3860474625 0.8325627234375 0.13801145625 0.8325627234375 0.13801145625 0.9638172046875001 0.3860474625 0.9638172046875001 0.3860474625 0.8325627234375
5 0.393592471875 0.772105734375 0.0639852703125 0.772105734375 0.0639852703125 0.8031630828124999 0.393592471875 0.8031630828124999 0.393592471875 0.772105734375
1 0.273346971875 0.6636415765625 0.2706202953125 0.6844121859375 0.35303927968750004 0.6861505375 0.35330605625 0.666578853125 0.273346971875 0.6636415765625
0 0.715263503125 0.5362616484375 0.689708675 0.5477043015625 0.6896432078125 0.5508010750000001 0.70259738125 0.57912365625 0.7285891984374999 0.5609874546875 0.715263503125 0.5362616484375
1 0.95740261875 0.975797490625 0.95740261875 0.9968835125 0.9932520453125001 0.9968835125 0.993029459375 0.971290321875 0.95740261875 0.975797490625
1 0.9568248765625 0.9029318999999999 0.9323911624999999 0.8471200718749999 0.906531915625 0.8689354843749999 0.9274173484375 0.9159265234375 0.9314369890625 0.91496595 0.9568248765625 0.9029318999999999
1 0.52392635 0.12126523281249998 0.9066906703125 0.8705215046875001 0.9331014734374999 0.8485645156249999 0.540315875 0.105801075 0.52392635 0.12126523281249998
1 0.5546988546875 0.43311290312499995 0.5359787234375 0.4248745515625 0.5367217671875 0.3984569890625 0.521968903125 0.4118028671875 0.5231309328125 0.46588530468749995 0.5369181671875001 0.458290321875 0.536 0.44334408593749997 0.557762684375 0.4523673828125 0.6027970546875 0.4487526875 0.5996448437499999 0.41288172031250003 0.5556121109375 0.41510931875 0.5546988546875 0.43311290312499995
1 0.5255875609375 0.52582795625 0.55197545 0.5407992828125 0.5955433718750001 0.5329605734375 0.5907561375 0.5073154125 0.5522716859375 0.5076917562500001 0.5505286421875 0.5204157703125001 0.5248101468749999 0.5051594984375 0.5255875609375 0.52582795625
1 0.51154828125 0.9978709671875 0.5336546640625001 0.9982078859374999 0.5385090015625 0.5334462359375001 0.511214403125 0.5472473124999999 0.51154828125 0.9978709671875
0 1 0.5144982078125 0.8118494265624999 0.5144982078125 0.8118494265624999 0.576756271875 1 0.576756271875 1 0.5144982078125
0 0.9078314234375 0.3215501796875 0.7190098203125 0.3215501796875 0.7190098203125 0.39027777812500003 0.9078314234375 0.39027777812500003 0.9078314234375 0.3215501796875
0 0.44144844531249994 0.51345878125 0.3012356796875 0.51345878125 0.3012356796875 0.5543548390625 0.44144844531249994 0.5543548390625 0.44144844531249994 0.51345878125
0 0.4379541734375 0.3869086015625 0.2965139109375 0.3869086015625 0.2965139109375 0.427428315625 0.4379541734375 0.427428315625 0.4379541734375 0.3869086015625
0 0.6172667749999999 0.877544803125 0.59206219375 0.877544803125 0.59206219375 0.9130286734374999 0.6172667749999999 0.9130286734374999 0.6172667749999999 0.877544803125
2 0.46676791250000005 0.39254469687500004 0.48509983593749995 0.383301075 0.488458265625 0.1885053765625 0.8648805234375001 0.9357347671875 0.78071849375 0.9982078859374999 0.8202765953125001 0.9982078859374999 0.8901194765625 0.9489372765624999 0.8919279875000001 0.92358960625 0.49095089999999997 0.148112903125 0.469505728125 0.159448028125 0.46676791250000005 0.39254469687500004
2 0.4526333875 0.99757526875 0.480396071875 0.9982078859374999 0.48640261875 0.5746290328125 0.4577348609375 0.5827688171875 0.4526333875 0.99757526875
1 0.4863813421875 0.7467347671875 0.48324549843750003 0.9982078859374999 0.5109378062500001 0.9982078859374999 0.5128887078125001 0.7330430109375 0.4863813421875 0.7467347671875
0 0.442188215625 0.2562491046875 0.442188215625 0.2875 0.47187561406249995 0.2875 0.47187561406249995 0.2562491046875 0.442188215625 0.2562491046875
4 0.918749590625 0.8187491046875 0.918749590625 0.8203118281249999 0.9983633390625 0.8203118281249999 0.9983633390625 0.7187508953124999 0.917188215625 0.7187508953124999 0.917188215625 0.817188171875 0.918749590625 0.8187491046875
0 0.47968739843749997 0.079688171875 0.45156301093750006 0.079688171875 0.45156301093750006 0.117188171875 0.46718821562499996 0.117188171875 0.468749590625 0.11875089531250001 0.4734369890625 0.11875089531250001 0.475 0.117188171875 0.47812438593750006 0.117188171875 0.47968739843749997 0.1156254484375 0.47968739843749997 0.079688171875
4 0.28593780625 0.43593727656250003 0.28593780625 0.517188171875 0.3593747953125 0.517188171875 0.3593747953125 0.43593727656250003 0.28593780625 0.43593727656250003
4 0.56093780625 0.6281254484375001 0.56406219375 0.6281254484375001 0.5656252046875 0.6265627234375 0.567188215625 0.6281254484375001 0.631250409375 0.6281254484375001 0.631250409375 0.5312508953124999 0.56093780625 0.5312508953124999 0.56093780625 0.6281254484375001
4 0.525 0.0125 0.525 0.095311828125 0.5593747953125 0.095311828125 0.56093780625 0.0937508953125 0.568749590625 0.0937508953125 0.5703126015625 0.095311828125 0.6046873984375 0.095311828125 0.6046873984375 0.0125 0.525 0.0125
4 0.381250409375 0.1406254484375 0.38593780624999996 0.13593727656250001 0.38750081875000003 0.13593727656250001 0.38906219375 0.1343745515625 0.38906219375 0.0640627234375 0.3046873984375 0.0640627234375 0.3046873984375 0.1625 0.3765630109375 0.1625 0.3781243859375 0.1609372765625 0.3781243859375 0.1531254484375 0.3796873984375 0.1515627234375 0.3796873984375 0.1437491046875 0.381250409375 0.142188171875 0.381250409375 0.1406254484375
0 0.9812504093750001 0.9718745515625 0.9812504093750001 0.9375 0.95 0.9375 0.95 0.9734372765625 0.9796873984375001 0.9734372765625 0.9812504093750001 0.9718745515625
0 0.38906219375 0.7015627234374999 0.38906219375 0.742188171875 0.42656301093750004 0.742188171875 0.4281243859375 0.7406254484375 0.4296873984375 0.7406254484375 0.4296873984375 0.7375 0.43125040937500003 0.7359372765625001 0.43125040937500003 0.7015627234374999 0.38906219375 0.7015627234374999
4 0.581250409375 0.7531254484375001 0.642188215625 0.7531254484375001 0.642188215625 0.670311828125 0.56406219375 0.670311828125 0.5593747953125 0.675 0.5593747953125 0.6765627234375 0.557811784375 0.6781254484375 0.557811784375 0.7484372765625 0.5656252046875 0.7484372765625 0.567188215625 0.75 0.5781243859375 0.75 0.581250409375 0.7531254484375001
4 0.317188215625 0.9531254484374999 0.242188215625 0.9531254484374999 0.242188215625 0.9982078859374999 0.325 0.9982078859374999 0.325 0.9812508953125001 0.3203126015625 0.9765627234375 0.3203126015625 0.9640627234375 0.318749590625 0.9625 0.318749590625 0.9546881718750001 0.317188215625 0.9531254484374999
0 0.7468756140624999 0.25781182812500003 0.7484369890625 0.2562491046875 0.7484369890625 0.22343727656249998 0.7468756140624999 0.22187455156250002 0.707811784375 0.22187455156250002 0.707811784375 0.25781182812500003 0.7468756140624999 0.25781182812500003
4 0.6140621937499999 0.495311828125 0.6171882156249999 0.49843727656250003 0.6171882156249999 0.470311828125 0.6156252046875 0.46875089531249997 0.6156252046875 0.467188171875 0.6140621937499999 0.46562544843750003 0.6140621937499999 0.4640627234375 0.61250081875 0.4625 0.61250081875 0.45937455156249996 0.61093780625 0.457811828125 0.61093780625 0.44843727656250004 0.6093747953124999 0.4468745515625 0.53750081875 0.4468745515625 0.53750081875 0.507811828125 0.593749590625 0.507811828125 0.593749590625 0.5062508953125 0.6031243859375001 0.4968745515625 0.6062504093750001 0.4968745515625 0.607811784375 0.495311828125 0.6140621937499999 0.495311828125
5 0.8031243859374999 0.5062508953125 0.8031243859374999 0.604688171875 0.9968756140625 0.604688171875 0.9968756140625 0.5062508953125 0.8031243859374999 0.5062508953125
5 0.793749590625 0.44374910468750006 0.7953126015625 0.44531182812500003 0.8140621937500001 0.44531182812500003 0.8156252046875 0.4468745515625 0.818749590625 0.4468745515625 0.8203126015625 0.44843727656250004 0.9983633390625 0.44843727656250004 0.9983633390625 0.3859372765625 0.7218756140625 0.3859372765625 0.7218756140625 0.43906272343749997 0.7234369890625 0.43906272343749997 0.725 0.4406254484375 0.732811784375 0.4406254484375 0.7343747953124999 0.442188171875 0.767188215625 0.442188171875 0.7687495906249999 0.44374910468750006 0.793749590625 0.44374910468750006
0 0.292188215625 0.6625 0.292188215625 0.6609372765625 0.293749590625 0.6593745515625 0.293749590625 0.65 0.292188215625 0.6484372765625 0.292188215625 0.6359372765625 0.293749590625 0.6343745515625 0.293749590625 0.625 0.2656252046875 0.625 0.2656252046875 0.6640627234375 0.267188215625 0.6640627234375 0.26874959062500003 0.6625 0.275 0.6625 0.2765630109375 0.6640627234375 0.28906219375000003 0.6640627234375 0.2906252046875 0.6625 0.292188215625 0.6625
0 0.7843747953125 0.9843745515625001 0.78750081875 0.9812508953125001 0.78906219375 0.9812508953125001 0.792188215625 0.9843745515625001 0.792188215625 0.9875 0.793749590625 0.9890627234375 0.793749590625 0.9906254484374999 0.7953126015625 0.9921881718750001 0.8031243859374999 0.9921881718750001 0.817188215625 0.9781254484374999 0.817188215625 0.9765627234375 0.818749590625 0.975 0.818749590625 0.9703118281249999 0.817188215625 0.9687508953125 0.817188215625 0.9671881718750001 0.8156252046875 0.9656254484375 0.8156252046875 0.9625 0.8140621937500001 0.9609372765625 0.8140621937500001 0.9593745515625001 0.81250081875 0.9578118281249999 0.81250081875 0.9562508953125001 0.8109378062499999 0.9546881718750001 0.8109378062499999 0.9531254484374999 0.807811784375 0.95 0.8015630109374999 0.95 0.8 0.9515627234374999 0.7984369890624999 0.9515627234374999 0.7953126015625 0.9546881718750001 0.793749590625 0.9546881718750001 0.792188215625 0.9562508953125001 0.78906219375 0.9562508953125001 0.78593780625 0.9593745515625001 0.78593780625 0.9609372765625 0.7843747953125 0.9625 0.7843747953125 0.9843745515625001
1 0.8906252046875001 0.0437491046875 0.8906252046875001 0.05 0.8890621937500001 0.0515627234375 0.8890621937500001 0.054688171875000004 0.8875008187500001 0.05625089531250001 0.8875008187500001 0.057811828125 0.88593780625 0.0593745515625 0.88593780625 0.060937276562499997 0.8796873984375001 0.06718817187500001 0.8781243859375 0.06718817187500001 0.8671882156249999 0.0781254484375 0.8656252046875 0.0781254484375 0.8593747953124999 0.0843745515625 0.857811784375 0.0843745515625 0.8531243859375 0.0890627234375 0.8515630109375 0.0890627234375 0.843749590625 0.0968745515625 0.842188215625 0.0968745515625 0.842188215625 0.0984372765625 0.8406252046875 0.1 0.83906219375 0.1 0.83750081875 0.10156272343749999 0.8359378062499999 0.10156272343749999 0.8343747953125 0.1031254484375 0.831250409375 0.1031254484375 0.8296873984375001 0.10468817187499999 0.825 0.10468817187499999 0.8234369890625001 0.1062491046875 0.8203126015625 0.1062491046875 0.818749590625 0.10781182812500001 0.817188215625 0.10781182812500001 0.8140621937500001 0.1109372765625 0.81250081875 0.1109372765625 0.807811784375 0.1156254484375 0.807811784375 0.117188171875 0.806250409375 0.11875089531250001 0.806250409375 0.1234372765625 0.8046873984375 0.125 0.8046873984375 0.1265627234375 0.806250409375 0.1281254484375 0.8093747953125 0.1281254484375 0.8109378062499999 0.12968817187499998 0.8109378062499999 0.1312508953125 0.8140621937500001 0.1343745515625 0.8140621937500001 0.13593727656250001 0.8156252046875 0.1375 0.8156252046875 0.13906272343749998 0.818749590625 0.142188171875 0.8203126015625 0.142188171875 0.825 0.1468745515625 0.8265630109375 0.1468745515625 0.8281243859374999 0.1484372765625 0.8296873984375001 0.1484372765625 0.831250409375 0.15 0.83906219375 0.15 0.8406252046875 0.1484372765625 0.842188215625 0.1484372765625 0.843749590625 0.1468745515625 0.8468756140625 0.1468745515625 0.85 0.1437491046875 0.8515630109375 0.1437491046875 0.8531243859375 0.142188171875 0.8546873984375001 0.142188171875 0.8562504093750001 0.1406254484375 0.857811784375 0.1406254484375 0.8593747953124999 0.13906272343749998 0.8593747953124999 0.1375 0.8625008187500001 0.1343745515625 0.8625008187500001 0.132811828125 0.8671882156249999 0.1281254484375 0.8671882156249999 0.1265627234375 0.8718756140625 0.1218745515625 0.8734369890625 0.1218745515625 0.8734369890625 0.120311828125 0.8765630109375 0.117188171875 0.8781243859375 0.117188171875 0.8828117843750001 0.1125 0.8828117843750001 0.1109372765625 0.8890621937500001 0.10468817187499999 0.8906252046875001 0.10468817187499999 0.8968756140625 0.0984372765625 0.9015630109374999 0.0984372765625 0.9046873984375001 0.095311828125 0.9046873984375001 0.0937508953125 0.906250409375 0.092188171875 0.906250409375 0.0875 0.9046873984375001 0.0859372765625 0.9046873984375001 0.082811828125 0.9015630109374999 0.079688171875 0.9 0.079688171875 0.8984369890625 0.0781254484375 0.8984369890625 0.075 0.9031243859375 0.070311828125 0.9031243859375 0.0687508953125 0.9046873984375001 0.06718817187500001 0.9046873984375001 0.0656254484375 0.907811784375 0.0625 0.9093747953125 0.0640627234375 0.91093780625 0.0640627234375 0.9125008187500001 0.0656254484375 0.917188215625 0.0656254484375 0.918749590625 0.0640627234375 0.9234369890625 0.0640627234375 0.925 0.0625 0.9281243859374999 0.0625 0.9296873984375 0.0640627234375 0.9390621937500001 0.0640627234375 0.9406252046875 0.0656254484375 0.942188215625 0.0656254484375 0.9453126015625 0.0687508953125 0.957811784375 0.0687508953125 0.957811784375 0.0187491046875 0.956250409375 0.020311828125 0.956250409375 0.0343745515625 0.9546873984375001 0.035937276562499995 0.9546873984375001 0.0375 0.9531243859374999 0.0390627234375 0.9468756140625001 0.0390627234375 0.943749590625 0.035937276562499995 0.943749590625 0.0312508953125 0.942188215625 0.029688171875000002 0.942188215625 0.0265627234375 0.9390621937500001 0.0234372765625 0.93750081875 0.0234372765625 0.9359378062499999 0.0218745515625 0.9343747953125 0.0218745515625 0.932811784375 0.020311828125 0.9296873984375 0.020311828125 0.9281243859374999 0.0187491046875 0.9203126015624999 0.0187491046875 0.917188215625 0.0156254484375 0.9156252046875 0.0156254484375 0.91093780625 0.0109372765625 0.8984369890625 0.0109372765625 0.8953126015624999 0.014062723437499999 0.8953126015624999 0.017188171874999998 0.8937495906249999 0.0187491046875 0.8937495906249999 0.0375 0.892188215625 0.0390627234375 0.892188215625 0.042188171875 0.8906252046875001 0.0437491046875
3 0.8886415718749999 0.878673834375 0.8275286421875 0.878673834375 0.8275286421875 0.9837275984374999 0.8886415718749999 0.9837275984374999 0.8886415718749999 0.878673834375