5 0.719376534375 0.0753221890625 0.70909036875 0.01237721875 0.6793544875 0.0118581765625 0.690311996875 0.078911359375 0.719376534375 0.0753221890625
5 0.35097255 0.0222029796875 0.3832271140625 0.219580959375 0.43598398437499997 0.213066028125 0.4037294203125 0.015688050000000002 0.35097255 0.0222029796875
3 0.30473157031250003 0.4385889515625 0.3121790265625 0.48416278437500004 0.38647935 0.47498745937500003 0.3790318921875 0.42941362656250004 0.30473157031250003 0.4385889515625
3 0.9232811406250001 0.39124796875 0.93464759375 0.46080363125 0.98875206875 0.454122284375 0.9773856140625 0.3845666203125 0.9232811406250001 0.39124796875
3 0.5625220765625001 0.42458807031249995 0.56929224375 0.466017309375 0.6127797859374999 0.46064704531249995 0.6060096171875 0.41921780625 0.5625220765625001 0.42458807031249995
3 0.6009736921875 0.42438333906250003 0.6063537765625 0.45730612812500004 0.6759010625 0.44871775312500006 0.6705209765625 0.4157949625 0.6009736921875 0.42438333906250003
3 0.6657709546875 0.40872639218750006 0.673259378125 0.45455090781249996 0.75284085 0.44472341406250004 0.7453524265625 0.3988989 0.6657709546875 0.40872639218750006
1 0.8125575578124999 0.48444778125 0.8528101250000001 0.50185765625 0.874329196875 0.4436365125 0.8343894578125 0.42716322812499996 0.8125575578124999 0.48444778125
1 0.4317551796875 0.66705433125 0.47388789375 0.715069146875 0.501467190625 0.69319385 0.461259525 0.6429755234375001 0.4317551796875 0.66705433125
1 0.276792290625 0.4318061578125 0.8686280359375 0.015161959375 0.8295153265625 0.01447924375 0.25925902343749996 0.417339715625 0.276792290625 0.4318061578125
1 0.591390984375 0.3598313140625 0.5875914203125 0.3766440078125 0.5586991484375 0.380491515625 0.57517181875 0.394959353125 0.6303875859375 0.3888483203125 0.6158707671875 0.37146732656250003 0.5927570515625 0.31282470625 0.5678367109375 0.31722854843750004 0.5738360578125 0.3599890515625 0.591390984375 0.3598313140625
1 0.6672597140625001 0.3505219796875 0.68293185625 0.35206469375 0.670709165625 0.38141903125 0.670231028125 0.384291215625 0.7056854890625 0.3773078171875 0.6940492328125 0.3629451640625 0.6996247734375001 0.35192986406250004 0.6894813890625 0.3014207078125 0.660263625 0.3070508515625 0.6672597140625001 0.3505219796875
1 0.6911717859375 0.36434562187499997 0.7152160609375 0.3883688984375 0.989392146875 0.35260485468749997 0.9856528984375 0.328461025 0.6911717859375 0.36434562187499997
2 0.9388071109375 0.0516960109375 0.9348239328125001 0.017419196875 0.31178909843749997 0.46269980000000005 0.3244377296875 0.48353041093750004 0.5691029109375 0.45439940781250004 0.5556883828125 0.43472555156250003 0.359190825 0.4559067546875 0.9388071109375 0.0516960109375
2 0.752340540625 0.43135032500000003 0.9988147156249999 0.40900320625 0.994269909375 0.38741054531249997 0.7435685999999999 0.416086675 0.752340540625 0.43135032500000003
5 0.574933903125 0.1925825234375 0.545017609375 0.0095133171875 0.4917551859375 0.008583618749999999 0.51779371875 0.19851349375 0.574933903125 0.1925825234375
0 0.4650365984375 0.00811724375 0.42299651406249994 0.013308762499999998 0.4542228546875 0.20439464531249998 0.5200915453125 0.19626053906250002 0.48941560781250004 0.008542781250000001 0.4650365984375 0.00811724375
0 0.69326395 0.07929699375 0.682251684375 0.011908746874999999 0.616128475 0.0107545625 0.628633596875 0.08727817812500001 0.69326395 0.07929699375
0 0.6932582296875001 0.46074231250000003 0.7167667421874999 0.6045998671875 0.757814028125 0.59953095 0.734305515625 0.45567339531249995 0.6932582296875001 0.46074231250000003
1 0.8704614140625001 0.6232309734375 0.8990415421875 0.6197016203125 0.89747721875 0.6101289421875 0.8988025765625001 0.6083370640625 0.88680935625 0.53494598125 0.8566430609375001 0.5386712078125 0.8704614140625001 0.6232309734375
4 0.6392167343749999 0.63551031875 0.7233673109375001 0.6251185890625 0.7105916578125 0.5469394953125 0.6264410812500001 0.5573312265625 0.6392167343749999 0.63551031875
4 0.839641484375 0.236394190625 0.8380535 0.236590290625 0.8362065203125001 0.23519016406249998 0.8155645078125 0.237739240625 0.8296436703125 0.32389500781249997 0.9106200937500001 0.31389525156250003 0.9103595562500001 0.3123009203125 0.91168673125 0.3105088171875 0.9106437609375 0.30412647656249997 0.9119693890624999 0.30233626875 0.9096226328125001 0.28797558125 0.9109500828125 0.2861851484375 0.901303071875 0.227151409375 0.8409686609374999 0.23460208906250002 0.839641484375 0.236394190625
0 0.921407046875 0.44928855624999997 0.9198190578125001 0.44948465625 0.9179702609374999 0.448084753125 0.9147942859375 0.448476953125 0.9134671093750001 0.45026905624999997 0.9071169828125001 0.45105323124999996 0.9052681843749999 0.449653328125 0.8862141578125 0.4520063046875 0.8929930640625001 0.49348902031249997 0.9310992953125 0.48878329374999996 0.9295349749999999 0.479210615625 0.9276882703125 0.477812159375 0.925602328125 0.465047475 0.923753528125 0.463647571875 0.9250809765625 0.46185713906250003 0.9232558453124999 0.4506884578125 0.921407046875 0.44928855624999997
4 0.7007743765625001 0.33818253593750003 0.7026228999999999 0.33958076875 0.783599325 0.3295810125 0.784926775 0.32779057968749997 0.7752797625000001 0.2687568421875 0.7766072125 0.266966409375 0.7747820796875 0.255797728125 0.682691565625 0.267169959375 0.6787097656250001 0.2725445984375 0.689920825 0.34114934375 0.6994469249999999 0.33997296875 0.7007743765625001 0.33818253593750003
0 0.43161767656250005 0.495123725 0.4633737796875 0.49120217187500004 0.4615249828125 0.4898022703125 0.4594393109375 0.47703925468749997 0.46076648750000004 0.47524715312500004 0.4586808171875 0.462484140625 0.45683201875 0.4610842359375 0.426663903125 0.46480968906250003 0.43161767656250005 0.495123725
0 0.8316203546875001 0.6036128062499999 0.8360525078125001 0.630734834375 0.8725707500000001 0.6262252078125 0.8683991359375 0.6006975109375 0.8665506109375001 0.599299278125 0.8316203546875001 0.6036128062499999
4 0.2563529578125 0.6616301390625 0.3595575609375 0.64888543125 0.34599974843750003 0.5659199984375001 0.24279514375 0.5786647078125 0.2563529578125 0.6616301390625
4 0.6503449359375 0.2972072859375 0.650084125 0.2956112796875 0.6527369281250001 0.29202896875 0.6559129046875001 0.29163676875 0.65513074375 0.28685043125 0.6186125 0.291360059375 0.61728505 0.293150490625 0.6125229109375 0.293738565625 0.6111957328125001 0.2955306703125 0.6080197593750001 0.2959228703125 0.6066925828125 0.29771497343750003 0.600340634375 0.298499375 0.5990150062499999 0.30028958125 0.5958390312499999 0.30068178125 0.6075717125 0.3724785328125 0.6679061234375 0.365027853125 0.6579985734375 0.3043997828125 0.6561500484375 0.30300155 0.6558892375 0.3014055484375 0.6503449359375 0.2972072859375
0 0.3507760015625 0.228401365625 0.3872942453125 0.22389173593749997 0.38077615 0.1840050234375 0.3474338796875 0.18812245 0.34610670312499997 0.18991455625 0.34451871562499997 0.19011065625 0.3507760015625 0.228401365625
0 0.24487668906249999 0.4823756125 0.24930911562500002 0.5094993140625 0.287415346875 0.5047935859375 0.28350427031250003 0.480860221875 0.2798087671875 0.47806186093749997 0.24487668906249999 0.4823756125
4 0.1703702734375 0.44274540937499995 0.2529328625 0.432549778125 0.24693611718750003 0.39585340156250004 0.24508759218749998 0.39445516875000003 0.2432624578125 0.38328648906249996 0.2445896359375 0.381494384375 0.2396358609375 0.35118035000000003 0.1570732703125 0.36137598125000003 0.1703702734375 0.44274540937499995
0 0.5879341375 0.6190550625 0.6244523796875 0.6145454359375 0.6030729609375001 0.483716615625 0.6012241625 0.48231671093750006 0.6009636234375 0.48072237968750003 0.5993756375 0.4809184796875 0.5975268390624999 0.47951857656249997 0.5816487875 0.48147935156250005 0.5803216109375 0.48327145781249997 0.570795509375 0.4844478328125 0.568946709375 0.48304792656249995 0.56577255625 0.483439903125 0.5879341375 0.6190550625
0 0.6927127750000001 0.1698986953125 0.6815986859375001 0.1712711703125 0.680271509375 0.1730632734375 0.6755075453125 0.173651575 0.6741803703125 0.175443678125 0.6725923828125 0.175639778125 0.6712667546875 0.17742998593749998 0.6730918875 0.1885986671875 0.6749388640625 0.18999879375 0.6751994031249999 0.1915931265625 0.676787390625 0.1913970265625 0.6860311109375 0.1983948703125 0.686291921875 0.1999908734375 0.688138625 0.2013893296875 0.6883994375 0.2029853359375 0.6902482359375 0.2043852375 0.693424209375 0.2039930375 0.6947513859375001 0.20220093437500003 0.6979273609375001 0.201808734375 0.701907340625 0.19643431875 0.7034953265625 0.19623821875 0.7074771281250001 0.19086358125 0.7066949671875 0.1860772421875 0.7048461703125 0.1846773390625 0.704324821875 0.181487003125 0.702476021875 0.1800871 0.7019546734375 0.1768967640625 0.700105875 0.1754968609375 0.6998450640625 0.1739008578125 0.696149559375 0.1711024984375 0.6945615734375 0.1712985984375 0.6927127750000001 0.1698986953125
5 1 0.489016778125 0.998145240625 0.4776667984375 0.9591739953125 0.48247934687500005 1 0.732309240625 1 0.489016778125