4 0.335677490625 0.696085775 0.3369035484375 0.6941986499999999 0.33536652031249997 0.6866068375000001 0.33659337968749997 0.6847195187499999 0.332289984375 0.6634638390625 0.3304482796875 0.6623142578125 0.2875052796875 0.672651275 0.285052540625 0.6764265875000001 0.28351914843750003 0.6767956984375 0.2912039328125 0.7147530171875001 0.294886190625 0.71705063125 0.33169481875 0.7081902484375 0.3353736140625 0.7025278125 0.335066278125 0.7010097984375 0.33629233593749996 0.6991226734375 0.335677490625 0.696085775
4 0.55339696875 0.48444973593749996 0.5515554390624999 0.48330102343750003 0.5362191125 0.48699270625 0.5349922515625 0.48888002343750003 0.5150541468750001 0.493679421875 0.5251979625 0.5437825953125001 0.5696751546875001 0.5330762765625 0.5607608546875 0.48904602812500003 0.555237696875 0.48559863906249995 0.5549303609375 0.484080625 0.55339696875 0.48444973593749996
4 0.2604902796875 1 0.260028996875 0.9977215968750001 0.2612558578125 0.9958342796874999 0.260333675 0.9912793656250001 0.25849197031250004 0.9901297859374999 0.2575697890625 0.985574871875 0.2557290625 0.9844259671875 0.2511280828125 0.9855334906250001 0.2492865546875 0.9843847796875 0.21861309843750001 0.9917683359374999 0.22027966875 1 0.2604902796875 1
4 0.71008519375 0.3129812984375 0.7208438578125 0.3661213703125 0.7226853875 0.36727008125 0.7318873421875 0.365055034375 0.7337280703125 0.3662039375 0.7367956578125 0.36546552499999996 0.7404780875 0.367764009375 0.7772867156250001 0.35890362656249997 0.765605871875 0.30120864062499997 0.75026874375 0.304900515625 0.7484280156249999 0.30375161093749997 0.71008519375 0.3129812984375
0 0.43295118749999995 0.7634306578125 0.5234389625 0.741648909375 0.51729120625 0.7112834015625 0.5154495015625 0.710133821875 0.42649591875 0.7315462687500001 0.43295118749999995 0.7634306578125
0 0.4974052203125 0.8434526203124999 0.4906426171875 0.810050215625 0.40015483906249993 0.8318319656250001 0.40691744218750003 0.8652343703125001 0.4974052203125 0.8434526203124999
0 0 0.6031517484375 0.004030453125 0.6230592984375 0.0929848390625 0.6016466578124999 0.0874519265625 0.57431805 0.085611025 0.573168275 0.085303690625 0.5716502609375 0.083462159375 0.57050155 0 0.5905921296875001 0 0.6031517484375
4 0.7721167203125 0.46842290468750003 0.7751835046875 0.467684684375 0.7770250328125 0.4688333953125 0.7816260109375001 0.46772587187500003 0.783466915625 0.46887564531250003 0.7865344999999999 0.46813723281249997 0.7883752281249999 0.46928613593749996 0.789909421875 0.46891683281249996 0.7935910515625 0.47121551093749997 0.8257987015625 0.46346265156250005 0.8174990718749999 0.422468434375 0.8101351843750001 0.417872140625 0.7641245999999999 0.4289475703125 0.7721167203125 0.46842290468750003
4 0.134689196875 0.5613544296875 0.131621609375 0.5620928453125 0.12978008125 0.560944134375 0.1285540234375 0.5628312578125 0.10248154375 0.569107290625 0.1012548625 0.5709954781250001 0.0997214703125 0.5713645875 0.1086357703125 0.6153948328125 0.148511984375 0.6057960375 0.14051986562500002 0.5663207046875 0.138678159375 0.5651711234375 0.138370825 0.563653109375 0.134689196875 0.5613544296875
0 0.20684423281250003 0.7191369671875 0.225248146875 0.714706871875 0.22186675781249998 0.698005234375 0.22002602968749999 0.6968563296875 0.20315550781249997 0.7009173140625 0.20684423281250003 0.7191369671875
4 0.114620875 0.24772971250000003 0.076278053125 0.2569594 0.0876513859375 0.3131355 0.13059518750000002 0.302798290625 0.1204513703125 0.252695115625 0.11860984062499999 0.2515464046875 0.11830232968750001 0.25002752031250003 0.114620875 0.24772971250000003
4 0.46480833125 0.650671378125 0.5092855234375 0.6399650578125 0.49944904062499995 0.591379896875 0.49760831406249995 0.59023099375 0.4546645140625 0.600568203125 0.46480833125 0.650671378125
4 0.307796728125 0.780819415625 0.3369367890625 0.7738049703125001 0.339388728125 0.77002985 0.331396609375 0.730554515625 0.2991897609375 0.7383071828125 0.307796728125 0.780819415625
0 0.15348863906250002 0.773379603125 0.164224790625 0.770795253125 0.1611509125 0.7556125 0.15930920625 0.75446291875 0.1501072484375 0.7566779671874999 0.15348863906250002 0.773379603125
0 0.38394855625 0.21155900625 0.3904038234375 0.2434433984375 0.47935820781249994 0.22203075625 0.4738251203125 0.1947012796875 0.4701428640625 0.1924036640625 0.46983535468750004 0.1908847796875 0.38394855625 0.21155900625
1 0.367668659375 0.9097124000000001 0.3688953421875 0.9078242124999999 0.3685880078125 0.9063061984375 0.3698140640625 0.9044190734375 0.3682770375 0.8968272625000001 0.3695038953125 0.8949399437500001 0.36888905156249996 0.8919030453125 0.3750199609375 0.882466359375 0.37471245 0.8809474749999999 0.3759393078125 0.8790601562499999 0.37532446249999996 0.8760232578125 0.3765505203125 0.874136134375 0.375321003125 0.8680632078125001 0.37777374375 0.8642878953125 0.37746640781249996 0.8627698796875001 0.3811452046875 0.85710744375 0.3808378703125 0.8555894281249999 0.3845166671875 0.8499269921874999 0.3832869765625 0.8438531953125 0.384513834375 0.841965878125 0.38389916562500004 0.8389298500000001 0.38512504375 0.8370418546874999 0.384817709375 0.8355238390625 0.386043765625 0.8336367156250001 0.3854289203125 0.8305998171875 0.3866557796875 0.8287124984375 0.3857335984375 0.8241575859375001 0.3869594796875 0.8222695906249999 0.38634480937500004 0.8192335609375 0.38757068906250003 0.8173455687500001 0.3872633546875 0.8158275546875 0.3884902140625 0.8139402375 0.3881828796875 0.8124222218750001 0.39063561875 0.8086469093750001 0.390328284375 0.8071288953125 0.39400708125 0.8014664578125 0.39369956875 0.7999475734375 0.3973783671875 0.7942851359375 0.3964561859375 0.789730225 0.39768224375 0.7878431 0.3973749078125 0.786325084375 0.399827646875 0.7825497734375 0.401361040625 0.7821806625 0.4010537046875 0.7806626484375 0.4022805625 0.7787753296875 0.40197305156249996 0.7772564453124999 0.4044251671875 0.7734821968750001 0.40411765624999996 0.7719633124999999 0.40534451406249994 0.77007599375 0.40503717968749997 0.7685579796875001 0.4062630609375 0.7666699859375 0.405648390625 0.7636339578125 0.40687507500000003 0.7617457703125 0.4062604046875 0.758709740625 0.408712340625 0.7549346234375001 0.40840500625000004 0.7534166078125 0.40963186562500004 0.751529290625 0.40870968437500005 0.746974378125 0.409935565625 0.7450863828125 0.40962822968749996 0.7435683671875 0.4120809703125 0.7397930546875 0.4114663 0.736757025 0.41269218125 0.7348690328124999 0.41238484687500004 0.73335101875 0.41361170625000004 0.7314637015625001 0.41330437187499997 0.7299456875 0.41575630781250006 0.7261705671875001 0.41544897187499996 0.724652553125 0.41912777031250004 0.718990115625 0.418820259375 0.71747123125 0.4200471171875 0.7155839140625 0.41973978437500004 0.7140659 0.4209656640625 0.7121779046875 0.4194288140625 0.7045869640625 0.42065567187499997 0.7026996453125001 0.42004082499999995 0.699662746875 0.4224927640625 0.695887628125 0.422185428125 0.6943696125 0.42341228593749997 0.6924822953125 0.423104775 0.6909634109375 0.42800963125 0.6834138484375 0.427394784375 0.6803769515625 0.42862164375 0.6784896328125 0.428314309375 0.67697161875 0.4319931046875 0.6713091828125 0.431378259375 0.6682722828125 0.43383037343749997 0.664498034375 0.4335228625 0.66297915 0.43474972031250003 0.66109183125 0.4344423875 0.6595738171875001 0.4356682671875 0.6576858234375 0.435053596875 0.65464979375 0.43628028125 0.65276160625 0.4359729453125 0.6512435921875 0.4384250578125 0.6474693453125 0.43811754687500004 0.6459504609375 0.43934440625000004 0.6440631421874999 0.43903707187499996 0.6425451265625 0.44026295312499997 0.6406571328124999 0.43995561875 0.63913911875 0.441181675 0.6372519921875 0.4408741625 0.6357331078125 0.4421010234375 0.633845790625 0.4417936875 0.6323277765624999 0.44301957031250006 0.6304397828125 0.44179005312499997 0.62436685625 0.44301691249999997 0.6224795390625 0.442709578125 0.620961525 0.4463883734375 0.6152990875000001 0.4460808625 0.6137802031249999 0.44730691875 0.6118930781249999 0.44699958281249996 0.6103750625 0.44822546562500004 0.6084870687499999 0.4479181296875 0.6069690546875 0.44914499062499996 0.6050817375 0.448837478125 0.6035628515625 0.450063534375 0.6016757265625 0.449448690625 0.5986388296875 0.45067554843749996 0.5967515125 0.4503682140625 0.5952334984375 0.454047009375 0.5895710609375 0.45343216406250003 0.5865341625 0.45465822187500005 0.5846470359375 0.45373603906250004 0.5800921234375 0.454962096875 0.578205 0.45342506875 0.5706131890624999 0.45219901250000005 0.5725003125 0.4475980328125 0.5736078375 0.4402404390625 0.5849327093750001 0.44054795156250004 0.58645159375 0.4368691546875 0.5921140312500001 0.437483825 0.595150059375 0.436257140625 0.597038246875 0.4368718109375 0.6000742765625 0.4356457546875 0.6019614015625 0.4359532640625 0.603480284375 0.43472640625 0.6053676015625 0.435341253125 0.6084045015624999 0.43411519531250004 0.610291625 0.4350373765625 0.6148465375 0.4313585796875 0.620508975 0.4316659140625 0.6220269890625 0.430440034375 0.623914984375 0.43105470468749996 0.6269510140625 0.4261490484375 0.6345007671875 0.427071228125 0.6390556796875 0.4258453484375 0.6409436765625001 0.42615268281249996 0.642461690625 0.42492582343749996 0.6443490078125 0.42339243125000003 0.6447181171875 0.42369994218749996 0.6462370015625 0.4224738859375 0.648124125 0.4237034015625 0.6541970546875 0.420023803125 0.6598596828125001 0.4203311390625 0.661377696875 0.41910525625000006 0.6632656921875 0.4200274390625 0.6678206062500001 0.416348640625 0.6734830421875 0.41665597656250003 0.6750010578125 0.41542992031250003 0.67688818125 0.416044765625 0.6799250796874999 0.41481790781249994 0.6818123984375 0.4151252421875 0.6833304124999999 0.4138993609375 0.68521840625 0.4123651671875 0.685587709375 0.411139109375 0.6874748328125 0.41144644531249996 0.688992846875 0.407767646875 0.6946552859375 0.4080751578125 0.6961741703125 0.4068491015625 0.6980612953125 0.40807861875 0.704134221875 0.406851934375 0.7060224093749999 0.40746660625000003 0.7090584390625 0.40624054843749996 0.7109455640625 0.40654805937500005 0.712464446875 0.40532120000000005 0.7143517640625 0.4056285359375 0.7158697796875 0.404402653125 0.7177577734375 0.40501732500000004 0.7207938015625001 0.400112646875 0.728344234375 0.40041998124999995 0.7298622484374999 0.3991931234375 0.7317495671875001 0.399500634375 0.7332684515625 0.3970477171875 0.7370428921875 0.3973550515625 0.73856090625 0.3961291703125 0.7404489015625 0.397051353125 0.7450038140624999 0.3958252953125 0.7468909390625 0.3964401421875 0.7499278375 0.3927613453125 0.7555902734375 0.3936835265625 0.7601451890625001 0.3924566671875 0.76203250625 0.39276400312500004 0.7635505203124999 0.3890852046875 0.76921295625 0.3900073859375 0.77376786875 0.3863285875 0.77943030625 0.3866359234375 0.7809483203124999 0.38541004375 0.7828363140625 0.3860247140625 0.78587234375 0.38479803125 0.78776053125 0.3854127 0.790796559375 0.381733903125 0.796458996875 0.3832709296875 0.8040508093750001 0.3795921328125 0.8097132468750001 0.3798994671875 0.8112312609375 0.37867341250000003 0.813118384375 0.3792882578125 0.8161552828125 0.3743826015625 0.8237050359375001 0.3746899359375 0.8252230515625 0.3734640546875 0.827111046875 0.37377138906249996 0.8286290609375 0.37131865 0.8324043734375 0.371625984375 0.8339223890625 0.370399928125 0.8358095125 0.370707440625 0.837328396875 0.36948058125 0.8392157140625001 0.3697879171875 0.8407337296874999 0.36733517656250003 0.844509040625 0.3676425109375 0.84602705625 0.3664164546875 0.8479141796875 0.3676461453125 0.8539879765625 0.3664200890625 0.8558751015625001 0.366727425 0.857393115625 0.364274684375 0.8611684281249999 0.3645820171875 0.8626864421875 0.3633561390625 0.8645744375 0.36366347499999996 0.8660924515625 0.3599838734375 0.8717550812500001 0.3605985453125 0.8747911109375 0.3593726625 0.8766791046875 0.3599873328125 0.8797151328125 0.3587614515625 0.8816031265625 0.3590687875 0.8831211421875 0.35661604687500004 0.8868964546875 0.35692338125 0.88841446875 0.355697325 0.8903015921874999 0.3560048375 0.8918204765625 0.3510991796875 0.899370234375 0.354173059375 0.9145529859374999 0.3560137859375 0.9157018906250001 0.3621489578125 0.9142250640625 0.3633750140625 0.9123379375 0.36490920937500004 0.9119686343750001 0.366135265625 0.9100815109375 0.367668659375 0.9097124000000001
0 0.30874318125 1 0.3075764328125 0.9942371078125 0.30573570625 0.993088203125 0.2934661625 0.9960416656250001 0.2942675625 1 0.30874318125 1
5 0.733362321875 0.2213949375 0.72106663125 0.1606630515625 0.4588052546875 0.2237932578125 0.4711009453125 0.284525140625 0.733362321875 0.2213949375
5 0.1567100328125 0.400010859375 0.15640252187499998 0.398491975 0.1545617953125 0.3973430703125 0.15425445937499999 0.39582505625 0.1524135578125 0.39467528125 0.1514913765625 0.39012036875 0.149649846875 0.3889716578125 0.14842032968750002 0.38289873124999996 0.125415440625 0.3884363484375 0.1241885796875 0.39032366875 0.116520015625 0.3921696046875 0.1152941328125 0.3940575984375 0.1014912 0.3973801703125 0.0996494953125 0.3962305890625 0.04903793125 0.40841354374999994 0.047196401562500004 0.40726483281250003 0.0379944453125 0.40947988124999996 0.0524418359375 0.4808396046875 0.1751372625 0.4513049953125 0.1662229609375 0.4072747484375 0.16438205781249998 0.406124975 0.164074721875 0.404606959375 0.1567100328125 0.400010859375
4 0.1520111078125 0.162299909375 0.15569336250000002 0.1645975234375 0.1986371640625 0.15426031406250001 0.185726803125 0.0904924015625 0.1381820234375 0.1019371359375 0.1504777140625 0.16266901875 0.1520111078125 0.162299909375
4 0.2041235171875 0.8169208796874999 0.1887863875 0.8206127546875001 0.1869454859375 0.81946298125 0.17160835624999998 0.8231548546875 0.179600653125 0.8626310578125 0.21794267343749998 0.853401565625 0.210872559375 0.8184802734375 0.20903183125 0.8173313703125 0.2059642453125 0.818069784375 0.2041235171875 0.8169208796874999
4 0.4371369546875 0.49810455937500003 0.4383630125 0.4962174359375 0.4371334953125 0.49014450624999994 0.43529259218750005 0.48899473281250005 0.43437040937500004 0.48443982031250005 0.4355964671875 0.48255269375000004 0.42883386406249996 0.4491502890625 0.41503092812500003 0.4524728609375 0.41380487187500004 0.4543599859375 0.4076697 0.4558368125 0.40644381718749995 0.45772480625 0.388039103125 0.46215509375 0.39787558437500004 0.510740253125 0.3997171140625 0.5118889640625001 0.4000244484375 0.513406978125 0.43529888437500003 0.5049159000000001 0.43652574218750007 0.5030285812499999 0.4362184078125 0.5015105671875 0.4374442890625 0.4996225734375 0.4371369546875 0.49810455937500003
0 0.254139915625 0.8494643359375 0.24340376406250003 0.8520486875 0.2415630359375 0.8508997828125 0.2093553859375 0.8586526421875 0.20812932968750003 0.8605397671875 0.1989265703125 0.8627550078124999 0.1970858421875 0.861606103125 0.1878838875 0.86382115 0.1921874578125 0.8850777015625001 0.25966954375 0.8688337609375001 0.2578251796875 0.8597239359375 0.2590518640625 0.857835746875 0.257822346875 0.8517628203125 0.254139915625 0.8494643359375
5 0.1927104734375 0.6652164218750001 0.1773410796875 0.5893026546875 0.04544369375 0.6210523125 0.060813089062500006 0.6969660796875 0.1927104734375 0.6652164218750001
0 0 0.34597295156249996 0.0011570125 0.3466946734375 0.0014643484375 0.3482126875 0.0033050734375 0.3493615921875 0.004838465625 0.3489924828125 0.0085208984375 0.351290965625 0.023858028125 0.34759909218749996 0.0167880890625 0.312678671875 0.01310565625 0.3103801859375 0.01003806875 0.3111186015625 0.0045149109375 0.307671209375 0.00298151875 0.3080403203125 0.001139990625 0.306891609375 0 0.307166021875 0 0.34597295156249996
0 0.40662269218749997 0.8955586906249999 0.41092608750000004 0.916814371875 0.4277966078125 0.9127533874999999 0.4238005484375 0.8930157203125001 0.41919957031250005 0.89412324375 0.41735884375000004 0.8929743390624999 0.40662269218749997 0.8955586906249999
5 0.8411196109375 0.419967521875 0.854029971875 0.48373543437500005 0.8558706984375 0.48488433750000004 0.8564855453125 0.4879212375 0.8552594875 0.4898083625 0.9788433359375001 0.460059896875 0.9792707578125001 0.4508829828125 0.9668826234375001 0.38969449843750004 0.8411196109375 0.419967521875
1 0.4037060796875 0.51570565625 0.4030912328125 0.5126687578125 0.40125050624999997 0.5115198546874999 0.400943171875 0.510001840625 0.39910226875 0.5088520671875 0.398794934375 0.507334053125 0.3969534046875 0.5061853421875 0.3954200109375 0.5065544531249999 0.39357928593749997 0.5054055484375 0.393271775 0.5038866625 0.391430246875 0.5027379515625 0.39112291093749996 0.5012199374999999 0.38559975 0.497772546875 0.3852922390625 0.4962536625 0.3834515125 0.49510475937500004 0.3819173171875 0.49547406250000003 0.376394159375 0.49202667343749995 0.3748607671875 0.4923957828125 0.3730192359375 0.491247071875 0.3714858453125 0.49161618125000006 0.3696449421875 0.490466409375 0.368110746875 0.4908357125 0.3662700203125 0.4896868078125 0.3647366296875 0.49005591875 0.36289509999999997 0.48890720625000006 0.3613617078125 0.4892763171875 0.35952017812500003 0.48812760624999996 0.3549192 0.48923513124999995 0.3512375703125 0.48693645312499995 0.3497033765625 0.48730575624999994 0.34786265 0.4861568515625 0.3463284546875 0.4865261546875 0.3444875515625 0.48537637968749997 0.3414199640625 0.48611479375 0.3395792375 0.48496588906250004 0.336511653125 0.485704303125 0.3346709234375 0.4845553984375 0.33313672968749997 0.4849247015625 0.33129582812499997 0.483774928125 0.328228240625 0.48451334062500007 0.32638751250000003 0.48336443593749995 0.323319928125 0.4841028515625 0.3214792 0.4829539453125 0.31994500625 0.48332325000000004 0.314421846875 0.479875859375 0.312888453125 0.4802449703125 0.3092060234375 0.4779464875 0.3088986875 0.476428471875 0.30705796093750004 0.4752795671875 0.30245698125 0.4763870921875 0.3006152765625 0.47523751093750005 0.2929467125 0.47708344687500004 0.291105984375 0.47593454375000005 0.28650500624999997 0.4770420671875 0.28527895000000003 0.47892919218749996 0.2855864609375 0.4804480765625 0.284359603125 0.48233539375 0.2846669375 0.48385340781249997 0.2865084671875 0.48500211875000004 0.28712331406249997 0.4880390171875 0.290804940625 0.4903376953125 0.2923391359375 0.4899683921875 0.2941798640625 0.491117296875 0.29571325625 0.4907481859375 0.30307794375 0.49534428750000004 0.3046113359375 0.4949751765625 0.3101344953125 0.49842256718750005 0.311668690625 0.49805326406250006 0.31350959375 0.49920303749999995 0.3150437875 0.4988337328125 0.31872524062499996 0.5011315421875 0.3202594359375 0.5007622375 0.32210016406249997 0.50191114375 0.3236335546875 0.501542034375 0.3254752609375 0.5026916124999999 0.327008653125 0.5023225015625 0.3306909078125 0.5046201171875 0.3322243 0.50425100625 0.33406600468750003 0.5054005890625 0.3355993984375 0.505031478125 0.337440125 0.5061803828125 0.3389743203125 0.5058110796874999 0.340815046875 0.5069599828125 0.342349240625 0.5065906796874999 0.34419014375 0.5077404546875 0.345723534375 0.50737134375 0.3475650640625 0.50852005625 0.3490984578125 0.5081509453125 0.350939184375 0.50929985 0.35247337968750003 0.5089305468750001 0.3579965375 0.5123779359375 0.35952992968749997 0.512008825 0.37425868125 0.5212020890625 0.375792875 0.5208327859375 0.3794743296875 0.52313059375 0.379781840625 0.524649478125 0.38714652968749996 0.5292455781250001 0.3886799203125 0.5288764687499999 0.3923623546875 0.5311749531250001 0.4030985046875 0.5285906046875 0.40279099374999994 0.5270717203124999 0.4040170515625 0.5251845937499999 0.40248002187500004 0.5175927828125 0.4037060796875 0.51570565625
5 0.5474082296875 0.844153934375 0.5486350875 0.8422666156249999 0.4075349453125 0.876231515625 0.41245318593749997 0.9005240953125 0.414294715625 0.90167280625 0.5569282515625 0.8673387968749999 0.5529321921875 0.84760113125 0.5510906609374999 0.8464524203125 0.5495572703125 0.8468215296875 0.547715740625 0.84567281875 0.5474082296875 0.844153934375
0 0.3282057265625 0.42878891875 0.323594996875 0.406015221875 0.24844434999999998 0.42410509999999996 0.2530550796875 0.44687879375 0.3282057265625 0.42878891875
0 0.7586436328125 0.5289879125 0.7448398953125 0.5323106765625 0.748528621875 0.5505303296874999 0.7669333359375 0.54610004375 0.76385945625 0.5309172875 0.762017928125 0.5297685765625 0.7604845359375 0.5301376875 0.7586436328125 0.5289879125
0 0.5344268703124999 0.6052527000000001 0.5466964125 0.6022992390625 0.543315021875 0.5855976 0.54147349375 0.5844488890624999 0.5307381453125 0.587033046875 0.5344268703124999 0.6052527000000001
5 0.5010740890625 0.8139080953125 0.502914815625 0.815057 0.505982403125 0.8143185859375001 0.507824109375 0.8154681640625 0.5277614125000001 0.8106689593749999 0.5296029421874999 0.811817671875 0.6584327390625 0.780806428125 0.6501332843750001 0.73981308125 0.535106421875 0.767501753125 0.5338803640625 0.7693888765625 0.4909365640625 0.7797260875 0.48909583593750006 0.7785771828125 0.4430852515625 0.7896526140625 0.4418583921875 0.79153993125 0.41731930781250004 0.7974468546875 0.4154785796875 0.79629795 0.3924728875 0.8018357609375 0.400772340625 0.8428291078125 0.49586189999999997 0.8199396406250001 0.49708795468750006 0.818052515625 0.49678044374999997 0.8165336328125001 0.4980065015625 0.814646509375 0.5010740890625 0.8139080953125
0 0.2894504234375 0.9285406890625 0.2857616984375 0.9103210390625 0.27349215625 0.9132745 0.27718088125 0.93149415 0.2894504234375 0.9285406890625
3 0.6291884359375 0.5330812328125 0.6288811015625 0.53156321875 0.627040196875 0.5304134453125 0.6267328625 0.5288954296874999 0.592991821875 0.5370174 0.6012914515625 0.5780116171875 0.6396334703125001 0.568782125 0.63440771875 0.5429706609375 0.6325669921875 0.54182175625 0.631029965625 0.53422994375 0.6291884359375 0.5330812328125
0 0.47243124375 0.53737765625 0.46812767187500004 0.51612110625 0.45585812968750006 0.5190745671875 0.4601617 0.54033111875 0.47243124375 0.53737765625
5 0.5076866234375 0.4811222078125 0.458608453125 0.49293604999999996 0.46168233125 0.5081188046875 0.5138280890625 0.495566546875 0.5116763921875 0.4849387046875 0.5098356640625 0.4837898015625 0.5095281546875 0.48227091875 0.5076866234375 0.4811222078125
0 0.378346396875 0.7638370625 0.379879790625 0.7634679531249999 0.381106471875 0.761579765625 0.38417325468749997 0.76084154375 0.385400115625 0.7589542265625 0.38294090625 0.7468075015625 0.37925865000000003 0.7445098859375 0.377725259375 0.7448789953125 0.375883553125 0.7437294156250001 0.371282575 0.7448369390625 0.37005669218750004 0.7467249328125 0.3669891078125 0.7474633468749999 0.3657630515625 0.7493504718749999 0.36607038593749996 0.7508684859375 0.364843703125 0.7527566734375 0.36976194375000004 0.7770492531250001 0.375897115625 0.7755724265625 0.374974934375 0.7710175125000001 0.37620081562499996 0.7691295203124999 0.37589348125 0.7676115046875001 0.378346396875 0.7638370625
4 0.339098240625 0.8083140265625 0.3387909046875 0.8067960125000001 0.3400169609375 0.8049088890625 0.33755775312499997 0.792762165625 0.3344901671875 0.793500578125 0.332649440625 0.7923516734375 0.329581853125 0.7930900875 0.327741125 0.7919411828125 0.32620693125 0.7923104859375 0.3225253015625 0.7900118078125 0.29798621718749996 0.7959187296875 0.304133975 0.8262842375 0.3348074296875 0.8189006828125001 0.3345000953125 0.8173826671875 0.336952834375 0.8136073546875 0.33664550000000004 0.8120893406249999 0.339098240625 0.8083140265625
1 0.35850714375 0.26067519375 0.3566664171875 0.25952628906249997 0.3548220546875 0.2504164625 0.34193402968750003 0.24237210468749998 0.34162669375 0.240854090625 0.340093303125 0.2412232 0.3382517734375 0.2400744890625 0.3367183828125 0.24044359843750002 0.331195221875 0.236996209375 0.3296610265625 0.2373655125 0.3222971421875 0.23276921874999998 0.3207629484375 0.233138521875 0.31892204375 0.2319887484375 0.3173886515625 0.23235785781249998 0.3155471234375 0.231209146875 0.31094614374999996 0.2323166703125 0.3091054171875 0.23116776562500002 0.30603783125 0.2319061796875 0.304196928125 0.2307564046875 0.3026627328125 0.23112570937500002 0.2952988484375 0.226529415625 0.2937646546875 0.2268987203125 0.291923925 0.22574981562500002 0.290390534375 0.22611892500000003 0.2885490046875 0.2249702140625 0.285482221875 0.22570843593749998 0.28364051562500003 0.2245588546875 0.2821071234375 0.2249279640625 0.2784248671875 0.22263035000000003 0.2753572796875 0.22336876249999998 0.2735163765625 0.2222189890625 0.2719829859375 0.2225880984375 0.27014145625 0.22143938749999997 0.2670738703125 0.2221778 0.2652331421875 0.221028896875 0.26369975156250003 0.22139800625 0.2618580453125 0.220248425 0.26032465312499997 0.2206175359375 0.25848392656249997 0.21946863125 0.2569497328125 0.21983793437500002 0.25510900625 0.2186890296875 0.2535748109375 0.21905833281249998 0.24805164999999998 0.21561094375 0.246518259375 0.2159800546875 0.24467735625000003 0.2148302828125 0.2431431625 0.2151995859375 0.23946090625 0.21290196875 0.23792751406249998 0.21327108125 0.23424507968750002 0.21097259531249998 0.2327116890625 0.21134170624999998 0.21982384062500002 0.2032982140625 0.21951650625000002 0.20178020000000002 0.2158348765625 0.19948152187499998 0.21430068281249998 0.199850825 0.21245995468749998 0.1987019203125 0.21215244375000003 0.1971830375 0.2084701875 0.19488542343749998 0.20693679375000001 0.1952545328125 0.19957210625 0.1906584328125 0.198038715625 0.1910275421875 0.1961970078125 0.1898779609375 0.1946636171875 0.190247071875 0.192822890625 0.1890981671875 0.19251555468749998 0.187580153125 0.1906738484375 0.186430571875 0.18300528437500002 0.188276509375 0.171958965625 0.18138173124999998 0.171344296875 0.17834570156250001 0.16950356875 0.1771967984375 0.1434302890625 0.1834730234375 0.14527181875 0.184621734375 0.146194 0.1891766453125 0.1480347265625 0.19032555 0.1504939359375 0.202472275 0.152335465625 0.2036209859375 0.1529503109375 0.20665788593749998 0.1547910375 0.207806790625 0.1593920171875 0.20669926562500002 0.16123274375000002 0.207848171875 0.1627669375 0.2074788671875 0.1664493703125 0.20977735000000003 0.1679827609375 0.20940824062500002 0.1698234890625 0.2105571453125 0.1713576828125 0.2101878421875 0.1750393140625 0.2124865203125 0.18117448593750002 0.21100969374999998 0.1830152125 0.21215859843749998 0.18454940625 0.21178929531250001 0.18639013437500002 0.2129381984375 0.1879235265625 0.2125690890625 0.1897652328125 0.21371867031249997 0.19129862343749998 0.21334955937500003 0.193140153125 0.21449827031250002 0.1946735453125 0.2141291609375 0.19651427187499998 0.21527806562500001 0.198048465625 0.2149087625 0.203571625 0.21835615156250002 0.20510501875 0.21798704062500002 0.20694672343749998 0.219136621875 0.207254059375 0.22065463593749998 0.209094784375 0.221803540625 0.2106281765625 0.22143443125 0.217992865625 0.22603052968749998 0.21952625937499998 0.22566141874999998 0.22320868906250002 0.2279599046875 0.22474208281250002 0.22759079531249998 0.22658361093749999 0.22873950625 0.226891121875 0.23025839062500003 0.2284245140625 0.2298892796875 0.2357892046875 0.23448538124999999 0.2373225953125 0.2341162703125 0.24100502812500002 0.23641475625 0.2425384203125 0.2360456453125 0.2462206765625 0.23834326093749997 0.24775406875 0.2379741515625 0.2514365 0.240272634375 0.2529698921875 0.23990352499999998 0.254811421875 0.24105223593749997 0.2563448140625 0.24068312500000003 0.258185540625 0.2418320296875 0.2597197359375 0.2414627265625 0.2615606390625 0.24261250156249997 0.26462822343750003 0.2418740859375 0.26646895000000004 0.24302299062500002 0.26800314531249997 0.2426536875 0.2698438734375 0.243802590625 0.27137726562500003 0.24343348125 0.2732189703125 0.2445830625 0.2762865578125 0.24384465 0.2781272828125 0.24499355312499999 0.2811948703125 0.24425514062499998 0.283035596875 0.24540404374999997 0.2845689890625 0.245034934375 0.28641069375 0.246184515625 0.2879440875 0.2458154046875 0.2897856171875 0.24696411718750003 0.29131900625 0.24659500625000003 0.293159734375 0.2477439109375 0.2962273203125 0.247005496875 0.298068225 0.2481552703125 0.29960241875000004 0.2477859671875 0.303284675 0.2500835828125 0.30635145937499997 0.2493453625 0.3081929875 0.25049407343749996 0.3097263796875 0.2501249625 0.31340881249999997 0.252423446875 0.3164763984375 0.2516850328125 0.318317125 0.2528339375 0.3198505171875 0.25246482812500004 0.321692221875 0.253614409375 0.323225615625 0.2532452984375 0.33427193437499997 0.260140078125 0.335806128125 0.259770775 0.3394875828125 0.2620685828125 0.33979509218750004 0.2635874671875 0.34347735 0.2658850828125 0.34501154375 0.2655157796875 0.350534703125 0.2689631671875 0.3520680953125 0.2685940578125 0.355750528125 0.27089254218750003 0.3572839203125 0.2705234328125 0.358510603125 0.2686352453125 0.357895934375 0.2655992171875 0.3591218125 0.263711221875 0.35850714375 0.26067519375
5 0.6443728390625 0.1552408203125 0.6376102359375 0.1218384125 0.370747078125 0.1860763359375 0.37750968125 0.219478740625 0.6443728390625 0.1552408203125
5 0.42372955156250003 0.7178823984375 0.421276634375 0.721656840625 0.42527269375000004 0.74139450625 0.59704629375 0.700046053125 0.5918207171875001 0.674235459375 0.42464809531250003 0.7144763890625 0.42342203906250003 0.7163635140625 0.42372955156250003 0.7178823984375
1 0.1029329359375 0.174113753125 0.09833195624999999 0.1752212765625 0.0964910546875 0.1740715046875 0.0627500125 0.1821934734375 0.06736091875 0.2049680390625 0.069201646875 0.20611694374999998 0.0707350375 0.20574783281250003 0.0725767421875 0.2068974109375 0.0741101359375 0.2065283015625 0.075951665625 0.20767701249999998 0.12963081406250002 0.194755646875 0.12440523750000002 0.1689450515625 0.12256353125 0.167795471875 0.10415961874999999 0.172225565625 0.1029329359375 0.174113753125
0 0.59848900625 0.47678031406250004 0.5981814953125 0.47526142968749996 0.5963399671875 0.47411271875 0.5960326312500001 0.4725947046875 0.5852972828125 0.47517886249999997 0.5908301953125 0.5025074703125 0.6077007171875 0.49844648593749996 0.6043195015625 0.4817457171875 0.6024779734375 0.48059700625 0.6021704625 0.47907812187500004 0.59848900625 0.47678031406250004
3 0.248247546875 0.6932478921875 0.24117743281249998 0.6583266015625 0.2135707609375 0.6649719375 0.22064087500000001 0.699893228125 0.248247546875 0.6932478921875
5 0 0.5380462765625 0.182210659375 0.49418546562500004 0.1775999296875 0.471411771875 0.1407913015625 0.48027215312499993 0.1395644421875 0.482159471875 0.044475685937499995 0.505048746875 0.042634959374999996 0.5038998421875001 0 0.5141627093750001 0 0.5380462765625
0 0.8248899078124999 0.4907498796875 0.8233557140625001 0.4911191828125 0.8215149875 0.48997027812500005 0.81998159375 0.49033938906249996 0.8162991625 0.48804090312500004 0.8147657703125001 0.48841001406249995 0.8129242421875 0.4872613015625 0.8113908484374999 0.48763041406249996 0.80954914375 0.486480834375 0.8018813828125 0.48832657656249995 0.807721803125 0.5171740687499999 0.8353276734374999 0.5105289265625 0.831946459375 0.493828159375 0.8282648296874999 0.4915294796875 0.8267306359375001 0.4918987828125 0.8248899078124999 0.4907498796875
0 0.555794128125 0.34534455 0.5511931515625 0.3464520734375 0.5493514453125 0.3453024953125 0.547818053125 0.3456716046875 0.5527362953125 0.369964184375 0.5542696859375 0.36959507343750003 0.5597936484375 0.37304226875 0.570528996875 0.3704581109375 0.5665329375 0.35072044375 0.5591690500000001 0.3461241515625 0.5576348546875 0.3464934546875 0.555794128125 0.34534455
0 0.17234820625 0.38191583281249997 0.168044634375 0.36065928281250004 0.154240896875 0.363982046875 0.15854446875 0.3852385984375 0.17234820625 0.38191583281249997
0 0.33270439375 0.9276826093749999 0.3311710015625 0.9280517187499999 0.3293300984375 0.926901946875 0.3155263609375 0.9302247109374999 0.3143004796875 0.9321127062500001 0.322599934375 0.973106053125 0.33026849999999996 0.9712601140625001 0.332721240625 0.9674848031250001 0.33425463125 0.9671156921874999 0.3391594859375 0.9595661312500001 0.33270439375 0.9276826093749999
3 0.2762100390625 0.8075294703125 0.26760324999999996 0.7650181078125 0.249198534375 0.7694483953125 0.257805325 0.8119597578125 0.2762100390625 0.8075294703125
4 0.661719640625 0.5666496453125001 0.6494500984375 0.56960310625 0.6482242171875 0.5714911 0.6436232390625001 0.5725986234375 0.6497709953124999 0.6029641296875 0.6957815796875 0.5918886999999999 0.689633821875 0.56152319375 0.6859513921875 0.5592247078125 0.6629465 0.5647623265624999 0.661719640625 0.5666496453125001
5 0.5684555687499999 0.5508854359375001 0.5672295109375 0.5527725609374999 0.5518923828125 0.5564644359375001 0.5500516546875 0.55531553125 0.52551256875 0.561222453125 0.5310454796874999 0.5885510609375 0.59239319375 0.5737837578125 0.58716761875 0.5479731625 0.5856334234375 0.548342465625 0.5837926953125 0.5471935609374999 0.5684555687499999 0.5508854359375001
3 0.730049271875 0.371866375 0.72851588125 0.3722354859375 0.72238434375 0.3816732328125 0.72085095 0.38204234375 0.7322242859375 0.43821844531250004 0.7659653265624999 0.43009647656250005 0.7524402953125 0.36329253437500003 0.7309687968749999 0.3684610421875 0.7312761328125 0.3699790578125 0.730049271875 0.371866375
5 0.40303282031250004 0.369377771875 0.4018033046875 0.36330484375 0.23463068437499998 0.4035457734375 0.239241590625 0.4263203390625 0.4064142109375 0.3860794078125 0.40549203125 0.3815244953125 0.40671871406250004 0.37963630937500004 0.404874528125 0.370527353125 0.40303282031250004 0.369377771875
0 0.785288765625 0.4222610484375 0.7812927046875 0.4025233828125 0.7705565546875001 0.4051077328125 0.7745526140625 0.4248454 0.785288765625 0.4222610484375
0 0.17865515625 0.802351915625 0.1823437046875 0.8205706968750001 0.252894178125 0.8035881515625001 0.24982029843750003 0.7884053984375 0.24828610312500002 0.788774703125 0.2446046515625 0.7864768921875 0.17865515625 0.802351915625
0 0.478691240625 0.0916240390625 0.4836094828125 0.11591661718749999 0.5572267390625 0.0981958515625 0.552616009375 0.07542215625000001 0.5403464671875 0.0783756171875 0.5385055640624999 0.0772258421875 0.478691240625 0.0916240390625
3 0.2958992234375 0.9445030437499999 0.2946731671875 0.94639016875 0.29313897187500004 0.946759471875 0.291913090625 0.9486474656249999 0.29867569375 0.9820498734375 0.318613803125 0.9772504734374999 0.3109290171875 0.9392931546875 0.298659475 0.9422466171874999 0.297432615625 0.944133934375 0.2958992234375 0.9445030437499999
0 0.066134059375 0.20685535625 0.07013029531250001 0.22659389375 0.08239983906250001 0.22364043281249998 0.0787111125 0.205420778125 0.0756443296875 0.2061589984375 0.073802625 0.20500941875 0.066134059375 0.20685535625
1 0.5807251109375 0.5479319765625 0.5699897625 0.5505161328125 0.568762903125 0.5524034515625 0.5457580125 0.55794106875 0.5439164828124999 0.5567923578125 0.523978375 0.5615917578125 0.5273595875 0.578292525 0.5887073015625 0.5635252203125 0.5859407578125 0.54986048125 0.58410003125 0.5487115765625 0.5825666390625 0.5490806874999999 0.5807251109375 0.5479319765625
5 0.3539682140625 0.41303462656249995 0.3401644765625 0.416357390625 0.33832357343749997 0.4152076171875 0.33218840156249996 0.41668444375 0.3352622796875 0.43186719843750004 0.37513849375 0.4222684015625 0.3723721265625 0.40860453124999996 0.3705312234375 0.4074547578125 0.3551940953125 0.41114663125 0.3539682140625 0.41303462656249995
0 0.54163695 0.9824793265625 0.541329615625 0.9809613125000001 0.5394880859375 0.9798125984375 0.53825839375 0.9737388015624999 0.539485253125 0.971851484375 0.5391779171875 0.97033346875 0.540403796875 0.968445475 0.5419371890625 0.9680763656250001 0.5431640484375 0.9661890468750001 0.544697440625 0.9658199375000001 0.5434679234375001 0.9597470093749999 0.5422418671875 0.9616341328125 0.53917428125 0.9623725484375001 0.53733355625 0.96122364375 0.53426596875 0.9619620578125 0.5305835359375 0.9596635734375001 0.5302762000000001 0.958145559375 0.51922988125 0.9512507781249999 0.5176956875000001 0.9516200828124999 0.512172528125 0.9481726921875 0.5106391343750001 0.9485418046874999 0.503274446875 0.9439457015625001 0.5017410546875001 0.9443148125 0.498058621875 0.942016328125 0.49775128750000003 0.9404983140625 0.4962178953125 0.9408674250000001 0.49437716875 0.9397185203125 0.492842975 0.9400878234375 0.491002071875 0.9389380484375 0.48946787656249996 0.939307353125 0.48578642343749995 0.93700954375 0.484252228125 0.937378846875 0.482411325 0.936229075 0.48087793437500004 0.936598184375 0.47903640468750003 0.9354494734375001 0.4775030125 0.9358185828125001 0.47013832187500004 0.9312224812500001 0.45326780156249996 0.9352834671875 0.458493378125 0.9610940609374999 0.46217581093750004 0.9633925453125001 0.4637092015625 0.9630234359375001 0.46555073281250003 0.964172146875 0.46708412343749994 0.9638030359374999 0.472607284375 0.9672504265624999 0.47414147812499996 0.9668811234374999 0.4778231078125 0.9691798015625 0.479357303125 0.9688104984375 0.4848802859375 0.9722570171875 0.48948126406250003 0.9711494937499999 0.49316369687500006 0.9734479781250001 0.4946970890625 0.97307886875 0.498379521875 0.975377353125 0.49991291406249994 0.97500824375 0.5146414890625 0.9842006375000001 0.515256334375 0.9872375359375001 0.517097865625 0.9883862484374999 0.517712709375 0.9914231453125 0.5195534359375 0.99257205 0.519860771875 0.9940900640624999 0.521701675 0.9952398375 0.540106390625 0.99080955 0.5397988796875001 0.989290665625 0.5410249359375 0.987403540625 0.540410265625 0.9843675125000001 0.54163695 0.9824793265625
5 0.038739504687499995 0.7309408937499999 0.2028445375 0.6914383765625 0.1982336328125 0.6686638125 0.196392903125 0.6675149078125 0.0338212625 0.7066483156250001 0.038739504687499995 0.7309408937499999
1 0.6758434734375001 0.596688096875 0.6740025703125 0.5955383249999999 0.620323421875 0.6084596921875 0.6190967390625 0.610347878125 0.58075471875 0.619577371875 0.58444344375 0.637797025 0.7025378921875001 0.6093699390625 0.69854165625 0.5896314031250001 0.6816711359375 0.5936923875 0.6804444515625 0.5955805734374999 0.6758434734375001 0.596688096875
2 0.6522067125000001 0.55938575625 0.65404841875 0.5605353359375 0.6617169828125 0.5586893984375 0.6629428640625 0.5568014046875 0.6813467765625 0.552371309375 0.6825736375 0.550483990625 0.684107028125 0.5501148812500001 0.6865597671875 0.5463395703125 0.6862524328124999 0.5448215546874999 0.680729275 0.541374165625 0.6730607078124999 0.5432201046875 0.6712199828125 0.5420712 0.651281875 0.5468705968750001 0.6494403453125 0.5457218859374999 0.6463735625 0.54646010625 0.64269113125 0.5441616218750001 0.6475959828125 0.536612059375 0.6472884718749999 0.535093175 0.6485153312499999 0.5332058578125001 0.6479004859375 0.530168959375 0.6515792828125 0.5245065234374999 0.653112675 0.5241374125 0.654339534375 0.5222500937500001 0.6574063171875 0.5215118750000001 0.659859234375 0.5177374328125001 0.6613926265625001 0.5173683234374999 0.662619309375 0.515480134375 0.6641527015625 0.5151110234375 0.6666056171875 0.5113365828124999 0.668139009375 0.510967471875 0.67059175 0.507192159375 0.6736593359375 0.5064537453125 0.6748853921875 0.504566621875 0.6764195875000001 0.5041973171875 0.678871525 0.5004221984375 0.6819391109375 0.499683784375 0.6831651671875 0.49779666093749997 0.6862327546875 0.4970582453125 0.6874594390625 0.4951700578125 0.6905262203125 0.4944318390625 0.6929791375 0.4906573953125 0.6923642906249999 0.4876204984375 0.693590346875 0.48573337499999997 0.6932830140624999 0.4842153609375 0.6981884921875 0.4766647359375 0.6997218843749999 0.476295625 0.7009487437499999 0.47440830624999997 0.704015528125 0.47367008593750004 0.7052423875 0.47178276874999997 0.7083099734375 0.4710443546875 0.7107619109375001 0.46726923593749997 0.71229610625 0.46689993281250003 0.71474804375 0.4631248140625 0.7162822375 0.462755509375 0.719961034375 0.45709307499999996 0.7214944265625001 0.4567239640625 0.7251734 0.451062396875 0.7267075953125001 0.4506930921875 0.727933475 0.44880509843749994 0.7294676703125 0.44843579531250005 0.730693725 0.446548671875 0.73222711875 0.4461795609375 0.734679859375 0.4424042484375 0.7423484218749999 0.4405583109375 0.744189325 0.4417080859375 0.7457235203125 0.4413387828125 0.7494049734375 0.443636590625 0.7586077328124999 0.44142135 0.7573782171875 0.435348421875 0.7555366859375 0.4341997109375 0.753999659375 0.4266078984375 0.7564523999999999 0.4228325875 0.756145065625 0.4213145734375 0.7573711234375 0.41942744843749996 0.7570637875 0.417909434375 0.7582904703125 0.4160212453125 0.7558314375 0.403875390625 0.7539897328125 0.402725809375 0.753682396875 0.4012077953125 0.7481592375 0.3977604078125 0.7478519015625 0.39624239375000003 0.7490787625 0.394355075 0.74877125 0.392836190625 0.7499973078125 0.390949065625 0.7496899734375 0.3894310515625 0.750915853125 0.3875430578125 0.7506085203125 0.3860250421875 0.751835378125 0.38413772343749997 0.750913196875 0.3795828109375 0.752139078125 0.3776948171875 0.7502983515625 0.3765459125 0.749991015625 0.375027896875 0.7463085828125 0.37272941406250004 0.744775190625 0.3730985234375 0.7429336609375 0.3719498125 0.74140026875 0.3723189234375 0.73955954375 0.37117001875 0.7364919578125 0.3719084328125 0.735265096875 0.37379575 0.7355724328125001 0.3753137640625 0.731893634375 0.3809762 0.73220096875 0.3824942140625 0.7260694328125 0.39193196406249997 0.7230026484375001 0.392670184375 0.7217757890625001 0.39455750312500004 0.7199350625000001 0.3934085984375 0.7184016718749999 0.3937777078125 0.7147192375 0.3914792234375 0.71318504375 0.3918485265625 0.7113443171875 0.39069962187499996 0.709810925 0.3910687328125 0.7006053343749999 0.385322859375 0.6990711390625 0.3856921625 0.6953896859375 0.3833943546875 0.6938554906250001 0.3837636578125 0.6920147625 0.38261475312500004 0.690481371875 0.3829838625 0.686798940625 0.38068537812500003 0.6852647453125 0.38105468125 0.6834240171875 0.3799057765625 0.6818906265625 0.3802748875 0.6800489203125 0.37912530625 0.6785155281249999 0.379494415625 0.6729923703125 0.3760470265625 0.6714581749999999 0.3764163296875 0.669617446875 0.375267425 0.6665498609375 0.37600583906249996 0.6610267015625 0.3725584484375 0.6594933109375 0.372927559375 0.65765178125 0.37177884843750003 0.6545849968749999 0.37251706875 0.6490618390625 0.36906967968750004 0.6475276437499999 0.3694389828125 0.6456869171874999 0.3682900796875 0.6441527234375 0.3686593828125 0.64231181875 0.367509609375 0.6407784265625 0.3678787203125 0.6370961703125 0.365581103125 0.6355627796875 0.3659502140625 0.6318803468749999 0.36365172968750004 0.630346153125 0.3640210328125 0.626664521875 0.3617223546875 0.6251303265625 0.3620916578125 0.6232896 0.360942753125 0.621756209375 0.36131186249999997 0.619914678125 0.3601631515625 0.59537559375 0.36607007343750003 0.5972171234375 0.3672187859375 0.5975244578125001 0.36873680000000003 0.6012060875 0.371035478125 0.6042736734374999 0.37029706562500003 0.6061144015625 0.37144596875 0.6076485968750001 0.371076665625 0.6131717546875 0.3745240546875 0.6162393421875 0.373785640625 0.6180802437499999 0.374935415625 0.6196136359375 0.37456630468749996 0.62329589375 0.3768639203125 0.6248300875 0.3764946171875 0.6266708140625 0.37764352031250004 0.6282042046874999 0.3772744109375 0.6300459109375 0.378423990625 0.631579303125 0.37805488125000003 0.6352615609375001 0.38035249531250004 0.6367949515625 0.37998338593750003 0.63863665625 0.3811329671875 0.6401700484374999 0.38076385625000003 0.6420107749999999 0.38191276093750004 0.6435449703125 0.3815434578125 0.64906813125 0.38499084687499996 0.650601521875 0.3846217375 0.6524430515625 0.3857704484375 0.6539764421875 0.3854013390625 0.657658875 0.3876998234375 0.6591922671875 0.3873307140625 0.6610329953125 0.3884796171875 0.662567190625 0.3881103140625 0.668090346875 0.3915577046875 0.669623740625 0.39118859375000004 0.67146526875 0.3923373046875 0.6729986625 0.3919681953125 0.6748395640625 0.3931179671875 0.676373759375 0.39274866406250003 0.6818969171875 0.39619605468749997 0.684964503125 0.39545763906250003 0.6868052328124999 0.3966065453125 0.6883386234375 0.39623743437500003 0.69202105625 0.39853591875 0.69355525 0.398166615625 0.6953959765625 0.3993155203125 0.6984635625 0.39857710625 0.700304290625 0.3997260109375 0.7018376828124999 0.3993569 0.7036793890624999 0.40050648125 0.70521278125 0.400137371875 0.708895034375 0.40243498750000006 0.710428428125 0.4020658765625 0.723316275 0.410109365625 0.72484966875 0.4097402546875 0.7266913734375 0.4108898359375 0.728224765625 0.41052072656250005 0.73006549375 0.41166962968750004 0.7315996874999999 0.41130032656250004 0.7352821203125 0.41359881249999997 0.7355894562499999 0.41511682656250004 0.7374301812499999 0.41626573125000005 0.738045028125 0.41930263125 0.7319133156250001 0.428739509375 0.730379921875 0.4291086203125 0.7291532390625 0.43099680625000003 0.7276198484374999 0.431365915625 0.7263937921875 0.4332530421875 0.7233262046875 0.4339914546875 0.7208734640625 0.43776676718749996 0.719340071875 0.4381358765625 0.7181132125 0.4400231953125 0.7165798203125 0.44039230625 0.715353765625 0.4422794296875 0.7156612765625 0.4437983140625 0.7132083609375 0.44757275625000004 0.7116741656250001 0.447942059375 0.710448284375 0.4498300546875 0.7089148921875 0.45019916406249993 0.7027831796874999 0.4596360453125 0.7012489859375 0.46000534843749996 0.698797046875 0.463780465625 0.6957294593750001 0.464518878125 0.6945034031249999 0.4664060046875 0.6914358171874999 0.4671444171875 0.6865301609375 0.47469417187499996 0.68499676875 0.4750632828125 0.6853042796875 0.4765821671875 0.6828513640625 0.48035660937499997 0.681317971875 0.48072572031250005 0.677639175 0.48638815781250005 0.67610498125 0.48675746093749994 0.6748790984374999 0.4886454546875 0.6718115140625 0.4893838671875 0.6705854578125 0.4912709921875 0.6690512625 0.491640296875 0.665372465625 0.49730273125 0.663839071875 0.497671840625 0.6626130171875 0.4995589671875 0.661078821875 0.4999282703125 0.657400025 0.5055907078125 0.6558666328125 0.5059598171874999 0.6546397734375 0.5078471343750001 0.65310638125 0.5082162453125 0.6534138921875 0.5097351296875 0.650960978125 0.513509571875 0.6494275843749999 0.5138786828125 0.6445221046875 0.5214293078125001 0.6429887125 0.5217984171875 0.64176265625 0.5236855421875 0.6420699921875 0.5252035562499999 0.6383903906249999 0.530866184375 0.636857 0.5312352953125 0.634404259375 0.5350106078125 0.625202303125 0.5372256546874999 0.6239762453125001 0.5391127796874999 0.6086391171875001 0.5428046546874999 0.604956684375 0.54050616875 0.6046493515625 0.5389881546875 0.6028086218750001 0.53783925 0.6018864421875 0.5332843375 0.6000449125 0.5321356265625 0.6077295203124999 0.570092075 0.609263715625 0.569722771875 0.61110461875 0.570872546875 0.6141722046875 0.5701341328125 0.61601293125 0.5712830359375001 0.634417646875 0.5668527484375 0.6356437046875001 0.5649656249999999 0.6371778984375001 0.5645963218750001 0.638403778125 0.5627083265625 0.6522067125000001 0.55938575625
5 0.7534109625000001 0.4872563453125 0.751570234375 0.4861074421875 0.70402545625 0.49755217656250006 0.7027993984375 0.4994393 0.695130834375 0.5012852359375 0.69329010625 0.5001363328124999 0.68408735 0.5023515734374999 0.6874685625 0.5190523421875 0.6911509953125 0.5213508265625 0.7663024468749999 0.50326075625 0.76292105625 0.4865591203125 0.7598534703125 0.48729753281250004 0.758011940625 0.48614882187499997 0.7534109625000001 0.4872563453125
1 0.1823086078125 0.733003940625 0.1485667625 0.7411261031249999 0.15133330625000002 0.754790840625 0.189676128125 0.74556115625 0.18752443125 0.734933315625 0.185682903125 0.7337846046875 0.18414950937500002 0.734153715625 0.1823086078125 0.733003940625
2 0.6417788765625 0.563488796875 0.6430047562500001 0.5616008015625 0.6491399296875 0.560123975 0.6503659859375001 0.55823685 0.6549669640625 0.5571293265625 0.6568076921875 0.55827823125 0.6580345515625 0.5563909140625001 0.67950605 0.5512224046875 0.6807321078124999 0.5493352796875001 0.6822663015625 0.5489659765625 0.6847190421875 0.5451906656250001 0.6791950796874999 0.54174346875 0.6745941015625 0.54285099375 0.672753375 0.5417020906250001 0.6681523968749999 0.5428096124999999 0.6663108671875 0.5416609015625 0.65557551875 0.544245059375 0.6500523593749999 0.5407976703124999 0.6494375125 0.5377607703125 0.6506635703125 0.535873646875 0.650356059375 0.5343547625 0.6485153312499999 0.5332058578125001 0.64759315 0.52865094375 0.6512719484375 0.522988509375 0.652805340625 0.5226193984374999 0.6540322 0.5207320796875 0.655565590625 0.5203629703125 0.6567916484375 0.518475846875 0.6583258421875 0.51810654375 0.6595517234375 0.5162185484374999 0.662619309375 0.515480134375 0.6638453671875 0.513593009375 0.6653795609375 0.51322370625 0.6678314984375 0.5094485875 0.6693656921875 0.5090792828125 0.67059175 0.507192159375 0.6721251406250001 0.5068230484375 0.6733520015625001 0.50493573125 0.6748853921875 0.504566621875 0.6785641890624999 0.498904184375 0.6831651671875 0.49779666093749997 0.6843918515625 0.495908471875 0.6874594390625 0.4951700578125 0.6899115499999999 0.49139581093749995 0.6914457453125 0.49102650625 0.6926716265625 0.4891385125 0.69205695625 0.48610248437500003 0.6969626124999999 0.4785527296875 0.6984960046875 0.47818362031249995 0.6997218843749999 0.476295625 0.7058570578125 0.474818796875 0.7070831156249999 0.4729316734375 0.7101507015624999 0.472193259375 0.7113767578125 0.470306134375 0.712910953125 0.46993683124999996 0.7141368328125 0.4680488359375 0.7138294968750001 0.466530821875 0.7175082953125 0.460868384375 0.7172009593750001 0.45935037031250003 0.722106615625 0.45180061718750003 0.7236400078125 0.45143150781249997 0.7248658890625 0.4495435125 0.727933475 0.44880509843749994 0.7291603359375001 0.44691778125 0.73222711875 0.4461795609375 0.735905915625 0.44051712343749994 0.7420410875 0.439040296875 0.7438818140625 0.4401892015625 0.745416009375 0.4398198984375 0.749097640625 0.44211857656250003 0.750631834375 0.441749271875 0.7524725609375 0.442898178125 0.7586077328124999 0.44142135 0.759833790625 0.43953422499999995 0.7595264546875 0.4380162109375 0.7576855515625 0.4368664375 0.7558411890625 0.4277566109375 0.7570672468749999 0.42586948593749996 0.7567599109375001 0.42435147031250003 0.7579857921875 0.4224634765625 0.7576784578125 0.42094546250000003 0.7589053171875 0.41905814531249996 0.756138771875 0.40539340468749996 0.75429724375 0.40424469375000005 0.7539897328125 0.402725809375 0.7503082765625 0.40042800156249997 0.7487740828125 0.40079730468749997 0.7450924546875 0.3984986265625 0.744477784375 0.3954625984375 0.7457036640625 0.3935746046875 0.745396328125 0.39205658906249996 0.7466223859375 0.390169465625 0.7460075390625 0.387132565625 0.7484602796875001 0.383357253125 0.7499936734375 0.3829881421875 0.75122053125 0.381100825 0.7502983515625 0.3765459125 0.7484568203124999 0.3753972 0.7407890593750001 0.3772429453125 0.7395622000000001 0.37913026250000004 0.7380288078125 0.379499371875 0.73680195 0.38138669062499997 0.73526855625 0.3817558015625 0.7340426765625 0.3836437953125 0.73250848125 0.3840130984375 0.73005636875 0.38778734843749996 0.7285221749999999 0.3881566515625 0.7260694328125 0.39193196406249997 0.7230026484375001 0.392670184375 0.7217757890625001 0.39455750312500004 0.7199350625000001 0.3934085984375 0.7184016718749999 0.3937777078125 0.7147192375 0.3914792234375 0.71318504375 0.3918485265625 0.7002979984375 0.3838048453125 0.6987638031250001 0.3841741484375 0.6969230765625001 0.38302524375 0.6953896859375 0.3833943546875 0.6935481546875 0.38224564375000003 0.6920147625 0.38261475312500004 0.6864916046875 0.3791673640625 0.6849574109375001 0.3795366671875 0.68311650625 0.3783868921875 0.6800489203125 0.37912530625 0.6745257609374999 0.37567791562499997 0.6729923703125 0.3760470265625 0.671150840625 0.374898315625 0.669617446875 0.375267425 0.6677767203125 0.374118521875 0.666242525 0.374487825 0.662560896875 0.3721891453125 0.6610267015625 0.3725584484375 0.659185975 0.37140954531250003 0.65765178125 0.37177884843750003 0.6558108781249999 0.370629075 0.6542774859375 0.3709981859375 0.650595228125 0.36870057031250003 0.6490618390625 0.36906967968750004 0.6472203078125001 0.36792096875 0.6456869171874999 0.3682900796875 0.6438452109374999 0.3671404984375 0.64231181875 0.367509609375 0.6367886578124999 0.36406221875 0.63525526875 0.3644313296875 0.62973130625 0.36098413281249997 0.6281979125 0.36135324375 0.6263571859375 0.3602043390625 0.6232896 0.360942753125 0.6159249109375 0.356346653125 0.61439151875 0.35671576250000003 0.6107090875 0.3544172796875 0.6091756937499999 0.3547863890625 0.6054934390625 0.3524887734375 0.6039600468749999 0.352857884375 0.6021183421875 0.351708303125 0.5990515578125 0.3524465234375 0.5953693 0.3501489078125 0.593835909375 0.35051801718750003 0.5919942046875 0.3493684359375 0.5889266171875 0.35010685 0.5870858890624999 0.3489579453125 0.5840183046874999 0.349696359375 0.5803366750000001 0.3473976796875 0.5772690875 0.34813609375 0.575427559375 0.34698738281249997 0.5708265781249999 0.3480949078125 0.56346269375 0.3434986140625 0.5619284999999999 0.3438679171875 0.5600875953125 0.34271814375 0.5585542046875 0.3430872546875 0.553031221875 0.339640734375 0.551497028125 0.34001003750000003 0.5496561234375 0.33886026406249997 0.5493487874999999 0.33734225 0.547507259375 0.3361935375 0.5459738671875 0.3365626484375 0.5349275484375 0.3296678671875 0.5333933531249999 0.3300371703125 0.52787019375 0.32658978125 0.5263368015625 0.3269588921875 0.5244959 0.3258091203125 0.52296170625 0.3261784234375 0.517438721875 0.322731903125 0.5159053296875 0.3231010125 0.5140636234375 0.3219514328125 0.51253023125 0.32232054374999997 0.51068950625 0.3211716390625 0.510382171875 0.3196536234375 0.5030173046875 0.315056653125 0.5014839125 0.3154257625 0.49964238437499997 0.3142770515625 0.498108990625 0.3146461625 0.4944265609375 0.3123476765625 0.4928931671875 0.3127167875 0.49105163906250004 0.3115680765625 0.477248703125 0.314890646875 0.4754079765625 0.3137417421875 0.472340390625 0.3144801578125 0.4649757015625 0.30988405625 0.45117276562499997 0.313206628125 0.45209477187499997 0.317760671875 0.453935675 0.3189104453125 0.4545503453125 0.3219464734375 0.45639205 0.3230960546875 0.4566993859375 0.32461406875 0.4613003640625 0.3235065453125 0.46314109062500003 0.32465544999999996 0.466208678125 0.3239170359375 0.46804957968750005 0.3250668109375 0.4726513609375 0.32395909375 0.4744920875 0.3251079984375 0.47602547968750003 0.3247388890625 0.4797079125 0.3270373734375 0.48001524843750004 0.3285553875 0.48737993749999997 0.3331514875 0.48891332656250003 0.332782378125 0.49075405468750005 0.3339312828125 0.4922882484375 0.3335619796875 0.494129153125 0.3347117515625 0.49566254374999996 0.3343426421875 0.4993448015625 0.33664025625 0.5008789953125 0.336270953125 0.502719896875 0.337420728125 0.504253290625 0.33705161875 0.5060948187500001 0.33820032968749997 0.5076282125 0.33783121875 0.5094689390625 0.3389801234375 0.5110031328125 0.3386108203125 0.5128440375000001 0.3397605921875 0.51437823125 0.3393912890625 0.51621895625 0.34054019375 0.5177523484375001 0.340171084375 0.519593878125 0.3413197953125 0.5211272703125001 0.340950684375 0.5229681734375 0.342100459375 0.5245023671875 0.34173115625 0.5263430953125 0.342880059375 0.52941068125 0.342141646875 0.5312514078125 0.3432905515625 0.5358523859375001 0.342183028125 0.5376940921875 0.343332609375 0.539227484375 0.34296349843749996 0.5429097406250001 0.34526111406250004 0.54444313125 0.34489200468750003 0.5481255640625 0.3471904875 0.5484329 0.3487085015625 0.5557975890625 0.353304603125 0.5561051 0.3548234875 0.559786553125 0.3571212953125 0.5613207484375 0.35675199218750003 0.56316165 0.357901765625 0.5708302140625 0.35605582812500003 0.578194103125 0.3606521234375 0.5785014359375 0.3621701375 0.58003563125 0.361800834375 0.581876359375 0.3629497390625 0.5834105546874999 0.3625804359375 0.5926153421875 0.3683265015625 0.5941495375 0.36795719843749997 0.5959902640625 0.369106103125 0.596297775 0.3706249875 0.59783196875 0.370255684375 0.601513421875 0.3725534921875 0.603047615625 0.3721841890625 0.606729246875 0.3744828671875 0.6082634421875001 0.3741135640625 0.6101041703125001 0.37526246875 0.6131717546875 0.3745240546875 0.6150126578124999 0.3756738296875 0.6165468515625 0.375304525 0.62022830625 0.377602334375 0.6217625015625 0.37723303124999996 0.623603228125 0.37838193593749997 0.6266708140625 0.37764352031250004 0.6321939734375001 0.38109091093749997 0.633727365625 0.3807217984375 0.635569071875 0.3818713796875 0.6371024625 0.3815022703125 0.6389439921875 0.38265098124999997 0.640477384375 0.38228187187499996 0.6423181109375 0.383430775 0.6438523046875 0.383061471875 0.6475339359375 0.38536015 0.64906813125 0.38499084687499996 0.6509088578125 0.3861397515625 0.6524430515625 0.3857704484375 0.65612468125 0.3880691265625 0.657658875 0.3876998234375 0.659499603125 0.38884872812500004 0.6610329953125 0.3884796171875 0.6628746999999999 0.3896291984375 0.6644080921875 0.3892600890625 0.669931075 0.3927066078125 0.67146526875 0.3923373046875 0.6733061734375 0.393487078125 0.6748395640625 0.3931179671875 0.6803635265625 0.3965651640625 0.6818969171875 0.39619605468749997 0.6837376453124999 0.3973449578125 0.6868052328124999 0.3966065453125 0.6904876640625 0.39890502968749997 0.69202105625 0.39853591875 0.6938625859374999 0.39968463125000003 0.69692936875 0.39894640937500003 0.6987708984375 0.4000951203125 0.7018376828124999 0.3993569 0.7036793890624999 0.40050648125 0.70521278125 0.400137371875 0.7070543093749999 0.40128608281249994 0.7085877015625 0.4009169734375 0.710428428125 0.4020658765625 0.7119626218749999 0.4016965734375 0.715644253125 0.4039952515625 0.7159515875 0.40551326562499995 0.7251571796875 0.4112591390625 0.728224765625 0.41052072656250005 0.73006549375 0.41166962968750004 0.7315996874999999 0.41130032656250004 0.7352821203125 0.41359881249999997 0.7365116359375 0.419671740625 0.7291532390625 0.43099680625000003 0.72301886875 0.43247344062500004 0.7217920109375 0.4343607578125 0.7202586171875 0.43472986718750006 0.7190325609375 0.43661699218749994 0.717498365625 0.43698629687499996 0.7138195703125 0.4426487328125 0.71412708125 0.4441676171875 0.7129010250000001 0.44605474218749996 0.7113668296875 0.4464240453125 0.7089148921875 0.45019916406249993 0.7073806984375001 0.4505684671875 0.70247584375 0.4581180296875 0.7009416500000001 0.458487334375 0.6984895359375 0.4622615828125 0.696955340625 0.4626308859375 0.6957294593750001 0.464518878125 0.6911284828125 0.46562640312500003 0.6899016234375 0.4675137203125 0.68836823125 0.46788283125 0.683463378125 0.4754323921875 0.6837708890624999 0.47695127656249997 0.6788652328125 0.48450103125000005 0.6773318390624999 0.4848701421875 0.67610498125 0.48675746093749994 0.6745715875 0.4871265703125 0.673345709375 0.4890145640625 0.6718115140625 0.4893838671875 0.6705854578125 0.4912709921875 0.6675178703125 0.49200940624999995 0.663839071875 0.497671840625 0.6623056828125 0.49804095156250006 0.661078821875 0.4999282703125 0.65954543125 0.5002973796875 0.6558666328125 0.5059598171874999 0.6543324390625 0.5063291203125 0.6494275843749999 0.5138786828125 0.647893390625 0.5142479859375 0.63808305625 0.5293481703125 0.6365496640625 0.5297172812500001 0.63532360625 0.5316044046874999 0.6337894125 0.5319737078125 0.6325633546875 0.533860834375 0.631029965625 0.53422994375 0.62980328125 0.5361181312500001 0.622134715625 0.53796406875 0.6209086593750001 0.53985119375 0.6132400953125 0.5416971296875001 0.61139936875 0.5405482265625 0.609865175 0.5409175296875001 0.604342015625 0.5374701390625 0.6040345046875 0.53595125625 0.6021937765625001 0.534802353125 0.6018864421875 0.5332843375 0.5982040093750001 0.530985853125 0.596670615625 0.5313549625 0.5948290875 0.5302062515625 0.5917623046875 0.530944471875 0.5893095640625 0.5347197859375 0.589924234375 0.5377558140625001 0.5917649609375 0.5389047171875 0.592072471875 0.5404236 0.5939140015625 0.5415723109374999 0.5960656984375 0.552200153125 0.5979066015625001 0.5533499265625 0.59882878125 0.5579048421875 0.5976027265625 0.559791965625 0.5994434531249999 0.5609408703125001 0.60067296875 0.567013796875 0.6061961296875 0.5704611859375001 0.6077295203124999 0.570092075 0.6095712265625 0.57124165625 0.61110461875 0.570872546875 0.6129461484375 0.5720212578125 0.61601293125 0.5712830359375001 0.6178544593749999 0.5724317484375 0.619387853125 0.5720626375 0.6212287562500001 0.5732124109375001 0.6242963421875001 0.5724739984375 0.6261378718749999 0.573622709375 0.635339828125 0.5714076625 0.6365658859375001 0.5695205375 0.6362583749999999 0.568001653125 0.6387112890625 0.5642272109375 0.6417788765625 0.563488796875
1 0.7122798859375 0.42709667656250005 0.7159586828125 0.421434240625 0.715651346875 0.41991622656249994 0.7168774046874999 0.41802910000000004 0.7162625578124999 0.4149922015625 0.7144218296875 0.413843296875 0.7141143203125 0.4123244125 0.7122727906249999 0.4111757015625 0.7107393984375 0.4115448125 0.708898671875 0.4103959078125 0.704296890625 0.41150362500000004 0.703070834375 0.41339075000000003 0.7015374421875 0.4137598609375 0.7003105828125 0.41564717812499996 0.698777190625 0.4160162875 0.6963244515625 0.41979160000000004 0.694791059375 0.42016071093749996 0.6898854015625 0.427710465625 0.6883520109375 0.42807957500000005 0.68344653125 0.4356302 0.6819131390625001 0.4359993109375 0.6840648359375 0.44662715000000003 0.699401965625 0.44293527499999996 0.7043066421875 0.4353848453125 0.7058408359375 0.4350155421875 0.7107456921875 0.42746597968750005 0.7122798859375 0.42709667656250005
1 0.7485385499999999 0.5744124203125 0.7055955515625 0.5847494375 0.7098989453125 0.6060051171875 0.748240965625 0.596775625 0.7506938812499999 0.5930011828125 0.7503863703125 0.5914822984375 0.7516124265624999 0.589595171875 0.7485385499999999 0.5744124203125
1 0.8233106890625 0.3796703390625 0.7680973453125 0.392961009375 0.771171225 0.40814376250000006 0.8309855453124999 0.3937455671875 0.8285265125000001 0.3815997109375 0.8266848078125 0.3804501328125 0.8251514156249999 0.38081924218749996 0.8233106890625 0.3796703390625
1 0.7567858828125 0.488035946875 0.75494515625 0.4868870421875 0.7472765921875 0.4887329796875 0.7454350640625 0.48758426874999994 0.70555965 0.49718287187500004 0.704332790625 0.499070190625 0.6920632484375 0.5020236515625001 0.690222521875 0.5008747453125 0.6871549359375 0.5016131609375 0.690843484375 0.5198319421875001 0.767528325 0.5013727625 0.764761959375 0.48770889375 0.7632285671875 0.48807800468749996 0.7613868625 0.4869284234375 0.7567858828125 0.488035946875
5 0 0.5905921296875001 0.08192876875 0.5708706593749999 0.079469559375 0.5587239359375 0 0.5778534375 0 0.5905921296875001
0 0.2929467125 0.47708344687500004 0.29263937812499996 0.47556543281249997 0.2938662359375 0.473678115625 0.293251390625 0.470641215625 0.294477446875 0.46875409062499995 0.2929404203125 0.4611622796875 0.29109969375 0.46001337500000006 0.2907921828125 0.45849449218749994 0.2889506515625 0.45734578125 0.28864331875000004 0.45582776718750007 0.2687060140625 0.460626971875 0.2720872265625 0.47732773906250003 0.2794512890625 0.481924903125 0.2797586234375 0.4834429171875 0.28159935156250004 0.48459182187499994 0.2819066859375 0.4861098359375 0.29110944375000003 0.4838945953125 0.290802109375 0.48237658124999994 0.292028165625 0.4804894578125 0.29172083125000003 0.4789714421875 0.2929467125 0.47708344687500004
5 0.707753540625 0.6112984453125 0.7089795984375 0.60941131875 0.7151147703125 0.60793449375 0.7108111984375001 0.5866779421875 0.6141882484375001 0.6099365203125 0.6129623671875 0.6118245124999999 0.6068271953125 0.6133013390625 0.60498629375 0.6121515671875 0.5819806 0.617689378125 0.5872063515625 0.643500840625 0.69609884375 0.617288803125 0.697324725 0.6154008109375 0.7003923109375 0.6146623953125 0.7016183671875 0.612775271875 0.707753540625 0.6112984453125
5 0.681851090625 0.2847474015625 0.68307795 0.282860084375 0.684611340625 0.282490971875 0.6870640828125001 0.2787156609375 0.686756746875 0.27719764687500004 0.6879826265625 0.2753096515625 0.6876752921875 0.2737916359375 0.68890135 0.27190451250000003 0.68767165625 0.265830715625 0.6888985171875001 0.263943396875 0.683672940625 0.238132803125 0.5609775140625 0.2676674140625 0.5597506531249999 0.26955473125 0.5582172625 0.269923840625 0.5569912046875001 0.27181096562499996 0.5554570109375 0.27218026875 0.554231128125 0.2740682640625 0.55116354375 0.2748066765625 0.5499374875 0.2766938015625 0.5468699 0.27743221406249996 0.5514808062500001 0.3002067796875 0.5606827625 0.2979917328125 0.56436501875 0.3002893484375 0.564979865625 0.303326246875 0.562527125 0.30710156093749996 0.5631417937500001 0.3101375890625 0.5649835000000001 0.31128717031250003 0.5652908359375 0.312805184375 0.6450424640625 0.2936077828125 0.646269321875 0.291720465625 0.6616056484375 0.288028784375 0.663447178125 0.28917749531250003 0.681851090625 0.2847474015625
5 0.690496175 0.0040171890625 0.45628417656250003 0.0603954921875 0.463661625 0.09683479687499999 0.84401745 0.005277506249999999 0.8439430281250001 0.0049099171875 0.690496175 0.0040171890625
3 0.8380779984375 0.484390409375 0.8442259312499999 0.5147567875 0.867231625 0.509218975 0.8604690203124999 0.47581656875 0.8389975203125 0.48098507812499997 0.8393048562500001 0.48250309218750004 0.8380779984375 0.484390409375