3 0.7913752109375001 0.6836842234375 0.8026815890625001 0.619509825 0.733990596875 0.607799759375 0.7226842171875 0.671974159375 0.7913752109375001 0.6836842234375
3 0.9677570609374999 0.6410353796875 0.94294931875 0.6368062906249999 0.93597133125 0.6764129671875 0.9607790749999999 0.68064205625 0.9677570609374999 0.6410353796875
3 0.47123520625 0.5958045296875001 0.4793231140625 0.5498979875 0.40491905624999996 0.537213990625 0.396831146875 0.583120534375 0.47123520625 0.5958045296875001
3 0.5550189390625 0.60731294375 0.562936803125 0.5623715609375 0.4816502265625 0.5485142703125 0.47373236093750004 0.593455653125 0.5550189390625 0.60731294375
3 0.40351226875 0.5803371281249999 0.4110560375 0.5375190984375 0.3624374640625 0.52923086875 0.35489369531250003 0.5720488984375 0.40351226875 0.5803371281249999
3 0.1691291390625 0.5308188734375 0.1789051203125 0.47533091875 0.101721215625 0.46217303125000003 0.0919452328125 0.517660984375 0.1691291390625 0.5308188734375
5 0.1344325109375 0.41784320937499997 0.14875330625 0.336559146875 0.1143215375 0.330689409375 0.1000007453125 0.41197347031250003 0.1344325109375 0.41784320937499997
5 0.3106488859375 0.2857379640625 0.35914965625 0.0104501875 0.3072437328125 0.008939879687500001 0.2599981453125 0.277103303125 0.3106488859375 0.2857379640625
5 0.885418521875 0.5264451375 0.9093514390624999 0.3906031828125 0.8812078781249999 0.3858054234375 0.8572749625 0.5216473781250001 0.885418521875 0.5264451375
1 0.9672377750000001 0.5237728765624999 0.983215725 0.4330828859375 0.952522375 0.42785045312500003 0.9365444234375 0.51854044375 0.9672377750000001 0.5237728765624999
1 0.895281209375 0.726296453125 0.9050139093749999 0.671054175 0.8669204109375 0.6645602046875 0.8571877125 0.7198024843749999 0.895281209375 0.726296453125
5 0.9045139328125 1 0.94861629375 0.749677353125 0.8135923859374999 0.72665921875 0.7667375421875 0.9926048062499999 0.8101175953125 1 0.9045139328125 1
5 0.7330394171875 1 0.78356704375 0.7132078890625 0.7503430734375 0.7075440484375 0.698817578125 1 0.7330394171875 1
1 0.6507308296875001 0.7353500000000001 0.62984418125 0.731494728125 0.6115974515625 0.8166916421874999 0.63330198125 0.8234030765625 0.6507308296875001 0.7353500000000001
0 0.6022702484375 0.3410336671875 0.5877787734375 0.30985765 0.5588107734375 0.319636359375 0.56622429375 0.349123153125 0.5695247390625 0.349758096875 0.6022702484375 0.3410336671875
1 0.9508238640625001 0.1752260875 0.9952930249999999 0.163887153125 0.9965625093750001 0.12753388593749998 0.9323714656250001 0.14352124375 0.9508238640625001 0.1752260875
1 0.9340508562500001 0.14302306250000002 0.0652721953125 0.42871430468750005 0.07871912656249999 0.4491073984375 0.9525505203125 0.1753451046875 0.9340508562500001 0.14302306250000002
1 0.439311434375 0.47321005625 0.4439517171875 0.42426475 0.4049828546875 0.42110288125000006 0.3990479203125 0.4687212640625 0.41813495468750006 0.472983725 0.4057855828125 0.49155314843750003 0.377665440625 0.4859387578125 0.3891554890625 0.5041907109375 0.4472303375 0.5128076375 0.44170997031250003 0.49663981250000006 0.42554760937499997 0.494898571875 0.439311434375 0.47321005625
1 0.49745808125 0.48918688125000004 0.5107404796874999 0.493376228125 0.4895615875 0.5181694953125 0.5118187765625 0.521105196875 0.5328192953124999 0.49554223437499995 0.53266386875 0.44739894218750004 0.504325325 0.44785500625 0.49745808125 0.48918688125000004
1 0.9765775859374999 0.5909705546875 0.522409428125 0.5086400828125 0.5320172515625 0.540422365625 0.9723183531249999 0.6151457296875 0.9765775859374999 0.5909705546875
0 0.586843396875 0.0244100609375 0.5537744796874999 0.21210745625 0.6203757953125 0.22346128125 0.653444709375 0.0357638875 0.586843396875 0.0244100609375
0 0.4033504625 0.288996871875 0.4390195046875 0.08654129687499999 0.36549732968750004 0.07400763906249999 0.3298282875 0.27646321406249996 0.4033504625 0.288996871875
0 0.49995492031250005 0.7668589015625 0.5264415875 0.6165219937499999 0.4826925375 0.6090638953124999 0.45620587187500006 0.7594008031249999 0.49995492031250005 0.7668589015625
0 0.3632817859375 0.7487743765625 0.3900003328125 0.597121340625 0.34665388125 0.589731875 0.3199353359375 0.7413849124999999 0.3632817859375 0.7487743765625
0 0.9385886859375001 0.5204434250000001 0.9433499171875 0.49341893125 0.9053906203125001 0.4869478390625 0.9006293890625001 0.51397233125 0.9385886859375001 0.5204434250000001
2 0.358126175 0.5598654609375 0.3517006609375 0.5385241390625 0.1439500375 0.4993988734375 0.992679021875 0.238742390625 0.9938611890625 0.20488956875 0.101210571875 0.4893599953125 0.109285390625 0.5144207828125 0.358126175 0.5598654609375
2 0.9665446796875001 0.64791679375 0.5566221453125 0.572019225 0.5599143421874999 0.6042413828125001 0.9612847265625 0.6777719984374999 0.9665446796875001 0.64791679375
1 0.9722633 0.6154582109375 0.7310907171875 0.5725102015625 0.7407303062499999 0.603428471875 0.9670702062500001 0.6449339328125 0.9722633 0.6154582109375
0 0.246718209375 0.535232253125 0.21328718593749998 0.5295331156249999 0.2076791359375 0.561364109375 0.24111015781249998 0.5670632453125 0.246718209375 0.535232253125
4 0.8053451687500001 0.06165904531250001 0.7921751078125 0.1364116046875 0.8974795656250001 0.1543633296875 0.8994443421874999 0.15297387812500002 0.901116084375 0.15325886718749998 0.9139911953125001 0.080180425 0.8053451687500001 0.06165904531250001
0 0.025884678124999998 0.4889583609375 0.0205718859375 0.5191134859375001 0.06068796093749999 0.5259522546875 0.063639615625 0.5091988203125 0.0656063078125 0.507809696875 0.0664917734375 0.5027838421874999 0.0651152875 0.5008229828124999 0.0657054953125 0.49747299843750004 0.0643290109375 0.495512140625 0.025884678124999998 0.4889583609375
4 0.47117810625 0.6977438375 0.3842589828125 0.6829263421875 0.3703864859375 0.761665890625 0.4573056109375 0.7764833859375 0.47117810625 0.6977438375
4 0.6412128203125 0.42646860625 0.537580103125 0.40880186875 0.5242978125 0.4841914328125 0.62793053125 0.501858171875 0.6285207390625 0.49850818593749996 0.627144253125 0.496547328125 0.6291112546875001 0.495156446875 0.6412128203125 0.42646860625
4 0 0.4345020453125 0.0511579765625 0.44322317812499995 0.057651490625 0.40636633125 0.056276921875 0.40440579843749996 0.0577525953125 0.39602995937499996 0.05971768125 0.394638753125 0.0662111953125 0.3577819078125 0.0045100828125 0.3472634375 0 0.3728624265625 0 0.4345020453125
4 0 0.6778172203125 0.0814155328125 0.6916964937500001 0.09499307968750001 0.614631059375 0.0936162859375 0.61267195625 0.0852594890625 0.611247334375 0.0838830046875 0.6092864765625 0.075524290625 0.607861528125 0.07414972187499999 0.6059009953125 0.07247798125 0.60561600625 0.0683482171875 0.599735184375 0.068643475 0.5980593140625 0.0672666796875 0.5961002093750001 0 0.5846329546875 0 0.6778172203125
0 0.7245666468749999 0.6667368703125 0.723189853125 0.6647777671874999 0.7234851109375 0.663101896875 0.720141625 0.6625319171874999 0.7187651421875 0.6605710578124999 0.68199255 0.65430226875 0.674023053125 0.699536709375 0.717482615625 0.7069454578125 0.7245666468749999 0.6667368703125
4 0.7560450390625 0.5271508375 0.7575210203125 0.51877324375 0.7594880234375 0.5173823625 0.761553903125 0.505656540625 0.7654879046875 0.50287478125 0.7769992625000001 0.43753692656250004 0.688408396875 0.4224344390625 0.6736501265625 0.506201596875 0.6777798890625 0.5120824203125001 0.67945163125 0.512367409375 0.680828115625 0.51432826875 0.7560450390625 0.5271508375
0 0.26690736406250004 0.2349615734375 0.26553056875 0.2330024671875 0.230429721875 0.22701866874999999 0.2284630296875 0.22840779375000003 0.221083740625 0.2702922484375 0.2595280734375 0.276846028125 0.26690736406250004 0.2349615734375
4 0.49470621562500006 0.4273787890625 0.495886940625 0.4206770625 0.4998209421875 0.417895303125 0.46973340468749997 0.41276614531250005 0.46776832031250004 0.41415735312499996 0.46609657968749996 0.4138723640625 0.464129578125 0.41526324218750005 0.462457834375 0.414978253125 0.46049114218750004 0.4163673796875 0.45714765625 0.41579740000000004 0.45518065625000004 0.4171882796875 0.44515211718750003 0.41547867031249996 0.44318511406249994 0.41686955000000003 0.42960787656250005 0.49393322812499996 0.49479626093749995 0.5050461875 0.5054218453125 0.44473594062500005 0.5037520203125 0.444451278125 0.49549249531250006 0.43268963125 0.4960830109375 0.429337890625 0.49470621562500006 0.4273787890625
5 0.578020734375 0.022906021874999998 0.5433036296875 0.21995845468750003 0.648608090625 0.2379101828125 0.6833251953125 0.04085775 0.578020734375 0.022906021874999998
5 0.47663765468749997 0.2172210078125 0.48017951718749996 0.1971175921875 0.4821465171875 0.1957267109375 0.4827367265625 0.1923767265625 0.48470372656249994 0.1909858484375 0.5157082953125001 0.015005578124999999 0.4471912953125 0.013011937500000001 0.3992485171875 0.28513258750000003 0.45608010468750004 0.294820925 0.45637505312500004 0.2931468109375 0.45834205624999996 0.29175592968749997 0.4598177265625 0.2833800921875 0.46178472968750006 0.2819892109375 0.46798329531249994 0.24680647968749997 0.4699480703125 0.24541702656250003 0.4746706546875 0.2186118875 0.47663765468749997 0.2172210078125
0 0.6108868734375 0.794037675 0.600858334375 0.7923280640625 0.5988916421875 0.793717190625 0.5855196171875 0.7914376 0.584142825 0.7894784953125 0.5741142828125 0.7877688859374999 0.5688014906250001 0.817924009375 0.6105893109375 0.8250477671875001 0.61088456875 0.8233718984375 0.609507775 0.8214127937500001 0.6106884984375001 0.8147110703125 0.6126555 0.8133201906249999 0.6150166375 0.7999184984375 0.613640153125 0.7979576374999999 0.6139354109374999 0.79628176875 0.61226366875 0.7959967796874999 0.6108868734375 0.794037675
1 0.08089601874999999 0.049669871875 0.08256776406250001 0.0499548609375 0.0880740109375 0.0577965421875 0.08777875156250001 0.0594724125 0.09741315625 0.0731928359375 0.097117896875 0.0748687046875 0.10262222812499999 0.082710059375 0.10232696875 0.0843859296875 0.10645673281250001 0.09026674999999999 0.1061617828125 0.0919408671875 0.1130425984375 0.10174308125 0.11274765 0.10341719375 0.11441939375000001 0.103702184375 0.11579587656250001 0.10566304374999999 0.11550061874999999 0.10733891250000001 0.11687741250000001 0.10929801718750001 0.1165821546875 0.11097388593749999 0.11795864062500001 0.1129347453125 0.1173684328125 0.11628473125000001 0.1187449171875 0.118245590625 0.11785945312499999 0.12327144375000001 0.11923401874999999 0.1252319765625 0.1186438125 0.12858196093750002 0.120020296875 0.13054281875 0.1197253484375 0.13221693437499998 0.122478315625 0.136138653125 0.12218336562500001 0.1378127671875 0.12631282187499998 0.14369534374999998 0.1279845640625 0.143980334375 0.12936135937499998 0.1459394375 0.13437466874999998 0.1467940796875 0.13575115468750001 0.14875493906249998 0.137422896875 0.149039928125 0.1393898984375 0.14764905 0.13998010624999999 0.14429906406249998 0.1419471046875 0.142908184375 0.14361885000000002 0.1431931734375 0.1475506234375 0.1404128421875 0.14922236718749998 0.14069783281249998 0.15118936875 0.1393069515625 0.15286111093750002 0.139591940625 0.1567948046875 0.13681193593750002 0.1570900625 0.1351360671875 0.1629888390625 0.130964853125 0.163284096875 0.129288984375 0.1652507890625 0.12789985937499998 0.16554604687500002 0.1262239890625 0.16751304843749998 0.124833109375 0.168988721875 0.1164572703125 0.16761223593750002 0.1144964125 0.16790749375 0.1128205421875 0.1665307 0.11086143906249998 0.16712121562499999 0.1075097 0.1643679375 0.10358973593750001 0.164663196875 0.10191386718749999 0.16328831875 0.0999550875 0.163583578125 0.09827921875 0.1622070953125 0.096318359375 0.16250204375 0.094644246875 0.1611255578125 0.0926833859375 0.159453815625 0.092398396875 0.1567008453125 0.088476678125 0.155029103125 0.0881916875 0.1509012578125 0.08231119375 0.1492295140625 0.0820262046875 0.1450997515625 0.07614538125 0.14539470000000002 0.074471265625 0.1437229578125 0.0741862765625 0.14097190312500002 0.0702648859375 0.141266853125 0.06859077031250001 0.13713709062499999 0.0627099484375 0.135465346875 0.0624249578125 0.12996101875 0.054583604687499995 0.1302562765625 0.052907734375 0.124750028125 0.045066053125 0.12563549375 0.040040196875 0.12288221562499999 0.036120234375 0.1212123875 0.035835571875 0.11983590625 0.0338747125 0.114820675 0.033019743750000004 0.1128536765625 0.034410623437499996 0.10951018906250001 0.0338406453125 0.10557841406249999 0.036620976562500004 0.1052831546875 0.038296846875 0.1033161546875 0.039687725 0.0999726671875 0.039117746875 0.0958429046875 0.033236925 0.09417307968750001 0.0329522625 0.0927965953125 0.0309914015625 0.0911248515625 0.030706412500000002 0.08837157500000001 0.02678645 0.0903385734375 0.025395570312499997 0.09063383281250001 0.0237197 0.092600834375 0.0223288203125 0.0934863 0.0173029671875 0.0921095046875 0.0153438609375 0.09299497031250001 0.010318009375 0.0916184875 0.00835715 0.09220869375 0.0050071640625 0.0941756953125 0.003616284375 0.09432925156250001 0.0027447015625 0.06535663124999999 0.001901684375 0.059089543749999994 0.037473332812499996 0.060347921875 0.039263939062499996 0.06369140625 0.039833915625 0.065065975 0.0417944484375 0.071752946875 0.04293440625 0.0731294296875 0.0448952671875 0.076472915625 0.045465246875 0.07784970937499999 0.0474243484375 0.0795195359375 0.047709010937500004 0.08089601874999999 0.049669871875
3 0.9463175953125 0.2617097921875 0.9916073687500001 0.26943054375000003 0.9939503515625001 0.20233630625000001 0.9578620359375 0.1961841671875 0.9463175953125 0.2617097921875