5 1 0.7526523296875001 0.8938788875 0.7526523296875001 0.8938788875 0.7812544796875 1 0.7812544796875 1 0.7526523296875001
5 1 0.434256271875 0.7952454984374999 0.434256271875 0.7952454984374999 0.486173834375 1 0.486173834375 1 0.434256271875
3 0.5943126015625 0.3240143375 0.5496808515625 0.3240143375 0.5496808515625 0.3971326171875 0.5943126015625 0.3971326171875 0.5943126015625 0.3240143375
3 0.566432078125 0.9281451609375001 0.4983142390625 0.9281451609375001 0.4983142390625 0.9813888890625 0.566432078125 0.9813888890625 0.566432078125 0.9281451609375001
3 0.5771931265625 0.5748924734374999 0.5366202953125 0.5748924734374999 0.5366202953125 0.617688171875 0.5771931265625 0.617688171875 0.5771931265625 0.5748924734374999
3 0.5728314234375 0.6120161296875 0.5405891984375 0.6120161296875 0.5405891984375 0.6804569890625001 0.5728314234375 0.6804569890625001 0.5728314234375 0.6120161296875
3 0.5801800328125 0.6769892468750001 0.5353027828125 0.6769892468750001 0.5353027828125 0.755304659375 0.5801800328125 0.755304659375 0.5801800328125 0.6769892468750001
1 0.490090015625 0.806646953125 0.4686055640625 0.8427311828124999 0.521944353125 0.8726666671875 0.5424926343750001 0.836736559375 0.490090015625 0.806646953125
1 0.35993780625 0.41053046562500006 0.3088510640625 0.4436039421875 0.3265810140625 0.4736559140625 0.37955482812499997 0.4427867390625 0.35993780625 0.41053046562500006
1 0.6041358421874999 0.2981326171875 0.9668346968750001 0.9982078859374999 0.9918216046874999 0.9982078859374999 0.6201014734375 0.2835 0.6041358421874999 0.2981326171875
1 0.6199770874999999 0.5781559140625 0.6041358421874999 0.5917652328125 0.603456628125 0.6459910390625 0.6218625203125 0.6347275984375 0.6808968906249999 0.6216756265625001 0.6796235671875 0.5969426515625 0.6378641578125 0.595989246875 0.6359345328125 0.612948028125 0.6202454984375 0.6066326171875 0.6199770874999999 0.5781559140625
1 0.6058085109375 0.6860573484375 0.6031080203125 0.68514336875 0.6056088374999999 0.72044444375 0.620775778125 0.7114838703124999 0.630689034375 0.718598565625 0.68037806875 0.7167759859375 0.6784369890625 0.6877043015625001 0.63587725 0.6876003578125001 0.6325384609375 0.7024749109374999 0.6058085109375 0.6860573484375
1 0.6197725046875 0.7084874546875 0.593860884375 0.727894265625 0.5956906703125 0.9980089609375 0.619310965625 0.9982078859374999 0.6197725046875 0.7084874546875
2 0.5682716859375 0.566702509375 0.5712324062499999 0.3738172046875 0.8905466453124999 0.9966469531250001 0.9239230765625001 0.9982078859374999 0.57033060625 0.3270215046875 0.548834696875 0.33593906875 0.5477954171875 0.57654121875 0.5682716859375 0.566702509375
2 0.5481996734375 0.7569301078125 0.5404337156250001 0.9982078859374999 0.561700490625 0.9972275984375001 0.5638919796875 0.7508745515624999 0.5481996734375 0.7569301078125
5 0.9953126015624999 0.5729860343750001 0.9951089312500001 0.5724703437499999 0.799517184375 0.5673835125 0.7984369890624999 0.6234372765625 0.9953126015624999 0.6234372765625 0.9953126015624999 0.5729860343750001
0 0.989590834375 0.505134409375 0.8014075281249999 0.505134409375 0.8014075281249999 0.569955196875 0.989590834375 0.569955196875 0.989590834375 0.505134409375
0 1 0.6918369171875 0.8931587562500001 0.6918369171875 0.8931587562500001 0.75543906875 1 0.75543906875 1 0.6918369171875
0 0.52698854375 0.695304659375 0.38610474687499996 0.695304659375 0.38610474687499996 0.735698925 0.52698854375 0.735698925 0.52698854375 0.695304659375
1 0.3593747953125 0.8687508953125 0.36093780625 0.870311828125 0.432811784375 0.870311828125 0.432811784375 0.8406254484375 0.35 0.8406254484375 0.35 0.8687508953125 0.3593747953125 0.8687508953125
4 0.36562520468750004 0.6156254484375 0.36562520468750004 0.6984372765625 0.442188215625 0.6984372765625 0.442188215625 0.6156254484375 0.36562520468750004 0.6156254484375
4 0.7265630109375001 0.932811828125 0.7265630109375001 0.8734372765625 0.725 0.8718745515625 0.725 0.870311828125 0.7265630109375001 0.8687508953125 0.7265630109375001 0.8484372765625 0.642188215625 0.8484372765625 0.642188215625 0.9281254484374999 0.6437495906249999 0.9281254484374999 0.6453126015625 0.9296881718750001 0.6515630109375 0.9296881718750001 0.6531243859375 0.9312491046875 0.667188215625 0.9312491046875 0.668749590625 0.932811828125 0.7265630109375001 0.932811828125
0 0.5109378062500001 0.9171881718750001 0.5109378062500001 0.9156254484374999 0.51250081875 0.9140627234375 0.51250081875 0.9109372765625 0.5109378062500001 0.9093745515625 0.5109378062500001 0.9031254484375 0.51250081875 0.9015627234375 0.51250081875 0.8828118281249999 0.47187561406249995 0.8828118281249999 0.47187561406249995 0.9203118281249999 0.481250409375 0.9203118281249999 0.48281178437500005 0.9187508953125001 0.4953126015625 0.9187508953125001 0.49687561406249997 0.9171881718750001 0.49843698906249995 0.9187508953125001 0.5093747953125 0.9187508953125001 0.5109378062500001 0.9171881718750001
4 0.71406219375 0.8062508953125 0.71406219375 0.7156254484375 0.7093747953125 0.7109372765625 0.642188215625 0.7109372765625 0.642188215625 0.720311828125 0.6437495906249999 0.7218745515625 0.642188215625 0.7234372765625 0.642188215625 0.8031254484374999 0.6437495906249999 0.8046881718750001 0.7015630109375001 0.8046881718750001 0.7031243859375 0.8062508953125 0.71406219375 0.8062508953125
0 0.525 0.4375 0.525 0.46875089531249997 0.5265630109375 0.467188171875 0.53906219375 0.467188171875 0.5406252046875 0.46875089531249997 0.5531243859375 0.46875089531249997 0.5546873984375 0.467188171875 0.5546873984375 0.4375 0.525 0.4375
0 0.3734369890625 0.8406254484375 0.3734369890625 0.8062508953125 0.3468756140625 0.8062508953125 0.3468756140625 0.8421881718750001 0.3718756140625 0.8421881718750001 0.3734369890625 0.8406254484375
4 0.38593780624999996 0.242188171875 0.38593780624999996 0.3437508953125 0.46718821562499996 0.3437508953125 0.46718821562499996 0.242188171875 0.38593780624999996 0.242188171875
4 0.693749590625 0.6859372765625 0.6984369890625 0.6859372765625 0.6984369890625 0.65 0.6968756140625 0.6484372765625 0.6968756140625 0.6437508953125 0.6953126015625 0.642188171875 0.6953126015625 0.6390627234374999 0.693749590625 0.6375 0.693749590625 0.6312491046875001 0.692188215625 0.629688171875 0.692188215625 0.6265627234375 0.6218756140624999 0.6265627234375 0.6218756140624999 0.6859372765625 0.681250409375 0.6859372765625 0.682811784375 0.6843745515624999 0.6843747953125 0.6843745515624999 0.68906219375 0.679688171875 0.6906252046875 0.679688171875 0.693749590625 0.682811828125 0.693749590625 0.6859372765625
0 0.8296873984375001 0.4375 0.8296873984375001 0.404688171875 0.8281243859374999 0.40312544843750003 0.8281243859374999 0.4015627234375 0.7906252046875 0.4015627234375 0.7906252046875 0.4375 0.8296873984375001 0.4375
0 0.5593747953125 0.2937508953125 0.5593747953125 0.2593745515625 0.532811784375 0.2593745515625 0.532811784375 0.29687455156250003 0.556250409375 0.29687455156250003 0.5593747953125 0.2937508953125
4 0.6062504093750001 0.1937508953125 0.6062504093750001 0.275 0.642188215625 0.275 0.6437495906249999 0.2734372765625 0.6546873984375 0.2734372765625 0.656250409375 0.275 0.68593780625 0.275 0.68593780625 0.1937508953125 0.6062504093750001 0.1937508953125
0 0.5187495906249999 0.582811828125 0.5187495906249999 0.5734372765625 0.5203126015625 0.5718745515625 0.5203126015625 0.5687508953125 0.38750081875000003 0.5687508953125 0.38750081875000003 0.604688171875 0.5156252046875001 0.604688171875 0.517188215625 0.6031254484375 0.5187495906249999 0.6031254484375 0.5187495906249999 0.6015627234375 0.5203126015625 0.6 0.5203126015625 0.5843745515625 0.5187495906249999 0.582811828125
0 0.7734369890624999 0.732811828125 0.7734369890624999 0.7359372765625001 0.775 0.7375 0.775 0.7406254484375 0.7796873984375 0.745311828125 0.7796873984375 0.7468745515624999 0.7843747953125 0.7515627234375 0.78906219375 0.7515627234375 0.7906252046875 0.75 0.793749590625 0.75 0.7953126015625 0.7484372765625 0.7984369890624999 0.7484372765625 0.8 0.7468745515624999 0.8015630109374999 0.7468745515624999 0.8046873984375 0.7437508953124999 0.8046873984375 0.742188171875 0.806250409375 0.7406254484375 0.806250409375 0.729688171875 0.8046873984375 0.7281254484375 0.8046873984375 0.7234372765625 0.8031243859374999 0.7218745515625 0.8031243859374999 0.720311828125 0.8015630109374999 0.7187508953124999 0.7906252046875 0.7187508953124999 0.78906219375 0.720311828125 0.78750081875 0.720311828125 0.78750081875 0.7218745515625 0.7796873984375 0.729688171875 0.7781243859375 0.729688171875 0.7765630109375 0.7312491046875 0.775 0.7312491046875 0.7734369890624999 0.732811828125
5 0.47459901875000005 0.9483870968750001 0.1458919796875 0.9483870968750001 0.1458919796875 0.9867383515625001 0.47459901875000005 0.9867383515625001 0.47459901875000005 0.9483870968750001