4 0.29290721875000003 0.6260368171875 0.2947835109375 0.6247826390625 0.29638794062499996 0.616994765625 0.2982650484375 0.615740746875 0.3027571578125 0.59393613125 0.30152185781249996 0.5920748203125 0.2579602484375 0.58358810625 0.254206665625 0.5860971953125 0.2526511828125 0.5857941546875 0.2446294046875 0.6247317359375 0.24709955625000002 0.628452409375 0.2844384265625 0.6357268046875 0.2900683046875 0.6319635375 0.29038911562499997 0.630406321875 0.292265409375 0.6291521437500001 0.29290721875000003 0.6260368171875
4 0.5770317265625 0.5193895890625 0.5757962453125 0.5175291718749999 0.56023899375 0.5144982921875 0.558361884375 0.5157523125 0.5381365609375 0.5118119953125 0.5275479171875 0.5632091015625 0.5726658203125 0.571999015625 0.5819710312499999 0.5268316703125 0.5782663968749999 0.5212498453125 0.5785872078125001 0.519692628125 0.5770317265625 0.5193895890625
4 0.105427503125 0.8762540156249999 0.10639012343750001 0.8715814703125 0.105154825 0.8697201625 0.1061174453125 0.8650476156250001 0.10488277812499999 0.8631873578124999 0.1002155203125 0.862278078125 0.09898003749999999 0.8604176609374999 0.06786471875 0.8543557453125 0.0579178828125 0.9026375249999999 0.0594733640625 0.902940565625 0.060708662499999996 0.9048018750000001 0.06226414375 0.9051049156250001 0.06349881093750001 0.906965171875 0.0666105875 0.9075714109374999 0.0678452578125 0.9094316687499999 0.0974059078125 0.915190703125 0.10414407031249999 0.882483778125 0.102908771875 0.88062246875 0.103550396875 0.877508034375 0.105427503125 0.8762540156249999
4 0.7891227984375 0.42462887499999996 0.7778923453125001 0.4791413109375 0.779127828125 0.48100172656250006 0.78846234375 0.48282028437499996 0.7896970109375 0.48468054374999997 0.7928087859375 0.48528678281250004 0.7952787546875 0.4890083484375 0.8326176265624999 0.49628274375 0.8448107 0.4370977640625 0.8292526328125 0.4340667265625 0.8280179640625001 0.43220646875 0.7891227984375 0.42462887499999996
0 0.3555189015625 0.7305755546875 0.4473101875 0.7484584203125 0.4537275375 0.7173087125000001 0.4524922375 0.715447403125 0.36225724531250003 0.6978677359375001 0.3555189015625 0.7305755546875
0 0.382940053125 0.8331185234375 0.3899992109375 0.7988534875 0.2982079234375 0.7809706203125 0.291148765625 0.8152356562499999 0.382940053125 0.8331185234375
0 0.1110829140625 0.401073134375 0.0239588828125 0.3840995484375 0.0172207203125 0.4168064734375 0.10745652812499999 0.4343863 0.11323206875 0.4063519203125 0.111997584375 0.4044907703125 0.112318396875 0.4029335515625 0.1110829140625 0.401073134375
4 0.7843504640625001 0.5970396484375 0.7874614265625001 0.5976457296875 0.788696909375 0.599506146875 0.7933641671875 0.6004154265625 0.7945986515625 0.602276575 0.797710428125 0.6028828140625 0.798945096875 0.6047430734375 0.8005013921874999 0.605046271875 0.8029705453125 0.6087676796875 0.8356421578125 0.6151327953125 0.844305746875 0.5730798859374999 0.8393664390625 0.5656378046875 0.7926930546875 0.5565448515625 0.7843504640625001 0.5970396484375
4 0.1617827453125 0.41418996249999995 0.1586709671875 0.4135837234375 0.157435484375 0.41172330625000003 0.1555591921875 0.412977484375 0.12911113125 0.4078248484375 0.127233840625 0.40907975781249994 0.125678359375 0.40877671718749997 0.116373146875 0.4539440625 0.1568237921875 0.46182469687500005 0.165166384375 0.421329896875 0.16393108437499998 0.4194685890625 0.164251896875 0.41791137031250003 0.1617827453125 0.41418996249999995
0 0.1653813078125 0.5930925734375 0.184050334375 0.5967296921874999 0.1875800046875 0.5795967281250001 0.1863453359375 0.5777364703125001 0.169231790625 0.5744023921875 0.1653813078125 0.5930925734375
4 0.267962734375 0.1108747734375 0.2290675671875 0.1032971796875 0.217195490625 0.16092405 0.2607579125 0.1694109234375 0.2713465578125 0.1180138171875 0.270111075 0.1161534 0.2704320703125 0.114595290625 0.267962734375 0.1108747734375
4 0.1996294015625 0.953128021875 0.20672845468749998 0.9186693375000001 0.1740568421875 0.9123042234375 0.1721805484375 0.9135584 0.170624253125 0.9132552 0.1638460125 0.9461566671874999 0.1996294015625 0.953128021875
4 0.4295924953125 0.6380857203125 0.47471040000000003 0.646875634375 0.4849782328125 0.59703574375 0.48374356250000006 0.5951754874999999 0.440181140625 0.5866886140625 0.4295924953125 0.6380857203125
4 0.23362286562499998 0.6938680453125 0.2631827015625 0.6996269203125001 0.2669354734375 0.697117675 0.2752780640625 0.6566228765625 0.242607265625 0.6502579203125001 0.23362286562499998 0.6938680453125
0 0.0948072640625 0.6214633828125 0.105698071875 0.623585140625 0.10890674687499999 0.6080102859375 0.10767145 0.6061489765625 0.09833693593750001 0.6043304171874999 0.0948072640625 0.6214633828125
0 0.529782021875 0.1910422359375 0.523043678125 0.22375005468750003 0.613279484375 0.24132988125 0.619055209375 0.21329460781249998 0.6165850578125001 0.2095739328125 0.6169060546875 0.20801582343749997 0.529782021875 0.1910422359375
1 0.2374154078125 0.8404075796875 0.23929269843749998 0.8391526671875 0.2396135109375 0.8375954515625 0.24148980468749998 0.8363412734375 0.243094234375 0.8285534 0.24497134062499998 0.8272993812499999 0.2456131484375 0.8241840546875 0.2549956125 0.8179124328125 0.255316609375 0.8163543234375 0.25719371875 0.8151003046874999 0.2578355265625 0.8119849765625 0.2597118203125 0.8107307984375 0.2609952515625 0.8045010359375 0.2647488359375 0.8019919468750001 0.26506965 0.8004347296875001 0.27069952656249996 0.7966714640625 0.2710203390625 0.7951142453125 0.2766502171875 0.7913509796875 0.277933834375 0.7851203250000001 0.279810940625 0.78386630625 0.2804525671875 0.780751871875 0.2823290421875 0.7794968 0.2826498546875 0.7779395828125 0.2845261484375 0.77668540625 0.28516795781250004 0.773570078125 0.2870450640625 0.772316059375 0.2880076859375 0.7676435140625 0.28988416250000004 0.76638844375 0.2905257875 0.763274009375 0.29240226406250003 0.7620189390625 0.2927230765625 0.7604617203124999 0.2946001859375 0.759207703125 0.29492099843749997 0.7576504859375001 0.29867458281250003 0.755141396875 0.2989953953125 0.7535841796875 0.304625271875 0.7498209124999999 0.3049462671875 0.7482628015625 0.3105761453125 0.7444995359375 0.311538765625 0.739826990625 0.3134150578125 0.7385728140625 0.3137358703125 0.737015596875 0.31748945625 0.7345065078124999 0.3190449375 0.7348095484375 0.31936575 0.73325233125 0.32124285625 0.7319983109375 0.321563853125 0.7304402015625 0.325316440625 0.727931846875 0.3256374359375 0.7263737375 0.3275145453125 0.72511971875 0.32783535625 0.7235625 0.3297118328125 0.72230743125 0.33035345625 0.7191929953125 0.33223075 0.717938084375 0.3328723734375 0.7148236484375 0.33662514374999997 0.7123144015625 0.3369459546875 0.710757184375 0.33882306406249996 0.7095031640625 0.339785684375 0.70483061875 0.3416621625 0.7035755499999999 0.3419829734375 0.7020183328125 0.34573655937500003 0.69950924375 0.3463781828125 0.6963948078125 0.348254659375 0.6951397390625 0.3485754703125 0.6935825203125 0.3504525796875 0.6923285015625 0.3507733921875 0.6907712859374999 0.35452616406250004 0.6882620375 0.354846975 0.6867048203125 0.360476853125 0.6829415546875001 0.36079784843749996 0.6813834437499999 0.36267495781250003 0.680129425 0.36299576875 0.6785722078124999 0.3648722453125 0.6773171375 0.366476490625 0.6695301578125 0.3683536 0.6682761390625 0.3689954078125 0.6651608109375 0.372748178125 0.6626515625 0.37306898906249997 0.6610943453125 0.37494609687499997 0.6598403265624999 0.37526709375 0.658282215625 0.3827732640625 0.6532647734375 0.38341507343750003 0.6501494453125 0.38529218125 0.648895428125 0.3856129921875 0.647338209375 0.3912428703125 0.64357494375 0.3918846796875 0.640459615625 0.395637265625 0.6379512609375 0.3959582609375 0.6363931515625 0.3978353703125 0.6351391328125 0.39815618124999996 0.6335819140625001 0.400032659375 0.6323268453125 0.40067428281249995 0.629212409375 0.40255157500000005 0.6279574984375 0.4028723890625 0.62640028125 0.4066249734375 0.6238919265625 0.40694596875 0.622333815625 0.408823078125 0.6210797968749999 0.4091438890625 0.6195225796875 0.4110203671875 0.6182675093750001 0.4113411796875 0.6167102921875001 0.413217471875 0.615456115625 0.41353846718750004 0.6138980046875 0.4154155765625 0.6126439859375 0.41573638749999997 0.61108676875 0.41761286406250003 0.6098316984375 0.41889629843750004 0.603601934375 0.4207734046875 0.6023479171874999 0.42109421874999997 0.6007906984375 0.42672409531250005 0.5970274328125 0.4270450921875 0.595469321875 0.42892138593749995 0.594215146875 0.42924219687500004 0.5926579281250001 0.431118675 0.5914028578125 0.43143948749999994 0.589845640625 0.43331659531250005 0.588591621875 0.4336375921875 0.5870335109375 0.435513884375 0.585779334375 0.43615569218749994 0.58266400625 0.4380328015625 0.5814099890625 0.4383536125 0.5798527703125 0.443983490625 0.5760895046875001 0.44462529999999995 0.5729741765624999 0.44650159218749996 0.57172 0.4474642125 0.5670474546875 0.4493405046875 0.5657932765625 0.450944934375 0.558005403125 0.449068640625 0.55925958125 0.44440138593749995 0.5583503015625 0.433141628125 0.5658768328125 0.4328206328125 0.5674349421875 0.42719075625 0.571198209375 0.42654912968750003 0.5743126453125 0.42467183906250006 0.5755675546875 0.4240302140625 0.578681990625 0.42215392031250004 0.5799361671875001 0.421832925 0.581494278125 0.4199558171875 0.582748296875 0.41931400781250006 0.585863625 0.41743771562500004 0.5871178031250001 0.41647509375 0.5917903484375 0.4108452171875 0.5955536140625 0.41052440468749996 0.59711083125 0.40864792968749997 0.5983659015625 0.40800630312499997 0.6014803359374999 0.40049931875 0.6064976203125 0.399536696875 0.611170165625 0.39766022031250003 0.6124252359375 0.3973394078125 0.613982453125 0.39546230000000004 0.6152364718750001 0.39390681875 0.61493343125 0.3935858234375 0.6164915421875 0.39170953124999996 0.61774571875 0.390426096875 0.6239754828125 0.384795403125 0.6277385890625 0.384474590625 0.6292958078125 0.382598115625 0.6305508765625001 0.38163549375 0.6352234218749999 0.37600561718750003 0.6389866875 0.3756848046875 0.64054390625 0.3738085125 0.641798084375 0.373166703125 0.6449134109375 0.3712895953125 0.64616743125 0.3709687828125 0.647724646875 0.36909230625 0.6489797171875 0.3675360109375 0.64867651875 0.36565971875000003 0.649930696875 0.36533890625 0.6514879125 0.3597090265625 0.655251178125 0.3593880296875 0.6568092890624999 0.3575117390625 0.6580634671875 0.3562283046875 0.6642932296875 0.3543510140625 0.665548140625 0.3537093875 0.668662575 0.3518330953125 0.669916753125 0.3515121 0.6714748640625 0.349634990625 0.6727288812500001 0.349314178125 0.6742861 0.347437703125 0.6755411703124999 0.3467960765625 0.6786556046875 0.33928972343749997 0.6836739421875 0.3389689125 0.6852311578125 0.337091803125 0.6864851765625 0.3367708078125 0.6880432875 0.33301740625 0.6905514828125 0.33269659375 0.6921087015625 0.33082011875 0.6933637703125 0.329857496875 0.698036315625 0.327981203125 0.69929049375 0.32733939375 0.7024058203125 0.321709515625 0.7061690875 0.320746896875 0.7108416328125 0.3188697875 0.7120956515625 0.318548975 0.71365286875 0.3129190984375 0.7174161359375 0.3119564765625 0.72208868125 0.3063266 0.725851946875 0.3060057875 0.727409165625 0.3041293109375 0.7286642343749999 0.30348768593750003 0.7317786703125 0.3016103953125 0.7330335796874999 0.30096876875 0.7361480171875 0.2953388921875 0.7399112828125001 0.2937344625 0.7476991546875 0.288104584375 0.7514624203125 0.287783771875 0.7530196390625 0.28590747968749997 0.7542738156250001 0.2852656703125 0.75738914375 0.27775868593749997 0.762406428125 0.277437871875 0.7639636453125 0.2755613953125 0.765218715625 0.275240584375 0.7667759328125 0.2714869984375 0.769285021875 0.2711661875 0.7708422390624999 0.26928989531249997 0.7720964171875 0.26896889687500003 0.773654528125 0.267091790625 0.7749085453125 0.266770978125 0.7764657625 0.2630173921875 0.7789748515625 0.26269658125 0.78053206875 0.26082028749999997 0.781786246875 0.25953667187499996 0.7880169015625 0.25766037656249996 0.7892710796875 0.25733956406249997 0.7908282984375 0.2535859796875 0.7933373859375 0.25326516718750003 0.794894603125 0.251388690625 0.7961496734375 0.2510678796875 0.797706890625 0.24543718593750002 0.8014699984375 0.2447955625 0.8045844343749999 0.2429190828125 0.8058395031250001 0.24227745937499998 0.8089539390624999 0.2404009828125 0.8102090078125 0.240080171875 0.8117662265625001 0.23632658593750003 0.8142753140625001 0.23600577500000003 0.8158325328125 0.23412948125000002 0.8170867109375 0.233808484375 0.8186448203125 0.22630149843749997 0.8236621046874999 0.223092825 0.8392369593750001 0.22432749375 0.8410972156250001 0.2305510453125 0.8423096937500001 0.23242733750000003 0.84105551875 0.2339836328125 0.8413587171874999 0.23585992656250002 0.8401045390625 0.2374154078125 0.8404075796875
0 0.13076728124999998 0.9103503109375 0.1447690515625 0.9130781499999999 0.148619534375 0.89438796875 0.147384865625 0.8925277109374999 0.1349385765625 0.8901029125000001 0.13076728124999998 0.9103503109375
5 0.8469004359375001 0.348404584375 0.85973531875 0.28610427656250004 0.59369596875 0.234274234375 0.5808610859375001 0.29657454375 0.8469004359375001 0.348404584375
5 0.2461239890625 0.2718611328125 0.246444984375 0.270303021875 0.24521031718750003 0.268442765625 0.24553112968750002 0.266885546875 0.2442966453125 0.2650243953125 0.24525926562499997 0.26035185 0.24402378125 0.258491434375 0.24530721562500002 0.25226167187500004 0.22197093125 0.247715275 0.220093821875 0.24896929375000001 0.21231478906249998 0.24745377500000001 0.2104383140625 0.24870884375000002 0.1964365421875 0.2459810046875 0.19520124218749998 0.244119696875 0.1438606015625 0.23411746406249997 0.14262511875 0.23225704687499998 0.1332906046875 0.2304384875 0.11820966875000001 0.30364110312500003 0.24267257031249997 0.3278890859375 0.25197778125000003 0.2827217421875 0.2507432953125 0.280860590625 0.2510641078125 0.279303375 0.2461239890625 0.2718611328125
4 0.3442060171875 0 0.334705125 0.0461171734375 0.33626060468749996 0.0464202140625 0.33873075625000004 0.050140889062500006 0.38229318125 0.0586277625 0.394371459375 0 0.3442060171875 0
4 0.12402745781249999 0.6838564500000001 0.10846939062500001 0.6808254125000001 0.10723490625000001 0.6789642625 0.091676840625 0.6759332265625 0.0833340671875 0.716428915625 0.122228415625 0.7240063515624999 0.1296085703125 0.68818320625 0.1283739015625 0.6863229468750001 0.1252621265625 0.6857167078125 0.12402745781249999 0.6838564500000001
4 0.464791203125 0.48294252968749996 0.46666749531249996 0.4816883515625 0.46795092968749996 0.47545858750000003 0.4667164453125 0.47359743906249996 0.46767906562499995 0.46892489375 0.46955535781249996 0.467670715625 0.47661451718750003 0.4334056796875 0.462612746875 0.43067784218750005 0.4607364515625 0.43193201875 0.4545129 0.430719540625 0.45263642343750005 0.431974609375 0.43396658125 0.4283373328125 0.4236987484375 0.4781772234375 0.42493423124999996 0.480037640625 0.42461341875 0.48159485625 0.46039599375 0.4885660515625 0.4622731015625 0.48731203437500004 0.46259391406250006 0.4857548171875 0.464470390625 0.48449974687499997 0.464791203125 0.48294252968749996
0 0.15704936875 0.7356493578125 0.146158559375 0.7335276000000001 0.144923890625 0.7316673421875 0.11225227812500001 0.7253022265625 0.110375984375 0.7265564046875 0.10104065625 0.7247376859375 0.0998059875 0.722877428125 0.0904714734375 0.7210588703125 0.0859791828125 0.7428643796875 0.15443337031249998 0.756200690625 0.1563586125 0.7468556000000001 0.158235903125 0.7456006875 0.1595193359375 0.739370925 0.15704936875 0.7356493578125
5 0.17382097968750002 0.536415790625 0.189864353125 0.45854152187499997 0.056066937500000004 0.43247498125000006 0.0400235640625 0.5103492484375 0.17382097968750002 0.536415790625
0 0.100608521875 0.1220104953125 0.10216481718749999 0.1223136953125 0.11574869218749999 0.14278073593750001 0.11542787968749998 0.144337953125 0.11698336250000001 0.14464099375 0.1194533296875 0.1483625609375 0.1191325171875 0.149919778125 0.12160248437500001 0.1536413453125 0.123157965625 0.15394438593749998 0.1243934484375 0.155804803125 0.1240726359375 0.15736201875 0.1253073046875 0.159222278125 0.126862784375 0.15952531718750002 0.1293327515625 0.16324688437499998 0.1448908203125 0.16627792187499998 0.15227079062499999 0.13045566875 0.149800821875 0.126734103125 0.1466890453125 0.1261278640625 0.142984409375 0.12054603906250001 0.14142892812500002 0.1202429984375 0.1401934453125 0.11838258125000001 0.1386379640625 0.11807954062499999 0.1312286921875 0.106915890625 0.13154950468749999 0.10535867343750001 0.129993209375 0.10505547343749999 0.113939996875 0.0808679171875 0.1123837015625 0.0805647171875 0.1062090984375 0.0712613265625 0.104653615625 0.0709582859375 0.10341894843749999 0.0690980265625 0.1018626515625 0.068794828125 0.1006279828125 0.066934571875 0.0975162078125 0.0663283328125 0.095046240625 0.0626067640625 0.08726720624999999 0.0610912453125 0.08603253749999999 0.059230989062499996 0.0866743484375 0.056115659375 0.0885506390625 0.054861484375000005 0.0888716359375 0.0533033734375 0.077314309375 0.0510517625 0.06961334218750001 0.0884321265625 0.070280675 0.0885621375 0.07151534375 0.0904223953125 0.07462711875 0.091028634375 0.07833175625 0.096610459375 0.0798872359375 0.0969135 0.0811227203125 0.0987739171875 0.0826782015625 0.09907695625 0.0925574390625 0.1139621734375 0.0941137359375 0.11426537187500001 0.09534840312500001 0.1161256296875 0.0969038859375 0.1164286703125 0.100608521875 0.1220104953125
0 0.278828675 0.8436156671875 0.2743365671875 0.865420284375 0.2914501140625 0.8687543625 0.2956214109375 0.8485069640624999 0.2909541515625 0.847597684375 0.289719484375 0.845737425 0.278828675 0.8436156671875
5 0.852241096875 0.652386278125 0.9675194093749999 0.674844909375 0.98227935 0.603200403125 0.8670010375 0.580741771875 0.8535245281250001 0.6461565140625 0.854759196875 0.648016771875 0.8541173890625 0.6511321 0.852241096875 0.652386278125
1 0.42708257187500004 0.485316265625 0.42772438125 0.48220093750000004 0.4264897125 0.48034068124999996 0.42681052499999994 0.47878346250000003 0.4255760390625 0.4769223109375 0.4258968515625 0.4753650953125 0.4246613703125 0.473504678125 0.42310588750000006 0.4732016375 0.4218712203125 0.4713413796875 0.422192215625 0.4697832703125 0.4209567328125 0.467922853125 0.42127754531250006 0.46636563437499995 0.417572909375 0.46078380937499996 0.4178939046875 0.4592257 0.41665923749999995 0.4573654421875 0.4151029421875 0.45706224375 0.41139830625 0.45148041875 0.409842825 0.451177378125 0.408607340625 0.4493169609375 0.4070518609375 0.4490139203125 0.405817375 0.447152771875 0.40426108125000004 0.44684957187499996 0.40302641250000004 0.4449893140625 0.40147093125 0.4446862734375 0.400235446875 0.44282585625 0.3986799671875 0.44252281718750003 0.3974444828125 0.4406624 0.39277722812500004 0.4397531203125 0.390308075 0.4360317125 0.388751778125 0.43572851406249996 0.3875171109375 0.4338682546875 0.385960815625 0.43356505624999997 0.38472633125 0.43170390625 0.3816145546875 0.43109766718750003 0.38037988437500003 0.42923740937500005 0.377268109375 0.42863117031250003 0.376033440625 0.42677091093749997 0.3744771453125 0.42646771250000004 0.3732426609375 0.4246065625 0.370130884375 0.4240003234375 0.3688962171875 0.422140065625 0.36578444062500004 0.42153382656250005 0.3645497734375 0.41967356718750004 0.3629934765625 0.41937036875 0.359288840625 0.41378854374999996 0.357733359375 0.413485503125 0.3552633921875 0.4097639375 0.355584203125 0.40820671875 0.3543495359375 0.4063464625 0.349682278125 0.4054371828125 0.3484469796875 0.4035758734375 0.340667946875 0.4020603546875 0.339433278125 0.400200096875 0.33476602031249997 0.3992908171875 0.332889728125 0.40054499374999997 0.33256873124999997 0.4021031046875 0.330691625 0.40335712343749996 0.3303708125 0.404914340625 0.33160629375 0.4067747578125 0.3309644859375 0.409890084375 0.33343364062499997 0.41361149375000006 0.334989934375 0.4139146921875 0.336224603125 0.41577495000000003 0.3377800828125 0.416077990625 0.34272020312499996 0.4235202328125 0.344275684375 0.4238232734375 0.34798031875 0.42940509687499995 0.3495366140625 0.429708296875 0.3507710984375 0.4315694453125 0.3523273953125 0.43187264531249997 0.3547967328125 0.4355931625 0.3563530265625 0.43589636093750006 0.35758769687499997 0.43775661875000005 0.3591431765625 0.438059659375 0.3603784765625 0.4399209671875 0.36193395625 0.4402240078125 0.364404109375 0.4439446828125 0.3659595890625 0.44424772343749996 0.3671948890625 0.44610903124999995 0.36875036875 0.44641207187500004 0.3699850375 0.4482723296875 0.3715413328125 0.44857552968750003 0.372776 0.4504357875 0.37433229687499997 0.45073898593750006 0.37556678125 0.4526001359375 0.3771222625 0.45290317656249995 0.3783577453125 0.45476359375 0.3799132265625 0.4550666328125 0.3811478953125 0.45692689218749993 0.382704190625 0.457230090625 0.3864088265625 0.462811915625 0.3879643078125 0.46311495625 0.397843546875 0.47800017187500005 0.3993998421875 0.4783033703125 0.4018691796875 0.4820238859375 0.4015481828125 0.48358199687500003 0.406488303125 0.49102423906250003 0.40804378281250003 0.4913272796875 0.4105137515625 0.4950488453125 0.4214045609375 0.497170603125 0.42172555625 0.49561249218750003 0.42360185 0.4943583171875 0.4252062796875 0.4865704421875 0.42708257187500004 0.485316265625
5 0.42860205156250003 0.8549740437500001 0.4304791578125 0.8537200234375 0.2873464140625 0.825834765625 0.28221249843749996 0.8507547109375 0.2834479828125 0.8526151265624999 0.42813620625000004 0.8808034250000001 0.4323075 0.8605560265625 0.43107201875 0.858695609375 0.42951653749999996 0.85839256875 0.4282810546875 0.856532153125 0.42860205156250003 0.8549740437500001
0 0.392252146875 0.3716096453125 0.3970650671875 0.3482478109375 0.3208318453125 0.3333959828125 0.3160189265625 0.3567578171875 0.392252146875 0.3716096453125
0 0.7479066203125 0.6482597046875 0.7339040328124999 0.6455317078125 0.7300535499999999 0.6642218890625 0.74872339375 0.667859165625 0.7519320671874999 0.6522843125 0.750696584375 0.6504238953125 0.7491411046875001 0.6501208562499999 0.7479066203125 0.6482597046875
0 0.5116020734375 0.6249033296875 0.5240483625000001 0.627328128125 0.5275780328125 0.6101951624999999 0.5263425500000001 0.608334746875 0.51545255625 0.6062131484375 0.5116020734375 0.6249033296875
5 0.39805029062499997 0.806901809375 0.39928495937499997 0.8087620671875 0.402396734375 0.80936830625 0.403632034375 0.8112296156250001 0.4238565421875 0.8151697734375001 0.4250920265625 0.8170301906249999 0.5557776640625 0.8424904921874999 0.5644410671875 0.800438475 0.44775720156250004 0.7777060125 0.4458809078125 0.778960190625 0.402318484375 0.7704733171875 0.4010838171875 0.768613059375 0.35441043125 0.75952010625 0.352533325 0.760774125 0.32764074375 0.755924528125 0.326406075 0.7540642703125 0.3030689765625 0.7495177140625 0.294405571875 0.7915697296875 0.3908649328125 0.810362034375 0.3927412265625 0.80910785625 0.393062221875 0.8075497484374999 0.3949385140625 0.8062955703125001 0.39805029062499997 0.806901809375
0 0.158070409375 0.8249495109374999 0.1619208921875 0.8062593296875 0.149474603125 0.80383453125 0.14562411875 0.8225247124999999 0.158070409375 0.8249495109374999
3 0.6273421515625001 0.5972313625 0.6276629625 0.5956741437499999 0.6264284796874999 0.5938129953125 0.6267492921875 0.5922557765625001 0.5925221984375 0.585587621875 0.583858609375 0.6276405296875 0.6227529625 0.635217965625 0.628207875 0.6087399109375 0.62697320625 0.6068796515625 0.628577634375 0.5990917796875 0.6273421515625001 0.5972313625
0 0.4816130546875 0.5348206203125 0.48610534687499996 0.5130151093750001 0.4736590578125 0.5105903109375001 0.4691667671875 0.532395821875 0.4816130546875 0.5348206203125
5 0.5363571671875 0.49688507968750006 0.48657200781250004 0.4871858859375 0.48336333125 0.5027607390625 0.53626026875 0.513066171875 0.538506321875 0.5021638640625 0.5372716546875 0.5003036062499999 0.5375926515625 0.4987454953125 0.5363571671875 0.49688507968750006
0 0.3051888296875 0.7078105953125 0.3067443109375 0.7081136359375 0.30862160312500003 0.706858725 0.3117325625 0.7074648046875 0.313609671875 0.7062107859375 0.316176721875 0.69375036875 0.31370657031250004 0.6900296921875 0.3121510890625 0.6897266531249999 0.310915790625 0.68786534375 0.30624853281250003 0.686956065625 0.30437205624999997 0.688211134375 0.301260278125 0.6876048953125 0.2993839859375 0.688859071875 0.299063175 0.690416290625 0.29718588125 0.6916712 0.292051965625 0.7165911453125 0.2982755171875 0.717803625 0.29923813906249996 0.713131078125 0.3011146171875 0.711876009375 0.301435428125 0.7103187921874999 0.3051888296875 0.7078105953125
4 0.251456471875 0.732981784375 0.251777284375 0.73142456875 0.2536535765625 0.730170390625 0.2562206265625 0.717709971875 0.25310885 0.7171037328125001 0.2518741828125 0.7152434750000001 0.24876240625 0.7146372359375001 0.2475277390625 0.7127769765624999 0.24597144218749997 0.712473778125 0.2435022875 0.7087523703125 0.218609709375 0.7039027734375 0.212192359375 0.73505248125 0.243307678125 0.741114396875 0.243628490625 0.73955718125 0.24738207499999998 0.737048090625 0.24770288749999997 0.735490875 0.251456471875 0.732981784375
1 0.486891340625 0.2264269890625 0.485656675 0.22456673125 0.48758191562500003 0.215221640625 0.4789373421875 0.20219668125 0.4792581546875 0.2006394640625 0.477702675 0.200336425 0.47646719062500004 0.19847600781250002 0.47491171093749995 0.1981729671875 0.471207075 0.1925911421875 0.469650778125 0.19228794375 0.464711475 0.184845859375 0.4631551796875 0.1845426609375 0.4619206953125 0.1826815109375 0.46036521406249997 0.182378471875 0.4591297328125 0.18051805468749998 0.45446247343749996 0.179608775 0.45322780625 0.177748515625 0.45011602812499996 0.17714227656249998 0.44888154374999995 0.17528112812500002 0.4473252484375 0.174977928125 0.4423859453125 0.16753584531250001 0.44082964999999996 0.167232646875 0.4395949828125 0.1653723890625 0.4380395 0.1650693484375 0.4368040171875 0.16320893125 0.43369305625 0.16260285000000002 0.43245775625 0.1607415421875 0.4309022765625 0.1604385015625 0.42843212499999994 0.1567178265625 0.425320346875 0.1561115875 0.42408586406250004 0.1542504375 0.4225303828125 0.1539473984375 0.4212949 0.15208698125 0.4181831234375 0.151480740625 0.4169484546875 0.1496204828125 0.4153929734375 0.1493174421875 0.41415767499999995 0.147456134375 0.41260219375 0.14715309375000002 0.411367525 0.1452928359375 0.409811228125 0.1449896375 0.40857656093749994 0.14312937812499998 0.40702026562500004 0.1428261796875 0.4033156296875 0.13724435468750001 0.40176015 0.1369413140625 0.400525665625 0.135080165625 0.39896936875 0.134776965625 0.39649921718750003 0.131056290625 0.3949437375 0.13075325 0.39247377031249997 0.127031684375 0.3909182875 0.12672864374999998 0.3822735328125 0.11370457656249999 0.38259434375 0.1121473609375 0.38012519375 0.10842595156249998 0.378568896875 0.1081227515625 0.377334228125 0.10626249531250001 0.377655225 0.104704384375 0.3751850734375 0.1009837109375 0.37362959375 0.10068067031250001 0.368689475 0.093238428125 0.3671339921875 0.0929353875 0.36589869375 0.091074078125 0.3643432109375 0.0907710375 0.36310854375 0.08891078125 0.36342935625 0.0873535640625 0.36219405625 0.085492253125 0.3544150234375 0.083976734375 0.34700575312500004 0.0728130859375 0.3476473765625 0.06969865 0.34641270625 0.0678383921875 0.31996383281249996 0.062685596875 0.3211993140625 0.0645460140625 0.32023669374999997 0.069218559375 0.3214713640625 0.0710788171875 0.3189043125 0.0835392359375 0.3201397953125 0.085399653125 0.3194979859375 0.0885149796875 0.32073265625 0.0903752390625 0.3253999125 0.0912845171875 0.32663458125 0.093144775 0.3281908765625 0.0934479734375 0.33066084375 0.0971695421875 0.3322163234375 0.09747258125 0.33345099375 0.0993328390625 0.3350072890625 0.0996360375 0.3374764421875 0.103357446875 0.3436999953125 0.104569925 0.3449346640625 0.10643018281250001 0.34649095937499996 0.10673338125000001 0.3477256265625 0.1085936390625 0.34928110625 0.10889667968750001 0.35051640625 0.1107579890625 0.3520718875 0.1110610296875 0.353307371875 0.1129214453125 0.35486285156249997 0.11322448593750001 0.35609751875 0.11508474375 0.35765381406249996 0.11538794375000001 0.36135845 0.12096976718750001 0.3629139328125 0.12127280781250001 0.36414923125 0.1231341171875 0.36382841875 0.12469133437499999 0.3650630890625 0.1265515921875 0.36661856875 0.1268546328125 0.3715586875 0.134296875 0.3731141671875 0.134599915625 0.3755841359375 0.13832148125 0.3771396171875 0.13862452187500002 0.3783751 0.14048493906249998 0.3780541046875 0.14204304843749999 0.379609584375 0.1423460890625 0.384549703125 0.1497883296875 0.3861051828125 0.1500913703125 0.3885751515625 0.1538129375 0.390130634375 0.154115978125 0.3926007859375 0.157836653125 0.394156265625 0.15813969375 0.3966262328125 0.161861259375 0.3981817125 0.16216429999999998 0.399417196875 0.1640247171875 0.4009726765625 0.1643277578125 0.4022073453125 0.16618801562500002 0.4037636421875 0.1664912140625 0.404998125 0.1683523640625 0.4081099015625 0.168958603125 0.4093445703125 0.1708188609375 0.41090086562500006 0.1711220609375 0.41213553437500006 0.17298231875 0.413691015625 0.173285359375 0.414926315625 0.1751466671875 0.41803809062499997 0.17575290625 0.41927275937499997 0.177613165625 0.42238453593749997 0.1782194046875 0.423619203125 0.18007966250000002 0.42517468437500006 0.180382703125 0.42640998281250003 0.1822440109375 0.4279654640625 0.1825470515625 0.4292009484375 0.18440746875 0.43075642812500003 0.1847105078125 0.43199109843750005 0.18657076718750001 0.43510287343750004 0.18717700625 0.43633735781249994 0.18903815468750002 0.43789365468749997 0.1893413546875 0.44036380625 0.1930620296875 0.443474765625 0.1936681109375 0.44471025 0.1955285265625 0.4462657296875 0.19583156562499998 0.44873569687500003 0.199553134375 0.45184747343750004 0.2001593734375 0.45308214218750004 0.2020196296875 0.45463762343749997 0.2023226703125 0.455872921875 0.20418397968750002 0.45742840312500005 0.2044870203125 0.46483767499999995 0.2156506703125 0.466393971875 0.21595386875 0.4688633078125 0.21967438437500003 0.4685423109375 0.2212324953125 0.47101246249999995 0.22495316875000002 0.4725687578125 0.2252563671875 0.4762733953125 0.2308381921875 0.47782887656249995 0.23114123281249999 0.48029884375 0.2348628015625 0.48185432500000003 0.23516584062499998 0.4837316171875 0.2339109296875 0.484373240625 0.2307964953125 0.4862497171875 0.229541425 0.486891340625 0.2264269890625
5 0.79142679375 0.24849685156249998 0.7984859515625 0.214231815625 0.52777853125 0.1614923359375 0.5207193718750001 0.195757371875 0.79142679375 0.24849685156249998
5 0.365144925 0.6838509921875 0.3613915234375 0.6863591875 0.357220228125 0.7066065874999999 0.5314682890625 0.7405537625 0.53692301875 0.7140765984375 0.3673422140625 0.6810387046875 0.3654659203125 0.68229288125 0.365144925 0.6838509921875
1 0.2864754453125 0.036721020312500005 0.2818081875 0.035811740625 0.280573703125 0.0339505921875 0.24634660937500003 0.0272824359375 0.2415335046875 0.050645164062500005 0.2427681734375 0.052505420312499995 0.2443236546875 0.0528084609375 0.24555895312499998 0.0546697703125 0.24711443437499997 0.054972810937500005 0.24834991718750002 0.056833228125 0.3028023359375 0.06744170000000001 0.30825706406250003 0.040964537499999995 0.30702176406250004 0.039103228125 0.2883527359375 0.0354661109375 0.2864754453125 0.036721020312500005
0 0.6215078234375 0.5312948296875 0.62182881875 0.52973671875 0.6205933359375 0.527876303125 0.6209141484375 0.5263190843750001 0.610024153125 0.5241974859375 0.6042486125 0.552231865625 0.6213621593750001 0.5555659421875 0.624891646875 0.5384338718749999 0.6236561640625 0.5365734546875001 0.6239771609375 0.53501534375 0.6215078234375 0.5312948296875
3 0.213707884375 0.586307634375 0.2210880375 0.5504844875 0.19308368125 0.5450286515625 0.185703528125 0.5808517984375 0.213707884375 0.586307634375
5 0.10127126875 0.3230209234375 0.10003660156250001 0.3211606640625 0.047139664062499996 0.3108552328125 0.042326745312500004 0.3342170671875 0.23213287187499998 0.3711952796875 0.2369457921875 0.3478334453125 0.199606921875 0.34055905000000003 0.1977298140625 0.34181306875 0.10127126875 0.3230209234375
0 0.823964690625 0.6403976375 0.822408396875 0.6400944390625 0.821173728125 0.63823418125 0.819618246875 0.637931140625 0.8171482781250001 0.6342095750000001 0.8155927984375 0.633906534375 0.8143573156249999 0.6320461171875 0.812801834375 0.6317430765625 0.8115665359375 0.62988176875 0.8037883171875 0.6283664078125 0.797691778125 0.6579588968750001 0.8256953203125 0.663414575 0.8292248078125001 0.646282503125 0.8267556546874999 0.6425610953125 0.8251993609375001 0.642257896875 0.823964690625 0.6403976375
0 0.6345072015625 0.38964643125 0.62983994375 0.3887371515625 0.6286046453125 0.38687584375 0.6270491640625 0.38657280312500003 0.621915246875 0.41149274687500004 0.623470728125 0.4117957875 0.6271761796875001 0.417377771875 0.6380661734374999 0.4194993703125 0.64223746875 0.399251971875 0.6372981656250001 0.3918098890625 0.6357418703125 0.391506690625 0.6345072015625 0.38964643125
0 0.26768169375 0.2614807734375 0.2721739875 0.2396752640625 0.2581714 0.2369472671875 0.253679109375 0.2587527765625 0.26768169375 0.2614807734375
0 0.1981512953125 0.842478275 0.196595815625 0.8421752359375001 0.19536133125 0.840314084375 0.18135874375 0.8375860875000001 0.17948226875 0.8388411578125 0.1708188640625 0.8808931734375 0.178597896875 0.8824086921875001 0.18235148125 0.8798996046875001 0.1839069640625 0.8802026453125 0.19141313437500002 0.8751852015624999 0.1981512953125 0.842478275
3 0.1939891765625 0.7055859812499999 0.20297339218750002 0.661976746875 0.18430354843750002 0.6583394703125001 0.1753193328125 0.7019487046874999 0.1939891765625 0.7055859812499999
4 0.6438921421875 0.6425757562500001 0.63144585 0.6401509578125 0.6295693734375 0.641406028125 0.6249021171875 0.64049675 0.6184847671875 0.67164645625 0.6651581515625 0.680739409375 0.6715755 0.649589703125 0.6691055328125 0.6458681359375 0.6457692484375 0.6413217390625 0.6438921421875 0.6425757562500001
5 0.56446889375 0.5882226984375001 0.5625925984375 0.5894768765625 0.5470345328125 0.5864458390625 0.545799865625 0.58458558125 0.520907284375 0.579735984375 0.51513174375 0.6077703640625 0.5773631953125 0.6198943546875 0.582817921875 0.59341719375 0.5812616265624999 0.5931139953125 0.580026959375 0.5912537359375001 0.56446889375 0.5882226984375001
3 0.7840671328125 0.488443809375 0.7825116515625 0.48814076875 0.7731281906249999 0.4944131234375 0.771572709375 0.4941100828125 0.75970063125 0.551736953125 0.7939277265625 0.5584051078125001 0.8080458578125 0.48987593125 0.786265053125 0.4856325734375 0.785944240625 0.487189790625 0.7840671328125 0.488443809375
5 0.48460699375000005 0.34748219687500004 0.48589042656250003 0.3412524328125 0.3163096203125 0.3082145375 0.31149651875 0.3315772640625 0.4810773234375 0.364615159375 0.48203994375 0.3599426140625 0.48391723593749997 0.3586877046875 0.48584229375000004 0.34934350625 0.48460699375000005 0.34748219687500004
0 0.8147946718749999 0.5592309906249999 0.8189659671875 0.538983590625 0.8080751578125 0.5368618328125 0.8039038625 0.5571092328125 0.8147946718749999 0.5592309906249999
0 0.106417134375 0.659365534375 0.102566834375 0.678054825 0.1741336140625 0.6919975328125 0.1773422890625 0.6764226796874999 0.17578599374999998 0.6761194796875001 0.17331665624999998 0.6723989640625 0.106417134375 0.659365534375
0 0.6644834562499999 0.1184644265625 0.6593495390624999 0.1433843703125 0.734027278125 0.1579331578125 0.7388401984375 0.1345713234375 0.726393909375 0.1321465265625 0.725159425 0.1302853765625 0.6644834562499999 0.1184644265625
3 0.15765269843750002 0.8426878203125 0.1557764046875 0.8439419984375001 0.154220109375 0.8436388000000001 0.152343634375 0.8448938703125 0.145284475 0.8791589046875 0.16550979999999998 0.883099221875 0.173531578125 0.8441616421875 0.1610852859375 0.84173684375 0.1592081796875 0.8429908609375 0.15765269843750002 0.8426878203125
0 0.239656396875 0.05189918125 0.23548491718750003 0.0721474734375 0.2479312078125 0.074572271875 0.2517816921875 0.055882090625000005 0.24867072812500002 0.055276009375000004 0.24743543125 0.0534147 0.239656396875 0.05189918125
1 0.5769151828125 0.5906474968750001 0.5660251875 0.5885258984374999 0.56414808125 0.5897799171875 0.5408117953125 0.58523351875 0.5395763125 0.583373103125 0.5193509890625 0.5794327859374999 0.5158215015625001 0.5965648578125 0.5780529515625 0.6086888484374999 0.5809408140625 0.5946712125 0.579706146875 0.5928109546875 0.5781506671875001 0.5925079140625 0.5769151828125 0.5906474968750001
5 0.4221815609375 0.3677212828125 0.4081789765625 0.36499328593749997 0.4069444921875 0.3631321375 0.40072093906250006 0.3619196578125 0.3975122640625 0.37749451093749997 0.4379629109375 0.3853751453125 0.4408505890625 0.3713584015625 0.43961610625 0.3694972515625 0.42405803906250006 0.3664662140625 0.4221815609375 0.3677212828125
0 0.379051275 0.961961603125 0.37717498125 0.9632157796874999 0.3740632046875 0.962609540625 0.3728285375 0.9607492843750001 0.36971675937500004 0.9601430437499999 0.3672467921875 0.9564214765625 0.3675676046875 0.954864259375 0.360158334375 0.9437006109375 0.3586020359375 0.9433974109375001 0.3548974015625 0.9378155859374999 0.35334191875 0.9375125453125 0.3484018 0.9300703046875001 0.34684632031249996 0.9297672640625001 0.3443763515625 0.926045696875 0.344697165625 0.9244884796875 0.34314168437500003 0.9241854390625001 0.3419070171875 0.92232518125 0.3403507203125 0.92202198125 0.3391162359375 0.9201608328124999 0.337559940625 0.9198576328125 0.335090603125 0.9161371171875 0.333534309375 0.9158339171875 0.3322998234375 0.9139727671875001 0.3307443421875 0.9136697281249999 0.3295088578125 0.9118093109375 0.32795337812500003 0.9115062703125 0.32301325937500003 0.9040640281250001 0.3058997109375 0.9007299515625 0.3004449828125 0.9272071140625 0.30291495 0.93092868125 0.30447043281249997 0.9312317203125 0.305705915625 0.9330921375000001 0.307261396875 0.9333951781250001 0.3109660328125 0.938977003125 0.31252232812499997 0.9392802015624999 0.3149914796875 0.943001609375 0.3165477765625 0.9433048093749999 0.3202525953125 0.948885740625 0.324919853125 0.9497950203125001 0.32738982031249997 0.9535165875 0.3289453015625 0.953819628125 0.3314152703125 0.9575411953125 0.33297075 0.9578442359375 0.3428501734375 0.972728559375 0.3422083640625 0.9758438859374999 0.34344384843750003 0.9777043031250001 0.3428020390625 0.9808196312499999 0.3429555765625 0.9810509640625 0.3660984296875 0.9855596765625 0.36645913750000003 0.9838088109375001 0.368336428125 0.9825538999999999 0.368657240625 0.9809966812500001 0.36742175781249997 0.979136265625 0.368705375 0.9729056093749999 0.37058248125 0.9716515906250001 0.37090329375 0.9700943750000001 0.372779771875 0.968839303125 0.374335253125 0.96914234375 0.3762123609375 0.967888325 0.37776784218750004 0.968191365625 0.379051275 0.961961603125
5 0.0062434828125 0.5329286859375 0.1727125125 0.5653603421875 0.177525615625 0.5419976140625 0.176290946875 0.5401373578124999 0.0113773984375 0.5080087421874999 0.0062434828125 0.5329286859375
1 0.644932828125 0.6767990937499999 0.64369834375 0.67493794375 0.5892459265625 0.664329471875 0.5873686359375 0.66558438125 0.5484742828125 0.6580069468749999 0.5446238 0.676697128125 0.6644194437500001 0.70003583125 0.668590925 0.679787540625 0.6514773765624999 0.6764534624999999 0.649600084375 0.677708371875 0.644932828125 0.6767990937499999
2 0.6380383484375 0.631715146875 0.639273646875 0.6335764562499999 0.6470526828125001 0.635091975 0.648929159375 0.6338369046875 0.6675981875 0.6374740234375 0.6694752937499999 0.6362200046875001 0.671030775 0.6365230453125 0.674784359375 0.63401395625 0.6751051718750001 0.6324567390625 0.6714005359375 0.6268749140625001 0.6636215015625 0.6253593953125 0.662386834375 0.6234991375 0.6421615093749999 0.6195588203125 0.640926028125 0.617698403125 0.6378150671875 0.6170923234375 0.635345096875 0.6133707562499999 0.6428512703125 0.6083533125 0.643172265625 0.606795203125 0.6450493734375 0.605541184375 0.6456911812499999 0.6024258578125 0.6513210593750001 0.5986625906249999 0.6528765390625 0.59896563125 0.6547536484375 0.5977116125 0.657864609375 0.5983176921875 0.6616180093749999 0.5958094953125 0.663173490625 0.5961125359375 0.6650507828125 0.5948576265625001 0.6666062625 0.595160665625 0.6703596640625 0.59265246875 0.6719151453125 0.5929555093750001 0.67566873125 0.5904464218750001 0.6787805062500001 0.5910526609375 0.6806568000000001 0.5897984828125 0.6822130953125 0.59010168125 0.685965865625 0.5875924343750001 0.689077640625 0.5881986734375 0.6909539328125 0.5869444968749999 0.694065709375 0.5875507359375 0.695943 0.586295825 0.6990539640625 0.5869019062499999 0.702807365625 0.584393709375 0.7034491734375 0.58127838125 0.705325465625 0.580024203125 0.7056462765625 0.5784669874999999 0.713153446875 0.573448809375 0.7147089265625 0.5737518500000001 0.7165860359375 0.57249783125 0.719696996875 0.5731039109375 0.7215741046875 0.57184989375 0.72468588125 0.5724561328125 0.7284386515625 0.569946884375 0.7299949453125001 0.5702500828125 0.7337477171875 0.5677408359375 0.7353040125 0.5680440359375 0.7409338890625 0.5642807703125 0.7424893703125 0.564583809375 0.7481190640625 0.5608214359375 0.7496753593750001 0.5611246359375001 0.7515518375 0.559869565625 0.7531081328125 0.5601727640624999 0.754984425 0.5589185875 0.75653990625 0.559221628125 0.760293490625 0.5567125390625 0.7680725234375 0.5582280578125001 0.7693070078125 0.5600892078124999 0.7708633046875 0.5603924078125 0.773332640625 0.564112921875 0.78266796875 0.565931640625 0.783951403125 0.559701878125 0.7827159203125 0.5578414609375 0.7843203484375 0.5500535890625 0.7880739328125 0.5475444984375 0.7883947453125 0.5459872828125001 0.7902710390625 0.5447331046875 0.7905918515625 0.5431758859375 0.79246914375 0.5419209765625 0.795036009375 0.5294614484375 0.7938007109375 0.5276001406249999 0.794121521875 0.5260429234374999 0.7904168874999999 0.5204610984375 0.7907376984375001 0.5189038796875 0.79261480625 0.5176498609375 0.7929358015625 0.5160917515625 0.7948120953125 0.5148375734374999 0.7951329078125 0.51328035625 0.7970093859375 0.5120252859375001 0.7973301968750001 0.5104680687500001 0.7992073046875 0.50921405 0.8001699265625 0.5045415046875 0.8020464031250001 0.503286434375 0.800811734375 0.5014261765625 0.801132546875 0.499868959375 0.7986625796875 0.49614739218750004 0.797107096875 0.49584435156250006 0.7958716156250001 0.493983934375 0.794316134375 0.49368089375 0.793081465625 0.49182063749999994 0.7899696890625 0.4912143984375 0.78809258125 0.492468415625 0.7877717671875 0.49402563437499997 0.782141890625 0.49778890000000003 0.781821078125 0.49934611875 0.7724376171875 0.505618471875 0.7693266546875 0.5050123921874999 0.767449546875 0.5062664109375 0.766214878125 0.5044061515625 0.7646593984375001 0.5041031125 0.7621894296875 0.5003815453125 0.760633134375 0.500078346875 0.7593984671875 0.4982180875 0.7578429859375 0.4979150484375 0.7516683828125 0.48861165624999997 0.7501120875 0.4883084578125 0.74764275 0.484587940625 0.74608645625 0.48428474218749995 0.744851784375 0.48242448437499996 0.7432963046875 0.4821214453125 0.7408263374999999 0.47839987656250005 0.7392700421875 0.478096678125 0.7380353734375 0.4762364203125 0.73647989375 0.47593338125000006 0.73524459375 0.4740720703125 0.7336891125 0.47376903125 0.7299844765625 0.46818720625 0.72842818125 0.46788400625 0.7271935140625 0.4660237484375 0.7240817359375 0.46541750937500004 0.7203771 0.45983568437500005 0.7188216187500001 0.45953264374999997 0.7175861359375 0.457672228125 0.714475175 0.4570661484375 0.7107705390625 0.4514843234375 0.70921424375 0.451181125 0.707979575 0.449320865625 0.7064232796875001 0.4490176671875 0.7051887953125 0.447156515625 0.7036333140625 0.446853475 0.7011631609375 0.44313280156249996 0.6996076812500001 0.4428297609375 0.6971377140625 0.4391081953125 0.69558141875 0.43880499687499996 0.6931122656250001 0.4350835875 0.6915559703125 0.43478038750000003 0.6903213015625 0.43292013125000006 0.6887658203125 0.432617090625 0.6875303374999999 0.4307566734375 0.66263775625 0.425907078125 0.6638732421875 0.42776749531249997 0.6635524296875001 0.42932471093749996 0.6660215796875 0.4330461203125 0.6691333578124999 0.433652359375 0.6703680265624999 0.4355126171875 0.6719243203125 0.435815815625 0.6756289578125 0.441397640625 0.6787407328125 0.4420038796875 0.67997521875 0.44386503125 0.6815306984375 0.4441680703125 0.68400085 0.4478887453125 0.685557146875 0.44819194375000004 0.686791815625 0.45005220156250003 0.6883472953124999 0.4503552421875 0.6895825953125 0.45221655156249996 0.691138075 0.45251959218750004 0.6936082265625 0.456240265625 0.69516370625 0.45654330625000006 0.69639900625 0.458404615625 0.6979544875 0.45870765625 0.6991891578125 0.4605679125 0.7007454515625 0.4608711125 0.7044500874999999 0.4664529375 0.70600556875 0.46675597656249995 0.707241053125 0.46861639374999997 0.7087965328125 0.46891943437499994 0.7112665 0.47264100156250005 0.7128219812500001 0.472944040625 0.7140566484375 0.4748043 0.71561294375 0.4751074984375 0.7193175796875 0.4806893234375 0.7208730625 0.48099236406249996 0.7221085453125 0.48285278125 0.7236640265625 0.48315582187499995 0.7248985109375 0.4850169703125 0.72645480625 0.4853201703125 0.7301594406249999 0.49090199375 0.73327121875 0.4915082328125 0.7345058859375 0.4933684921875 0.736061365625 0.49367153124999996 0.738531334375 0.4973930984375 0.74008763125 0.49769629687499994 0.7413222984375001 0.49955655625000006 0.744434075 0.5001627953125001 0.74566874375 0.5020230531250001 0.7472242234375 0.50232609375 0.7484595234375 0.5041874015625 0.7500150046875 0.5044904421874999 0.75248515625 0.5082111171875 0.7540406359375 0.5085141578125 0.762685390625 0.521538225 0.764240871875 0.521841265625 0.7654761718749999 0.5237025734375 0.767031653125 0.5240056140625 0.768266321875 0.525865871875 0.7698226171875 0.5261690703124999 0.7722925843749999 0.5298906375 0.771971771875 0.5314478546875 0.773206440625 0.5333081140625 0.7725646328125 0.5364234406249999 0.7631813546874999 0.542694903125 0.7616258734375 0.5423918624999999 0.75974858125 0.5436467734375 0.7581931 0.5433437328124999 0.75631680625 0.5445979109375 0.75320503125 0.543991671875 0.7494514453125001 0.5465007609375 0.7478959656249999 0.5461977203124999 0.74601885625 0.5474517390625 0.7444633765625001 0.5471486984375 0.742587084375 0.5484028750000001 0.7422660890625 0.5499609859375 0.7385126875 0.55246918125 0.7369563921875 0.5521659828125001 0.7350799140625 0.553421053125 0.7335244328125 0.5531180124999999 0.7241411546875 0.5593894734375 0.722584859375 0.5590862750000001 0.7188320890625 0.5615955234375 0.7157203140624999 0.560989284375 0.7138440203124999 0.5622434609375 0.7107322453125 0.561637221875 0.703225259375 0.56665450625 0.7016697781250001 0.566351465625 0.70134878125 0.5679095765625 0.69759538125 0.570417771875 0.6960398999999999 0.57011473125 0.6904100234375 0.5738779984375 0.6888537265625 0.5735747984375 0.68697725 0.57482986875 0.6838654734375 0.5742236296875001 0.68198918125 0.57547780625 0.6804328859375001 0.5751746078125 0.6748030078125 0.5789378734375 0.6732475250000001 0.5786348328125 0.6713712328125 0.5798890109375 0.6698149375 0.5795858125 0.664185059375 0.583349078125 0.6626295796874999 0.5830460375000001 0.660752471875 0.58430005625 0.6591969921875 0.5839970171875 0.6588759953125 0.5855551250000001 0.6551225953125 0.588063321875 0.6535671140625 0.5877602828125 0.6460599453125 0.5927784593750001 0.6445044640625001 0.59247541875 0.6426281703125001 0.5937295953125 0.6423073578125 0.5952868140625001 0.6366766671875 0.5990499218750001 0.635121184375 0.5987468812500001 0.6313676 0.60125596875 0.6220330859375001 0.5994374109375 0.6201567921875 0.6006915875 0.604598728125 0.59766055 0.6021287578125001 0.593938984375 0.602449571875 0.592381765625 0.6012149046874999 0.5905215078125 0.6021775234375 0.5858489625 0.600942040625 0.5839885453125 0.592920446875 0.622925234375 0.5944767421875 0.6232284328125 0.595711225 0.6250895843750001 0.5988230015625 0.6256958234375001 0.60005766875 0.6275560812500001 0.6187275125 0.6311933578125 0.62060380625 0.6299391796875 0.6221601015625 0.6302423796875 0.624036578125 0.628987309375 0.6380383484375 0.631715146875
5 0.759680984375 0.60681376875 0.758446315625 0.6049535109375 0.7102166359375001 0.5955573578125 0.70834034375 0.5968115359375 0.700561309375 0.5952960171874999 0.699326640625 0.5934357593749999 0.6899913125 0.5916170421875 0.6864618250000001 0.6087491140625 0.6889317921875 0.61247068125 0.76516583125 0.62732266875 0.7686955 0.6101897046875 0.765583725 0.609583465625 0.7643482406250001 0.6077230484375 0.759680984375 0.60681376875
1 0.1373289984375 0.59572691875 0.1031010921875 0.5890586046874999 0.100213228125 0.603076240625 0.13910839531250002 0.610653834375 0.1413544484375 0.5997515250000001 0.14011896562499998 0.5978911078125 0.138563484375 0.59758806875 0.1373289984375 0.59572691875
2 0.626827359375 0.6311516593750001 0.628703834375 0.6298965875 0.6349273875 0.6311090671875 0.6368036796875 0.629854890625 0.6414709375000001 0.6307641703125 0.6427056062500001 0.6326244265625001 0.6445827140625 0.631370409375 0.66636351875 0.6356137656249999 0.6682398109375 0.6343595890625 0.66979610625 0.6346627875 0.673549690625 0.6321537 0.669844240625 0.626571715625 0.6651769828125 0.6256624359375 0.6639423140625 0.6238021781249999 0.6592750578125 0.6228928984375 0.6580395734375 0.62103248125 0.64714958125 0.6189108828125 0.6434449437499999 0.6133290578125 0.6440867515625001 0.6102137296875 0.6459630453125 0.6089595515624999 0.6462840421875 0.6074014421875 0.6450493734375 0.605541184375 0.64601199375 0.6008686390625 0.651641871875 0.5971053734375 0.6531973515625 0.5974084140625 0.6550744609375 0.59615439375 0.656629940625 0.596457434375 0.658506234375 0.59520325625 0.6600625296875 0.59550645625 0.66193900625 0.5942513859375 0.6650507828125 0.5948576265625001 0.666927075 0.5936034484375 0.6684833703125 0.593906646875 0.6722361421875 0.5913974 0.6737924359374999 0.5917005984375 0.67566873125 0.5904464218750001 0.6772242109375 0.5907494609375 0.67910131875 0.5894954421875 0.6806568000000001 0.5897984828125 0.6862866765625 0.5860352171875001 0.6909539328125 0.5869444968749999 0.692831225 0.5856895859375 0.695943 0.586295825 0.6996955875 0.5837874703125 0.7012518828125 0.58409066875 0.7031283609375001 0.5828356 0.7037699843749999 0.5797211640625 0.711276971875 0.5747038796874999 0.7128324515625 0.5750069203125 0.7147089265625 0.5737518500000001 0.7209324796875001 0.574964328125 0.7228087734375 0.5737101499999999 0.7259205484375 0.5743163890625 0.7277968421875001 0.5730622140625 0.7293531375 0.5733654125000001 0.731229615625 0.5721103421875 0.731550428125 0.5705531234375 0.73718030625 0.5667898578125 0.73750111875 0.565232640625 0.745008103125 0.56021535625 0.746563584375 0.5605183968749999 0.748440059375 0.5592633265625 0.7515518375 0.559869565625 0.7534289453125 0.558615546875 0.75653990625 0.559221628125 0.7621697828125 0.5554583625 0.7683933359374999 0.556670840625 0.7696280046874999 0.558531096875 0.7711843015625 0.558834296875 0.773653453125 0.5625557062500001 0.7752097484375 0.5628589046875 0.776444415625 0.5647191609375 0.78266796875 0.565931640625 0.7845442625 0.5646774640625 0.7848650765625 0.5631202453124999 0.783630590625 0.56125909375 0.7855558312500001 0.551914003125 0.787432125 0.5506598281249999 0.7877529375 0.549102609375 0.789629415625 0.5478475390625 0.7899502265625 0.546290321875 0.791827334375 0.5450363031250001 0.7947151984375 0.5310186671875 0.7934797140625001 0.5291582499999999 0.7938007109375 0.5276001406249999 0.7913313734375 0.5238796234375 0.789775078125 0.523576425 0.787305925 0.5198550171874999 0.7879475499999999 0.51674058125 0.7898240249999999 0.5154855125 0.7901448375 0.51392829375 0.7920211328125 0.512674115625 0.792662940625 0.5095587890625 0.7964165249999999 0.5070497015625001 0.7979720046875001 0.507352740625 0.7998491140625 0.506098721875 0.800811734375 0.5014261765625 0.7995762515625 0.499565759375 0.7917980328125 0.4980504 0.7899209234375 0.49930441875 0.78836544375 0.499001378125 0.7864883359375 0.500255396875 0.78493285625 0.4999523578125 0.7830563781250001 0.5012074265625001 0.7815000828125 0.5009042265625 0.777747496875 0.5034125828125 0.7761912015625 0.503109384375 0.7724376171875 0.505618471875 0.7693266546875 0.5050123921874999 0.767449546875 0.5062664109375 0.766214878125 0.5044061515625 0.7646593984375001 0.5041031125 0.7621894296875 0.5003815453125 0.760633134375 0.500078346875 0.75198919375 0.48705443906249996 0.7504328984375 0.48675123906250006 0.7491982312500001 0.48489098124999996 0.74764275 0.484587940625 0.7464072671875 0.48272752499999994 0.744851784375 0.48242448437499996 0.7411471484375001 0.4768426609375 0.739590853125 0.4765394609375 0.73835636875 0.4746783109375 0.73524459375 0.4740720703125 0.73153995625 0.46849024687499996 0.7299844765625 0.46818720625 0.72874899375 0.46632678906249997 0.7271935140625 0.4660237484375 0.72595884375 0.4641634921875 0.7244025484375001 0.4638602921875 0.721933396875 0.4601388828125 0.7203771 0.45983568437500005 0.71914243125 0.457975428125 0.7175861359375 0.457672228125 0.7163516515625 0.455811078125 0.714796171875 0.4555080375 0.7123260203124999 0.4517873640625 0.7107705390625 0.4514843234375 0.7095350546875 0.44962390625 0.707979575 0.449320865625 0.7067442749999999 0.44745955625 0.7051887953125 0.447156515625 0.701484159375 0.441574690625 0.699928678125 0.44127165156250003 0.6962232265625 0.4356896671875 0.6946677453125 0.43538662656250005 0.693433078125 0.4335263703125 0.6903213015625 0.43292013125000006 0.6853811828125 0.42547788906250006 0.6838257015625 0.4251748484375 0.6813557343750001 0.4214532828125 0.679800253125 0.4211502421875 0.6773301015625 0.4174295671875 0.6757746203125 0.41712652656250004 0.674539321875 0.41526521875 0.6714283609375 0.4146591375 0.6689582093750001 0.4109384625 0.6674027296875 0.410635421875 0.666167428125 0.40877411406249997 0.663055653125 0.408167875 0.661820984375 0.4063076171875 0.6587092078125 0.40570137656250005 0.656240053125 0.40197996874999997 0.653128278125 0.4013737296875 0.651892796875 0.3995133125 0.6472255375 0.3986040328125 0.642286234375 0.39116195 0.6407299390625 0.3908587515625 0.6394954546875 0.38899760156249996 0.6379399734375 0.3886945625 0.6342351515625 0.3831136296875 0.6326788578125 0.38281043124999997 0.631444371875 0.3809492796875 0.6317651843750001 0.3793920609375 0.630529703125 0.3775316453125 0.628974221875 0.37722860625 0.6215649484375 0.36606495625 0.620008653125 0.36576175625 0.6163040171875 0.3601799328125 0.6147485374999999 0.3598768921875 0.6135140515625 0.358015740625 0.6119577578125 0.3577125421875 0.6082529359375 0.352131609375 0.6066974562499999 0.35182856875 0.60546215625 0.349967259375 0.6039066765625 0.34966421875 0.6026720078125 0.3478039625 0.6029928203125 0.3462467453125 0.598052884375 0.338803609375 0.5964974046875 0.3385005703125 0.5952619203125 0.3366401546875 0.593706440625 0.3363371140625 0.5912364718750001 0.33261554531250004 0.589680990625 0.33231250625 0.588445509375 0.33045209062500003 0.5744437375 0.32772425156249996 0.5732090703125 0.32586399374999997 0.5700972921874999 0.3252577546875 0.5651571734374999 0.3178155125 0.551155403125 0.3150876734375 0.5501929671875 0.3197593265625 0.5514274484375 0.321620478125 0.550785825 0.3247349125 0.552021125 0.326596221875 0.5517003125 0.328153440625 0.5563675703125 0.32906271875000004 0.5576022375 0.3309229765625 0.5607140125 0.331529215625 0.5619484984375 0.3333903671875 0.5666165703125 0.3342998046875 0.5678512390625 0.33616006249999997 0.56940671875 0.336463103125 0.5718766875 0.3401846703125 0.5715558749999999 0.3417418875 0.5764959953125001 0.349184128125 0.578051475 0.34948716874999997 0.57928614375 0.3513474265625 0.5808424390625 0.3516506265625 0.5820769234375 0.3535117765625 0.5836324046875 0.3538148171875 0.58610255625 0.357535490625 0.5876588515625001 0.3578386890625 0.5888933375 0.359699840625 0.5904488171875 0.36000288125 0.5916843 0.361863296875 0.5932397796875 0.3621663375 0.5944744484375 0.36402659531250003 0.5960307453125 0.36432979374999996 0.597265228125 0.36619094531249996 0.598821525 0.36649414375 0.6000561921875 0.3683544015625 0.6016116734375 0.368657440625 0.60284715625 0.3705178578125 0.6044026359375 0.3708208984375 0.605637121875 0.37268205 0.6071934171875 0.37298524843749997 0.6084280875 0.37484550625 0.6115398625 0.37545174531250003 0.61277453125 0.377312003125 0.6174417875 0.3782212828125 0.6186770875 0.3800825921875 0.6202325671875 0.38038563281250004 0.62270271875 0.38410630625 0.6242581984375 0.384409346875 0.6267281671875 0.3881309125 0.6264073546875 0.38968813125 0.631347475 0.3971303734375 0.631026478125 0.3986884828125 0.6334958140625 0.4024089984375 0.6350521109375 0.40271219843750006 0.6362865953125 0.404573346875 0.644065628125 0.406088865625 0.6490049328125 0.41353095 0.648684121875 0.4150881671875 0.650240415625 0.415391365625 0.651475084375 0.4172516234375 0.6530313796875 0.41755482187500004 0.65920516875 0.42685805625000006 0.6607614640625 0.4271612546875 0.6619961328125 0.4290215125 0.6616751375 0.4305796234375 0.6632314328125 0.43088282187500004 0.6657007687500001 0.4346033375 0.667257065625 0.43490653593750006 0.6697262187499999 0.4386279453125 0.6712825125 0.43893114375 0.67251718125 0.44079140156249996 0.6756289578125 0.441397640625 0.6768634421875 0.443258790625 0.6784197375 0.443561990625 0.680889075 0.4472825046875 0.6824453703125 0.44758570468750003 0.6836800390625 0.4494459625 0.686791815625 0.45005220156250003 0.6904964515625001 0.45563402656249996 0.69205193125 0.45593706718749993 0.69328723125 0.45779837656250005 0.6948427109375 0.4581014171875 0.69607819375 0.45996183281249997 0.697633675 0.4602648734375 0.6988683453125 0.46212513125 0.7004246390625 0.46242832968750003 0.7028937921875 0.4661497375 0.7044500874999999 0.4664529375 0.7056847562499999 0.4683131953125 0.707241053125 0.46861639374999997 0.7097102046875 0.47233780156250005 0.7112665 0.47264100156250005 0.71250116875 0.47450125937500004 0.7140566484375 0.4748043 0.7152919484375 0.476665609375 0.716847428125 0.47696865 0.7205522484375 0.48254958124999997 0.7221085453125 0.48285278125 0.7233430296875001 0.48471392968749993 0.7248985109375 0.4850169703125 0.7286039609375 0.49059895468750003 0.7301594406249999 0.49090199375 0.7313941093749999 0.492762253125 0.7345058859375 0.4933684921875 0.7369758531249999 0.4970900578125 0.738531334375 0.4973930984375 0.7397668171875 0.499253515625 0.7428777796875 0.49985959687500003 0.7441132625 0.5017200125 0.7472242234375 0.50232609375 0.7484595234375 0.5041874015625 0.7500150046875 0.5044904421874999 0.7512504890625 0.506350859375 0.7528059687499999 0.5066539 0.7540406359375 0.5085141578125 0.75559693125 0.50881735625 0.758066084375 0.5125387640625 0.757745271875 0.5140959828125 0.7639198765625 0.523399375 0.767031653125 0.5240056140625 0.768266321875 0.525865871875 0.7698226171875 0.5261690703124999 0.7722925843749999 0.5298906375 0.771009153125 0.5361204015625 0.75974858125 0.5436467734375 0.7535258421875 0.5424344546875 0.7516487359374999 0.5436884734375 0.750093253125 0.5433854328125001 0.7482169609375 0.544639609375 0.746660665625 0.5443364109375 0.7410307890625 0.5480996765625 0.7407097921875 0.5496577874999999 0.7388334999999999 0.550911965625 0.7372772046875 0.550608765625 0.7335244328125 0.5531180124999999 0.7319681390625 0.5528148140625 0.7244619671875 0.5578322578125 0.722905671875 0.5575290578125001 0.7191530859374999 0.5600374125 0.717596790625 0.5597342140625 0.7157203140624999 0.560989284375 0.7110530578125001 0.5600800046875001 0.7091759484375 0.561334021875 0.70762046875 0.5610309828125 0.700114296875 0.566048425 0.6997933 0.5676065359375 0.692286315625 0.5726238203125 0.6907308359375001 0.5723207796875001 0.6888537265625 0.5735747984375 0.687298246875 0.5732717578125001 0.6854217703125001 0.5745268296875 0.6838654734375 0.5742236296875001 0.68198918125 0.57547780625 0.67887740625 0.5748715671875 0.6732475250000001 0.5786348328125 0.6716920453124999 0.5783317921875 0.6698149375 0.5795858125 0.66825945625 0.579282771875 0.6626295796874999 0.5830460375000001 0.661073284375 0.5827428390625 0.6535671140625 0.5877602828125 0.65201081875 0.5874570828125 0.636997478125 0.597492703125 0.635441996875 0.5971896625 0.633565703125 0.598443840625 0.6320094078125 0.5981406421875 0.630133115625 0.5993948203125 0.628577634375 0.5990917796875 0.6267003437499999 0.6003466890625 0.6189213109375 0.598831171875 0.6170450171875 0.6000853484374999 0.6092659828125 0.5985698296875 0.608031315625 0.5967095718750001 0.60647501875 0.5964063734375 0.6027703843750001 0.5908245484375 0.6030913796874999 0.5892664390625 0.6018567125 0.58740618125 0.6021775234375 0.5858489625 0.59970755625 0.5821273953125 0.5981520765624999 0.5818243562500001 0.59691659375 0.5799639390625 0.5938056296875 0.5793578578125 0.590052046875 0.5818669453124999 0.5894104203125 0.5849813828125 0.590645090625 0.586841640625 0.59032409375 0.58839975 0.5915595765624999 0.5902601671875 0.5893135218750001 0.601162475 0.5905480078124999 0.603023625 0.5895853875 0.6076961703125 0.58770909375 0.6089503484375001 0.5889437625 0.61081060625 0.5876603296875 0.61704036875 0.591364965625 0.62262219375 0.592920446875 0.622925234375 0.5941557453125 0.62478654375 0.595711225 0.6250895843750001 0.5969467093749999 0.6269500015625 0.60005766875 0.6275560812500001 0.6012931546875 0.629416496875 0.602848634375 0.6297195375 0.6040831203125 0.6315806890625 0.6071948953125 0.632186928125 0.6084303765625 0.63404734375 0.6177648921875 0.635865903125 0.619641184375 0.634611725 0.61996218125 0.633053615625 0.62371558125 0.6305454187499999 0.626827359375 0.6311516593750001
1 0.745795759375 0.532828021875 0.7514256359375 0.52906475625 0.7517464484375 0.5275075390625 0.753622740625 0.5262533609375 0.75426455 0.5231380328124999 0.7530298828124999 0.5212777749999999 0.753350878125 0.519719665625 0.7521153953125 0.5178592484375 0.750559915625 0.5175562078125 0.749325246875 0.51569595 0.7446571750000001 0.5147865125 0.7427808812500001 0.5160406890625 0.7412253984375 0.5157376499999999 0.73934829375 0.51699166875 0.7377928109375 0.516688628125 0.7340392265625 0.5191977156250001 0.7324837468750001 0.5188946765625 0.7249767609375 0.5239119609375 0.72342128125 0.5236089203125001 0.7159141109375 0.528627096875 0.71435863125 0.52832405625 0.7121125765625 0.539226365625 0.7276706421875 0.542257403125 0.7351769984375001 0.5372390671875 0.7367332921874999 0.537542265625 0.7442394625000001 0.5325248234375 0.745795759375 0.532828021875
1 0.7205731906249999 0.6866753359375 0.67701158125 0.6781886218750001 0.6725194734375 0.699993240625 0.7114138249999999 0.707570675 0.715167225 0.705062478125 0.715488221875 0.70350436875 0.717364515625 0.7022501906249999 0.7205731906249999 0.6866753359375
1 0.866650921875 0.5353130859374999 0.810642209375 0.5244014140625 0.8074335343750001 0.53997626875 0.8681095031250001 0.55179721875 0.8706763703125 0.5393376921875 0.8694410703125 0.537476384375 0.8678855890625 0.5371733437499999 0.866650921875 0.5353130859374999
1 0.7624719468750001 0.6089772265625 0.7612372796875 0.60711696875 0.753458246875 0.60560145 0.7522227640625 0.6037410328124999 0.71177293125 0.5958605578125 0.7098958234375 0.5971145765625 0.697449534375 0.594689778125 0.696214865625 0.5928295203125 0.6931030875 0.59222328125 0.6892527890625 0.6109125718749999 0.76704230625 0.6260676000000001 0.769929984375 0.6120508546875 0.7683745046875 0.6117478140625 0.7671392046875 0.60988650625 0.7624719468750001 0.6089772265625
5 0.10952743281249999 0.4007700953125 0.11209448281250001 0.3883096765625 0.024970453125 0.37133608906250004 0.022403403125 0.38379650781249997 0.10952743281249999 0.4007700953125
0 0.340667946875 0.4020603546875 0.34098875781250004 0.4005031359375 0.3428658671875 0.39924911875 0.343507675 0.396133790625 0.3453839671875 0.3948796140625 0.346988396875 0.3870917390625 0.3457537296875 0.38523148281249997 0.34607472499999997 0.383673371875 0.3448392421875 0.3818129546875 0.345160053125 0.3802557375 0.3249355453125 0.3763155796875 0.321406059375 0.3934476515625 0.3263451796875 0.40089062656249996 0.3260243671875 0.40244784375 0.3272590375 0.40430810156249997 0.3269382234375 0.4058653203125 0.3362735515625 0.4076840375 0.33659436249999997 0.40612681874999995 0.33847065625 0.4048726421875 0.3387914703125 0.403315425 0.340667946875 0.4020603546875
5 0.6684450765625 0.704059546875 0.67032136875 0.70280536875 0.6765449218749999 0.704017846875 0.6810372124999999 0.6822123375 0.583022375 0.66311699375 0.5811458984375 0.6643720625 0.5749223453125001 0.663159584375 0.573687859375 0.661298434375 0.5503507609375 0.656751878125 0.5448958484374999 0.6832299328125 0.6553569796875001 0.704750075 0.6572334546875 0.7034950046875 0.66034523125 0.70410124375 0.662221525 0.7028470671875 0.6684450765625 0.704059546875
5 0.774401153125 0.3861204828125 0.7762782609375 0.3848664640625 0.777833740625 0.3851695046875 0.781587325 0.3826604171875 0.7819081375 0.3811031984375 0.783784615625 0.379848128125 0.784105428125 0.3782909109375 0.78598171875 0.3770367328125 0.7872653374999999 0.3708060765625 0.7891424437500001 0.369552059375 0.794597175 0.34307489687500003 0.6701342718750001 0.318826915625 0.6682571671875001 0.320080934375 0.6667016828125 0.31977789375 0.664825390625 0.321032071875 0.6632690953125 0.320728871875 0.66139261875 0.32198394218750004 0.6582808421874999 0.32137770312499997 0.65640455 0.32263187968749996 0.6532927734375 0.322025640625 0.6484796687500001 0.34538836875 0.6578141828125 0.3472069265625 0.660284334375 0.3509276 0.6596425265625 0.3540429296875 0.6558889421874999 0.35655201718749996 0.6552473156249999 0.3596664515625 0.6564826171875 0.3615277625 0.656161803125 0.36308497968750003 0.73706228125 0.3788460890625 0.7389393906249999 0.3775920703125 0.7544966421875 0.3806229484375 0.755732125 0.382483365625 0.774401153125 0.3861204828125
5 0.6486043921875 0.11699149843750001 0.9978469656250001 0.1850312703125 0.9982983609374999 0.1462385390625 0.656305359375 0.079611134375 0.6486043921875 0.11699149843750001
3 0.8386082703125 0.6400101499999999 0.8321907375 0.6711607484375001 0.8555278375 0.6757073046875 0.8625869953124999 0.64144226875 0.840806190625 0.6371989124999999 0.8404853796875 0.6387561296875 0.8386082703125 0.6400101499999999