0 0.23593726093749998 0.0890626859375 0.23593726093749998 0.12031223906249999 0.33281232968749996 0.12031223906249999 0.33281232968749996 0.0890626859375 0.23593726093749998 0.0890626859375
4 0.3343747953125 0.2421874625 0.3343747953125 0.1890626859375 0.29218767031250004 0.1890626859375 0.29218767031250004 0.240625075 0.2937501359375 0.2421874625 0.3343747953125 0.2421874625
4 0.001562465625 0.6109373140625001 0.001562465625 0.6671874625 0.0359372609375 0.6671874625 0.0359372609375 0.6109373140625001 0.001562465625 0.6109373140625001
4 0.623437534375 0.3 0.623437534375 0.3421874625 0.6296873984375 0.3421874625 0.6312498640624999 0.340625075 0.64687506875 0.340625075 0.648437534375 0.3421874625 0.67187506875 0.3421874625 0.673437534375 0.340625075 0.676562465625 0.340625075 0.67812493125 0.3390626859375 0.67812493125 0.3375002984375 0.6796873984375 0.3359373140625 0.6796873984375 0.290625075 0.6406252046875001 0.290625075 0.6390627390625 0.2921874625 0.6375002734375 0.2921874625 0.6359372609375 0.29374985 0.6343747953125 0.29374985 0.6296873984375 0.2984376125 0.62812493125 0.2984376125 0.626562465625 0.3 0.623437534375 0.3
4 0.4187501359375 0.3296877609375 0.4187501359375 0.27968776093750003 0.37187506875 0.27968776093750003 0.37187506875 0.33125015 0.3906252046875 0.33125015 0.3921876703125 0.3328125375 0.4046873984375 0.3328125375 0.40624986406249997 0.33125015 0.4109372609375 0.33125015 0.4125002734375 0.3296877609375 0.4187501359375 0.3296877609375
4 0.59687506875 0.465625075 0.6171876703125 0.465625075 0.6187501359375001 0.4640626859375 0.6312498640624999 0.4640626859375 0.6328123296875 0.465625075 0.648437534375 0.465625075 0.651562465625 0.46250029843749996 0.651562465625 0.46093731406250005 0.6546873984375 0.4578125375 0.6546873984375 0.40625015 0.6140627390625 0.40625015 0.6093747953124999 0.4109373140625 0.6062498640625 0.4109373140625 0.6046873984375 0.41250029843749997 0.601562465625 0.41250029843749997 0.6 0.41406268593749995 0.598437534375 0.41406268593749995 0.59687506875 0.415625075 0.59687506875 0.465625075
4 0.148437534375 0.1453122390625 0.148437534375 0.1031247765625 0.14687506875 0.10156238749999999 0.14687506875 0.09843761250000001 0.1156252046875 0.09843761250000001 0.1156252046875 0.1453122390625 0.148437534375 0.1453122390625
0 0.126562465625 0.44374985 0.126562465625 0.465625075 0.201562465625 0.465625075 0.201562465625 0.44374985 0.126562465625 0.44374985
0 0.3 0.6109373140625001 0.3 0.640625075 0.3906252046875 0.640625075 0.3906252046875 0.6109373140625001 0.3 0.6109373140625001
4 0.148437534375 0.1671874625 0.11250027343749999 0.1671874625 0.11250027343749999 0.20937492500000002 0.15624986406250002 0.20937492500000002 0.15624986406250002 0.1765623875 0.15468739843749998 0.175 0.15468739843749998 0.17031223906249998 0.15312493124999998 0.16874985 0.15 0.16874985 0.148437534375 0.1671874625
4 0.1312498640625 0.80625015 0.1312498640625 0.7375002984375 0.0890627390625 0.7375002984375 0.08281232968749999 0.74374985 0.08281232968749999 0.80625015 0.1312498640625 0.80625015
0 0.32187506875 0.3218752234375 0.32187506875 0.3203122390625 0.323437534375 0.31874985 0.323437534375 0.30156238750000003 0.3093747953125 0.30156238750000003 0.3093747953125 0.3218752234375 0.32187506875 0.3218752234375
0 0.028124931250000002 0.184374925 0.028124931250000002 0.20468776093750002 0.04687506875 0.20468776093750002 0.04687506875 0.184374925 0.028124931250000002 0.184374925
4 0.4828123296875 0.2296877609375 0.52812493125 0.2296877609375 0.5312498640625 0.22656238750000002 0.5312498640625 0.1953122390625 0.4812498640625 0.1953122390625 0.4812498640625 0.2281247765625 0.4828123296875 0.2296877609375
5 0.82812493125 0.3281247765625 0.82812493125 0.2531247765625 0.70312493125 0.2531247765625 0.70312493125 0.3296877609375 0.8265624656250001 0.3296877609375 0.82812493125 0.3281247765625
1 0.2453126015625 0.6 0.23750027343750002 0.6078125375 0.23593726093749998 0.6078125375 0.23124986406249998 0.6125002984375 0.2296873984375 0.6125002984375 0.225 0.6171874625 0.223437534375 0.6171874625 0.22187506875000002 0.61874985 0.22031260156250002 0.61874985 0.2187501359375 0.6203122390625 0.21718767031250003 0.6203122390625 0.21562520468750002 0.6218752234375 0.2140627390625 0.6218752234375 0.21093726093749998 0.625 0.20937479531249997 0.625 0.20624986406249998 0.6281247765625 0.2046873984375 0.6281247765625 0.20312493125 0.6296877609375 0.201562465625 0.6296877609375 0.2 0.63125015 0.19687506875 0.63125015 0.19531260156250002 0.6328125375 0.19375013593749998 0.6328125375 0.1921876703125 0.634374925 0.1906252046875 0.634374925 0.18906273906249998 0.6359373140625 0.18593726093750002 0.6359373140625 0.1843747953125 0.6375002984375 0.17968739843749998 0.6375002984375 0.17812493125 0.6390626859374999 0.176562465625 0.6390626859374999 0.175 0.640625075 0.173437534375 0.640625075 0.17187506875 0.6421874625 0.1703126015625 0.6421874625 0.1687501359375 0.6437498500000001 0.16718767031249998 0.6437498500000001 0.1656252046875 0.6453122390625 0.1640627390625 0.6453122390625 0.1625002734375 0.6468752234374999 0.1609372609375 0.6468752234374999 0.1593747953125 0.6484376125 0.1578123296875 0.6484376125 0.15624986406250002 0.65 0.15312493124999998 0.65 0.151562465625 0.6515623875000001 0.15 0.6515623875000001 0.14687506875 0.6546877609374999 0.1453126015625 0.6546877609374999 0.1421876703125 0.6578125375 0.1406252046875 0.6578125375 0.1359372609375 0.6625002984374999 0.13437479531250002 0.6625002984374999 0.12187506875000001 0.675 0.12031260156250001 0.675 0.11875013593749999 0.6765623875 0.1156252046875 0.6765623875 0.1140627390625 0.6781247765625 0.11250027343749999 0.6781247765625 0.1109372609375 0.6796877609374999 0.10781232968750001 0.6796877609374999 0.1062498640625 0.68125015 0.10312493125 0.68125015 0.101562465625 0.6828125375 0.1 0.6828125375 0.0937501359375 0.6890626859375 0.0921876703125 0.6890626859375 0.0921876703125 0.690625075 0.0906252046875 0.6921874625 0.0843747953125 0.6921874625 0.0796873984375 0.6968752234375 0.07812493125 0.6968752234375 0.07812493125 0.6984376125 0.07656246562499999 0.7 0.07656246562499999 0.7015623875 0.075 0.7031247765625 0.075 0.7046877609375 0.073437534375 0.70625015 0.073437534375 0.7125002984375 0.1109372609375 0.7125002984375 0.1109372609375 0.7109373140625 0.11250027343749999 0.709374925 0.1140627390625 0.709374925 0.1156252046875 0.7078125375 0.1140627390625 0.70625015 0.1140627390625 0.7046877609375 0.11250027343749999 0.7031247765625 0.1156252046875 0.7 0.11875013593749999 0.7031247765625 0.12031260156250001 0.7031247765625 0.12187506875000001 0.7015623875 0.12187506875000001 0.6968752234375 0.125 0.69374985 0.126562465625 0.69374985 0.12812493125 0.6921874625 0.1296873984375 0.6921874625 0.1312498640625 0.690625075 0.1328123296875 0.690625075 0.1375002734375 0.6859373140625 0.1390627390625 0.6859373140625 0.1406252046875 0.684374925 0.1421876703125 0.684374925 0.1453126015625 0.68125015 0.14687506875 0.68125015 0.148437534375 0.6796877609374999 0.15 0.6796877609374999 0.15312493124999998 0.6765623875 0.15468739843749998 0.6765623875 0.15624986406250002 0.675 0.1578123296875 0.675 0.1593747953125 0.6734376125 0.1609372609375 0.6734376125 0.1656252046875 0.66874985 0.16718767031249998 0.66874985 0.1687501359375 0.6671874625 0.1703126015625 0.6671874625 0.175 0.6625002984374999 0.176562465625 0.6625002984374999 0.17812493125 0.6609373140625 0.18124986406250002 0.6609373140625 0.1828123296875 0.6593749250000001 0.1843747953125 0.6593749250000001 0.18593726093750002 0.6578125375 0.1875002734375 0.6578125375 0.18906273906249998 0.65625015 0.1906252046875 0.65625015 0.1921876703125 0.6546877609374999 0.19531260156250002 0.6546877609374999 0.19687506875 0.6531247765625 0.198437534375 0.6531247765625 0.2046873984375 0.6468752234374999 0.20624986406249998 0.6468752234374999 0.20937479531249997 0.6437498500000001 0.21093726093749998 0.6437498500000001 0.21250027343750003 0.6421874625 0.2140627390625 0.6421874625 0.21562520468750002 0.640625075 0.2187501359375 0.640625075 0.22031260156250002 0.6390626859374999 0.223437534375 0.6390626859374999 0.2296873984375 0.6328125375 0.23124986406249998 0.6328125375 0.23281232968749999 0.63125015 0.2343747953125 0.63125015 0.23750027343750002 0.6281247765625 0.23906273906250003 0.6281247765625 0.2406252046875 0.6265623875 0.24218767031250002 0.6265623875 0.2437501359375 0.625 0.2453126015625 0.625 0.24687506875 0.6234376125 0.248437534375 0.6234376125 0.251562465625 0.6203122390625 0.25312493125 0.6203122390625 0.2562498640625 0.6171874625 0.25937479531249996 0.6171874625 0.2656252046875 0.6109373140625001 0.2656252046875 0.609374925 0.27031260156250003 0.6046877609375 0.27187506875 0.6046877609375 0.273437534375 0.6031247765625001 0.275 0.6031247765625001 0.276562465625 0.6015623875 0.27812493125 0.6031247765625001 0.2796873984375 0.6031247765625001 0.28124986406249997 0.6046877609375 0.2828123296875 0.6046877609375 0.2828123296875 0.5921874625 0.28124986406249997 0.5906250749999999 0.28124986406249997 0.5890626859375 0.2796873984375 0.5875002984375 0.2796873984375 0.584374925 0.27812493125 0.5828125375 0.26250027343750004 0.5828125375 0.2562498640625 0.5890626859375 0.2562498640625 0.5906250749999999 0.25312493125 0.59374985 0.251562465625 0.59374985 0.25 0.5953122390625001 0.25 0.5968752234375 0.24687506875 0.6 0.2453126015625 0.6
5 0.3703126015625 0.5453122390625 0.3703126015625 0.6109373140625001 0.6296873984375 0.6109373140625001 0.6296873984375 0.5453122390625 0.3703126015625 0.5453122390625
5 0.3093747953125 0.3468752234375 0.31093726093749996 0.3484376125 0.3671876703125 0.3484376125 0.3703126015625 0.34531223906249997 0.3703126015625 0.3328125375 0.3687501359375 0.33125015 0.3093747953125 0.33125015 0.3093747953125 0.3468752234375
0 0.3812498640625 0.2359373140625 0.3812498640625 0.21874984999999997 0.3687501359375 0.21874984999999997 0.3687501359375 0.23906268593750002 0.37812493125 0.23906268593750002 0.3812498640625 0.2359373140625
3 0.075 0.234374925 0.075 0.2328125375 0.07656246562499999 0.23125015000000002 0.07656246562499999 0.2 0.0453126015625 0.2 0.0453126015625 0.234374925 0.075 0.234374925
0 0.5937501359375 0.240625075 0.6046873984375 0.240625075 0.6062498640625 0.23906268593750002 0.6062498640625 0.2359373140625 0.6078123296875 0.234374925 0.6078123296875 0.2234376125 0.5937501359375 0.2234376125 0.5937501359375 0.240625075
0 0.19375013593749998 0.0031247765625 0.19375013593749998 0.0281247765625 0.2859372609375 0.0281247765625 0.2859372609375 0.0031247765625 0.19375013593749998 0.0031247765625
0 0.05312493124999999 0.040625075 0.05312493124999999 0.0281247765625 0.001562465625 0.0281247765625 0.001562465625 0.045312239062499995 0.048437534375 0.045312239062499995 0.05312493124999999 0.040625075
5 0.4546873984375 0.05625015 0.4546873984375 0.05 0.45312493125 0.051562387499999994 0.45 0.0484376125 0.45 0.045312239062499995 0.451562465625 0.04374985 0.451562465625 0.0421874625 0.45312493125 0.040625075 0.4546873984375 0.040625075 0.4546873984375 0.025 0.1921876703125 0.025 0.1921876703125 0.053124776562499997 0.19375013593749998 0.054687760937499996 0.19531260156250002 0.054687760937499996 0.19687506875 0.05625015 0.45 0.05625015 0.451562465625 0.054687760937499996 0.45312493125 0.054687760937499996 0.4546873984375 0.05625015
5 0.4609372609375 0.6703122390625 0.4625002734375 0.6718752234375 0.5625002734375 0.6718752234375 0.5625002734375 0.6625002984374999 0.5609372609375 0.6609373140625 0.5609372609375 0.6453122390625 0.5578123296874999 0.6421874625 0.5578123296874999 0.6390626859374999 0.5562498640625 0.6375002984375 0.3 0.6375002984375 0.3 0.6718752234375 0.3890627390625 0.6718752234375 0.3906252046875 0.6703122390625 0.401562465625 0.6703122390625 0.40312493125 0.6718752234375 0.425 0.6718752234375 0.426562465625 0.6703122390625 0.4609372609375 0.6703122390625
0 0.45312493125 0.459374925 0.45312493125 0.4515623875 0.45 0.44843761249999997 0.45 0.44374985 0.448437534375 0.4421874625 0.43750027343750003 0.4421874625 0.4343747953125 0.44531223906250006 0.4343747953125 0.46874985 0.43593726093749996 0.46874985 0.43750027343750003 0.4671874625 0.44687506875 0.4671874625 0.448437534375 0.465625075 0.448437534375 0.4640626859375 0.45312493125 0.459374925
3 0.59687506875 0.33125015 0.59687506875 0.3703122390625 0.6312498640624999 0.3703122390625 0.6312498640624999 0.33125015 0.59687506875 0.33125015
3 0.0609372609375 0.0781247765625 0.0609372609375 0.1234376125 0.1 0.1234376125 0.1 0.0781247765625 0.0609372609375 0.0781247765625
5 0.448437534375 0.1953122390625 0.451562465625 0.1984376125 0.4875002734375 0.1984376125 0.48906273906250003 0.1968752234375 0.5046873984375 0.1968752234375 0.5062498640624999 0.1984376125 0.5093747953125 0.1984376125 0.5109372609375 0.1968752234375 0.5125002734375 0.1968752234375 0.5140627390625 0.1953122390625 0.5187501359375 0.1953122390625 0.5203126015625 0.1968752234375 0.52812493125 0.1968752234375 0.5296873984375 0.1984376125 0.548437534375 0.1984376125 0.548437534375 0.175 0.4109372609375 0.175 0.4109372609375 0.1968752234375 0.4140627390625 0.1968752234375 0.4156252046875 0.1984376125 0.4296873984375 0.1984376125 0.4312498640625 0.1968752234375 0.4406252046875 0.1968752234375 0.4421876703125 0.1953122390625 0.448437534375 0.1953122390625
5 0.0546873984375 0.484374925 0.0546873984375 0.4703122390625 0.001562465625 0.4703122390625 0.001562465625 0.4859373140625 0.05312493124999999 0.4859373140625 0.0546873984375 0.484374925
5 0.176562465625 0.49062507499999997 0.18906273906249998 0.49062507499999997 0.1906252046875 0.4921874625 0.2859372609375 0.4921874625 0.2859372609375 0.49062507499999997 0.2875002734375 0.48906268593749996 0.2875002734375 0.4875002984375 0.2906252046875 0.484374925 0.2906252046875 0.4671874625 0.125 0.4671874625 0.125 0.49062507499999997 0.126562465625 0.4921874625 0.1296873984375 0.4921874625 0.1312498640625 0.49062507499999997 0.1687501359375 0.49062507499999997 0.1703126015625 0.48906268593749996 0.175 0.48906268593749996 0.176562465625 0.49062507499999997
0 0.675 0.2625002984375 0.676562465625 0.2609373140625 0.6796873984375 0.2609373140625 0.6812498640625 0.25937492500000003 0.6812498640625 0.240625075 0.64687506875 0.240625075 0.64687506875 0.275 0.6546873984375 0.275 0.6562498640625 0.2734376125 0.6593747953125 0.2734376125 0.6609372609374999 0.27187522343750004 0.6625002734375001 0.27187522343750004 0.67187506875 0.2625002984375 0.675 0.2625002984375
3 0.473437534375 0.26718746250000003 0.473437534375 0.2359373140625 0.4421876703125 0.2359373140625 0.4421876703125 0.2703122390625 0.4703126015625 0.2703122390625 0.473437534375 0.26718746250000003
1 0.22812493125 0.3421874625 0.226562465625 0.3421874625 0.225 0.34374984999999997 0.225 0.34531223906249997 0.2140627390625 0.35625015000000004 0.21250027343750003 0.35625015000000004 0.20937479531249997 0.359374925 0.2078123296875 0.359374925 0.2046873984375 0.3625002984375 0.201562465625 0.3625002984375 0.2 0.3640626859375 0.198437534375 0.3640626859375 0.19531260156250002 0.3671874625 0.19375013593749998 0.3671874625 0.1921876703125 0.36874985 0.18906273906249998 0.36874985 0.1875002734375 0.3703122390625 0.18593726093750002 0.3703122390625 0.1828123296875 0.37343761249999996 0.18124986406250002 0.37343761249999996 0.17968739843749998 0.375 0.176562465625 0.375 0.17187506875 0.3796877609375 0.1703126015625 0.3796877609375 0.1687501359375 0.38125015 0.16718767031249998 0.38125015 0.1656252046875 0.3828125375 0.1640627390625 0.3828125375 0.15624986406250002 0.390625075 0.15468739843749998 0.390625075 0.151562465625 0.39374984999999996 0.15 0.39374984999999996 0.1453126015625 0.3984376125 0.1453126015625 0.4 0.1437501359375 0.4015623875 0.1437501359375 0.409374925 0.1421876703125 0.4109373140625 0.1421876703125 0.41250029843749997 0.1593747953125 0.41250029843749997 0.17187506875 0.4 0.173437534375 0.4 0.175 0.3984376125 0.176562465625 0.3984376125 0.18124986406250002 0.39374984999999996 0.1828123296875 0.39374984999999996 0.1843747953125 0.39218746250000003 0.18593726093750002 0.39218746250000003 0.18906273906249998 0.38906268593750004 0.1906252046875 0.38906268593750004 0.1921876703125 0.3875002984375 0.19375013593749998 0.3875002984375 0.19531260156250002 0.3859373140625 0.2 0.3859373140625 0.201562465625 0.38437492500000003 0.20312493125 0.38437492500000003 0.20624986406249998 0.38125015 0.20937479531249997 0.38125015 0.21093726093749998 0.3796877609375 0.21718767031250003 0.3796877609375 0.2187501359375 0.3781247765625 0.22187506875000002 0.3781247765625 0.226562465625 0.37343761249999996 0.22812493125 0.37343761249999996 0.2296873984375 0.3718752234375 0.23124986406249998 0.3718752234375 0.23593726093749998 0.3671874625 0.23750027343750002 0.3671874625 0.2406252046875 0.3640626859375 0.2406252046875 0.3625002984375 0.24218767031250002 0.36093731406249996 0.24218767031250002 0.359374925 0.2437501359375 0.35781253749999997 0.2437501359375 0.35312477656249996 0.2453126015625 0.3515623875 0.2453126015625 0.35 0.2562498640625 0.3390626859375 0.2562498640625 0.3375002984375 0.25937479531249996 0.334374925 0.25937479531249996 0.3328125375 0.2578123296875 0.33125015 0.2562498640625 0.33125015 0.2546873984375 0.3296877609375 0.2453126015625 0.3296877609375 0.2437501359375 0.33125015 0.2406252046875 0.33125015 0.23593726093749998 0.3359373140625 0.2343747953125 0.3359373140625 0.23124986406249998 0.3390626859375 0.2296873984375 0.3390626859375 0.2296873984375 0.340625075 0.22812493125 0.3421874625
1 0.0109372609375 0.16874985 0.0109372609375 0.165625075 0.0140627390625 0.1625002984375 0.015625204687499998 0.1625002984375 0.0171876703125 0.1609373140625 0.018750135937500002 0.1609373140625 0.020312601562499998 0.159374925 0.02187506875 0.159374925 0.023437534375 0.1609373140625 0.026562465624999997 0.1609373140625 0.039062739062500004 0.1734376125 0.0406252046875 0.1734376125 0.043750135937500004 0.1765623875 0.0453126015625 0.1765623875 0.04687506875 0.1781247765625 0.0562498640625 0.1781247765625 0.0578123296875 0.1765623875 0.05937479531249999 0.1781247765625 0.0609372609375 0.1781247765625 0.0625002734375 0.1796877609375 0.0640627390625 0.1796877609375 0.06562520468750001 0.18125015 0.06562520468750001 0.1609373140625 0.0640627390625 0.159374925 0.0625002734375 0.159374925 0.0609372609375 0.1578125375 0.05937479531249999 0.1578125375 0.0578123296875 0.15625015 0.0562498640625 0.15625015 0.0546873984375 0.1546877609375 0.0546873984375 0.1531247765625 0.051562465625 0.15 0.05 0.15 0.042187670312499995 0.1421874625 0.0406252046875 0.1421874625 0.0359372609375 0.1375002984375 0.0343747953125 0.1375002984375 0.0328123296875 0.1359373140625 0.0312498640625 0.1359373140625 0.028124931250000002 0.1328125375 0.026562465624999997 0.1328125375 0.025 0.13125015 0.020312601562499998 0.13125015 0.018750135937500002 0.1296877609375 0.015625204687499998 0.1296877609375 0.0140627390625 0.12812477656250001 0.0125002734375 0.12812477656250001 0.0109372609375 0.12656238749999998 0.001562465625 0.12656238749999998 0.001562465625 0.13437492499999998 0.0046873984374999995 0.1375002984375 0.0046873984374999995 0.14687522343749998 0.001562465625 0.15 0.001562465625 0.18125015 0.0093747953125 0.1734376125 0.0093747953125 0.17031223906249998 0.0109372609375 0.16874985
1 0.6125002734375 0.26718746250000003 0.5406252046875 0.26718746250000003 0.5406252046875 0.2875002984375 0.5421876703125 0.2875002984375 0.5437501359375 0.2859373140625 0.6046873984375 0.2859373140625 0.6062498640625 0.284374925 0.6093747953124999 0.284374925 0.6125002734375 0.28125015000000003 0.6125002734375 0.26718746250000003
4 0.001562465625 0.3218752234375 0.001562465625 0.3468752234375 0.0093747953125 0.3468752234375 0.0093747953125 0.3218752234375 0.001562465625 0.3218752234375
0 0.1906252046875 0.1 0.18124986406250002 0.1 0.18124986406250002 0.12187522343749999 0.1828123296875 0.1234376125 0.18906273906249998 0.1234376125 0.19375013593749998 0.11874985 0.19375013593749998 0.10468776093750001 0.1921876703125 0.1031247765625 0.1921876703125 0.10156238749999999 0.1906252046875 0.1
4 0.3 0.35312477656249996 0.3 0.34531223906249997 0.2546873984375 0.34531223906249997 0.2546873984375 0.39374984999999996 0.301562465625 0.39374984999999996 0.301562465625 0.3718752234375 0.3 0.3703122390625 0.3 0.36562507499999997 0.298437534375 0.3640626859375 0.298437534375 0.3546877609375 0.3 0.35312477656249996
5 0.698437534375 0.35312477656249996 0.6390627390625 0.35312477656249996 0.6390627390625 0.37656238750000004 0.65 0.37656238750000004 0.651562465625 0.375 0.6859372609375 0.375 0.6875002734375 0.37343761249999996 0.6953126015625 0.37343761249999996 0.698437534375 0.3703122390625 0.698437534375 0.35312477656249996
3 0.5953126015625 0.34531223906249997 0.5953126015625 0.3875002984375 0.60312493125 0.3953122390625 0.60312493125 0.4 0.601562465625 0.4015623875 0.601562465625 0.4046877609375 0.6296873984375 0.4046877609375 0.6296873984375 0.34531223906249997 0.5953126015625 0.34531223906249997
1 0.1640627390625 0.029687760937500002 0.1656252046875 0.029687760937500002 0.1687501359375 0.0328125375 0.1687501359375 0.0375002984375 0.1703126015625 0.0390626859375 0.1703126015625 0.040625075 0.175 0.045312239062499995 0.175 0.0484376125 0.176562465625 0.05 0.176562465625 0.053124776562499997 0.17812493125 0.053124776562499997 0.18124986406250002 0.05625015 0.18124986406250002 0.057812537500000004 0.1875002734375 0.0640626859375 0.1875002734375 0.0703122390625 0.18906273906249998 0.0718752234375 0.18906273906249998 0.0781247765625 0.1921876703125 0.08125015 0.1921876703125 0.084374925 0.19375013593749998 0.0859373140625 0.19375013593749998 0.0875002984375 0.19531260156250002 0.0890626859375 0.19531260156250002 0.090625075 0.198437534375 0.09374985 0.198437534375 0.0953122390625 0.2 0.0968752234375 0.2 0.10156238749999999 0.20624986406249998 0.1078125375 0.20624986406249998 0.10937492499999998 0.2078123296875 0.1109373140625 0.2078123296875 0.11250029843750001 0.20937479531249997 0.11406268593749999 0.20937479531249997 0.11562507500000001 0.21093726093749998 0.1171874625 0.21093726093749998 0.11874985 0.21250027343750003 0.12031223906249999 0.21250027343750003 0.1234376125 0.2140627390625 0.125 0.2140627390625 0.12656238749999998 0.21562520468750002 0.12812477656250001 0.21718767031250003 0.12812477656250001 0.2187501359375 0.1296877609375 0.22187506875000002 0.1296877609375 0.223437534375 0.12812477656250001 0.223437534375 0.12656238749999998 0.22187506875000002 0.125 0.22187506875000002 0.12031223906249999 0.2187501359375 0.1171874625 0.2187501359375 0.11406268593749999 0.21718767031250003 0.11250029843750001 0.21718767031250003 0.10468776093750001 0.21562520468750002 0.1031247765625 0.21562520468750002 0.10156238749999999 0.21250027343750003 0.09843761250000001 0.21250027343750003 0.0968752234375 0.21093726093749998 0.0953122390625 0.21093726093749998 0.09374985 0.20624986406249998 0.0890626859375 0.20624986406249998 0.0875002984375 0.2046873984375 0.0859373140625 0.2046873984375 0.0828125375 0.2 0.0781247765625 0.2 0.0765623875 0.198437534375 0.075 0.198437534375 0.0718752234375 0.19687506875 0.0703122390625 0.19687506875 0.06874985 0.1921876703125 0.0640626859375 0.1921876703125 0.0625002984375 0.1906252046875 0.060937314062500005 0.1906252046875 0.059374925 0.18906273906249998 0.057812537500000004 0.18906273906249998 0.053124776562499997 0.1875002734375 0.051562387499999994 0.1875002734375 0.05 0.18593726093750002 0.0484376125 0.18593726093750002 0.045312239062499995 0.1828123296875 0.0421874625 0.1828123296875 0.040625075 0.18124986406250002 0.0390626859375 0.18124986406250002 0.0375002984375 0.17968739843749998 0.035937314062499996 0.17968739843749998 0.029687760937500002 0.17812493125 0.0281247765625 0.17812493125 0.025 0.176562465625 0.0234376125 0.176562465625 0.0218752234375 0.175 0.0203122390625 0.175 0.018749850000000002 0.173437534375 0.0171874625 0.173437534375 0.015625075 0.1703126015625 0.012500298437499998 0.1687501359375 0.012500298437499998 0.16718767031249998 0.0109373140625 0.1640627390625 0.0109373140625 0.1593747953125 0.00625015 0.1593747953125 0.0031247765625 0.1578123296875 0.0031247765625 0.1578123296875 0.015625075 0.1593747953125 0.0171874625 0.1593747953125 0.018749850000000002 0.1609372609375 0.0203122390625 0.1609372609375 0.0234376125 0.1625002734375 0.025 0.1625002734375 0.0281247765625 0.1640627390625 0.029687760937500002
1 0.5046873984375 0.19374985 0.5109372609375 0.19374985 0.5125002734375 0.19218746250000002 0.526562465625 0.19218746250000002 0.52812493125 0.19374985 0.5390627390625 0.19374985 0.5390627390625 0.1765623875 0.4093747953125 0.1765623875 0.4093747953125 0.19374985 0.476562465625 0.19374985 0.47812493125 0.19218746250000002 0.47968739843749997 0.19374985 0.4859372609375 0.19374985 0.4875002734375 0.19218746250000002 0.50312493125 0.19218746250000002 0.5046873984375 0.19374985
2 0.5687501359375 0.3281247765625 0.5703126015625 0.3296877609375 0.575 0.3296877609375 0.5796873984375 0.334374925 0.5812498640625 0.334374925 0.5828123296875 0.3359373140625 0.5843747953125 0.3359373140625 0.5890627390625001 0.340625075 0.5906252046875 0.340625075 0.598437534375 0.3484376125 0.6 0.3484376125 0.60312493125 0.3515623875 0.60312493125 0.35781253749999997 0.6 0.36093731406249996 0.598437534375 0.36093731406249996 0.59687506875 0.3625002984375 0.5953126015625 0.3625002984375 0.5937501359375 0.3640626859375 0.5921876703125 0.3640626859375 0.5890627390625001 0.3671874625 0.5875002734375 0.3671874625 0.5859372609375 0.36874985 0.5843747953125 0.36874985 0.5828123296875 0.3703122390625 0.5812498640625 0.3703122390625 0.5812498640625 0.3718752234375 0.5796873984375 0.37343761249999996 0.57812493125 0.37343761249999996 0.57187506875 0.3796877609375 0.5703126015625 0.3796877609375 0.5687501359375 0.38125015 0.5671876703125001 0.38125015 0.5640627390625 0.38437492500000003 0.5625002734375 0.38437492500000003 0.5593747953125 0.3875002984375 0.5562498640625 0.3875002984375 0.55312493125 0.390625075 0.551562465625 0.390625075 0.548437534375 0.39374984999999996 0.54687506875 0.39374984999999996 0.5453126015625 0.3953122390625 0.5437501359375 0.3953122390625 0.5406252046875 0.3984376125 0.5390627390625 0.3984376125 0.5375002734375001 0.4 0.5359372609374999 0.4 0.5312498640625 0.4046877609375 0.5296873984375 0.4046877609375 0.52812493125 0.40625015 0.526562465625 0.40625015 0.52187506875 0.4109373140625 0.5203126015625 0.4109373140625 0.5187501359375 0.41250029843749997 0.5171876703125 0.41250029843749997 0.5156252046875001 0.41406268593749995 0.5140627390625 0.41406268593749995 0.5109372609375 0.4171874625 0.5093747953125 0.4171874625 0.5078123296875 0.41874985000000003 0.5046873984375 0.41874985000000003 0.50312493125 0.42031223906250004 0.501562465625 0.42031223906250004 0.498437534375 0.4234376125 0.49687506875 0.4234376125 0.4953126015625 0.425 0.4937501359375 0.425 0.49062520468750004 0.42812477656250003 0.48906273906250003 0.42812477656250003 0.4859372609375 0.43125015 0.4828123296875 0.43125015 0.47812493125 0.4359373140625 0.476562465625 0.4359373140625 0.475 0.43750029843749993 0.473437534375 0.43750029843749993 0.4703126015625 0.440625075 0.46875013593750003 0.440625075 0.4640627390625 0.44531223906250006 0.4625002734375 0.44531223906250006 0.4625002734375 0.44687522343749997 0.4562498640625 0.45312477656250005 0.4546873984375 0.45312477656250005 0.45312493125 0.45468776093749996 0.44687506875 0.45468776093749996 0.4343747953125 0.4671874625 0.4328123296875 0.4671874625 0.4312498640625 0.46874985 0.4296873984375 0.46874985 0.42812493125 0.4703122390625 0.426562465625 0.4703122390625 0.423437534375 0.4734376125 0.42187506875 0.4734376125 0.4203126015625 0.475 0.4187501359375 0.475 0.4156252046875 0.4781247765625 0.4140627390625 0.4781247765625 0.4125002734375 0.4796877609375 0.4109372609375 0.4796877609375 0.4093747953125 0.48125015 0.4078123296875 0.48125015 0.40624986406249997 0.48281253749999997 0.4046873984375 0.48281253749999997 0.401562465625 0.4859373140625 0.4 0.4859373140625 0.398437534375 0.4875002984375 0.39531260156250003 0.4875002984375 0.3937501359375 0.48906268593749996 0.3921876703125 0.48906268593749996 0.3890627390625 0.4921874625 0.38750027343750004 0.4921874625 0.38593726093749997 0.49374985000000005 0.38437479531249996 0.49374985000000005 0.3828123296875 0.49531223906250005 0.3812498640625 0.49531223906250005 0.376562465625 0.5 0.375 0.5 0.373437534375 0.5015623875 0.37187506875 0.5015623875 0.36562520468750004 0.5078125375 0.36406273906250003 0.5078125375 0.3609372609375 0.5109373140625 0.3593747953125 0.5109373140625 0.3578123296875 0.5125002984375 0.35312493125 0.5125002984375 0.351562465625 0.5140626859374999 0.35 0.5140626859374999 0.35 0.515625075 0.348437534375 0.5171874625 0.34687506875 0.5171874625 0.3390627390625 0.525 0.3375002734375 0.525 0.3359372609375 0.5265623875000001 0.3343747953125 0.5265623875000001 0.3312498640625 0.5296877609374999 0.3296873984375 0.5296877609374999 0.32812493125 0.53125015 0.325 0.53125015 0.323437534375 0.5328125375 0.3203126015625 0.5328125375 0.3156252046875 0.5375002984374999 0.31406273906250004 0.5375002984374999 0.31250027343750003 0.5390626859375 0.31093726093749996 0.5390626859375 0.3078123296875 0.5421874625 0.3062498640625 0.5421874625 0.3046873984375 0.54374985 0.30312493125 0.54374985 0.301562465625 0.5453122390625 0.3 0.5453122390625 0.2953126015625 0.55 0.29218767031250004 0.55 0.2906252046875 0.5515623875 0.2890627390625 0.5515623875 0.2843747953125 0.55625015 0.28124986406249997 0.55625015 0.2796873984375 0.5578125375 0.27812493125 0.5578125375 0.27187506875 0.5640626859375 0.27031260156250003 0.5640626859375 0.27031260156250003 0.565625075 0.2671876703125 0.56874985 0.2656252046875 0.56874985 0.25937479531249996 0.575 0.2578123296875 0.575 0.2562498640625 0.5765623875 0.2546873984375 0.5765623875 0.25312493125 0.5781247765625 0.251562465625 0.5781247765625 0.248437534375 0.58125015 0.2453126015625 0.58125015 0.2437501359375 0.5828125375 0.2406252046875 0.5828125375 0.23750027343750002 0.5859373140625 0.23593726093749998 0.5859373140625 0.2343747953125 0.5875002984375 0.23124986406249998 0.5875002984375 0.2296873984375 0.5890626859375 0.22812493125 0.5890626859375 0.225 0.5921874625 0.223437534375 0.5921874625 0.22187506875000002 0.59374985 0.22031260156250002 0.59374985 0.2187501359375 0.5953122390625001 0.21562520468750002 0.5953122390625001 0.21250027343750003 0.5984376124999999 0.21093726093749998 0.5984376124999999 0.20937479531249997 0.6 0.20624986406249998 0.6 0.2046873984375 0.6015623875 0.20312493125 0.6015623875 0.2 0.6046877609375 0.198437534375 0.6046877609375 0.19531260156250002 0.6078125375 0.19375013593749998 0.6078125375 0.18906273906249998 0.6125002984375 0.1875002734375 0.6125002984375 0.18124986406250002 0.61874985 0.17968739843749998 0.61874985 0.175 0.6234376125 0.173437534375 0.6234376125 0.1703126015625 0.6265623875 0.1703126015625 0.6281247765625 0.1687501359375 0.6296877609375 0.1687501359375 0.63125015 0.16718767031249998 0.6328125375 0.16718767031249998 0.634374925 0.1640627390625 0.6375002984375 0.1625002734375 0.6375002984375 0.1609372609375 0.6390626859374999 0.1593747953125 0.6390626859374999 0.1578123296875 0.640625075 0.1609372609375 0.640625075 0.1625002734375 0.6421874625 0.1640627390625 0.6421874625 0.1656252046875 0.640625075 0.1687501359375 0.640625075 0.1703126015625 0.6390626859374999 0.17187506875 0.6390626859374999 0.173437534375 0.6375002984375 0.176562465625 0.6375002984375 0.17812493125 0.6359373140625 0.18124986406250002 0.6359373140625 0.1828123296875 0.634374925 0.18593726093750002 0.634374925 0.1875002734375 0.6328125375 0.18906273906249998 0.6328125375 0.1906252046875 0.63125015 0.1921876703125 0.63125015 0.19531260156250002 0.6281247765625 0.19687506875 0.6281247765625 0.201562465625 0.6234376125 0.2046873984375 0.6234376125 0.20624986406249998 0.6218752234375 0.2078123296875 0.6218752234375 0.20937479531249997 0.6203122390625 0.21093726093749998 0.6203122390625 0.2140627390625 0.6171874625 0.21562520468750002 0.6171874625 0.2187501359375 0.6140626859375 0.22031260156250002 0.6140626859375 0.22187506875000002 0.6125002984375 0.223437534375 0.6125002984375 0.225 0.6109373140625001 0.226562465625 0.6109373140625001 0.2296873984375 0.6078125375 0.23124986406249998 0.6078125375 0.23593726093749998 0.6031247765625001 0.23750027343750002 0.6031247765625001 0.24687506875 0.59374985 0.248437534375 0.59374985 0.251562465625 0.5906250749999999 0.25312493125 0.5906250749999999 0.2546873984375 0.5890626859375 0.2546873984375 0.5875002984375 0.26093726093749997 0.58125015 0.2671876703125 0.58125015 0.2687501359375 0.5796877609375 0.2796873984375 0.5796877609375 0.2828123296875 0.5765623875 0.2843747953125 0.5765623875 0.2875002734375 0.5734376125 0.2890627390625 0.5734376125 0.2953126015625 0.5671874625 0.29687506875 0.5671874625 0.298437534375 0.565625075 0.301562465625 0.565625075 0.3046873984375 0.5625002984374999 0.3062498640625 0.5625002984374999 0.3078123296875 0.5609373140625 0.3093747953125 0.5609373140625 0.31406273906250004 0.55625015 0.3156252046875 0.55625015 0.3171876703125 0.5546877609374999 0.3187501359375 0.5546877609374999 0.323437534375 0.55 0.325 0.55 0.326562465625 0.5484376125 0.32812493125 0.5484376125 0.3296873984375 0.5468752234375 0.3296873984375 0.5453122390625 0.3312498640625 0.54374985 0.33281232968749996 0.54374985 0.3343747953125 0.5421874625 0.3375002734375 0.5421874625 0.3390627390625 0.540625075 0.3406252046875 0.540625075 0.3453126015625 0.5359373140625 0.35 0.5359373140625 0.351562465625 0.5343749250000001 0.35312493125 0.5343749250000001 0.35468739843749997 0.5328125375 0.35468739843749997 0.53125015 0.3562498640625 0.5296877609374999 0.3578123296875 0.5296877609374999 0.36562520468750004 0.5218752234374999 0.3671876703125 0.5218752234374999 0.3671876703125 0.5203122390625 0.3703126015625 0.5171874625 0.375 0.5171874625 0.376562465625 0.515625075 0.3828123296875 0.515625075 0.38437479531249996 0.5140626859374999 0.3890627390625 0.5140626859374999 0.3906252046875 0.5125002984375 0.3921876703125 0.5125002984375 0.3937501359375 0.5109373140625 0.3937501359375 0.509374925 0.39687506875 0.50625015 0.398437534375 0.50625015 0.4046873984375 0.5 0.40624986406249997 0.5 0.4078123296875 0.49843761249999996 0.4093747953125 0.49843761249999996 0.4109372609375 0.49687522343749996 0.4125002734375 0.49687522343749996 0.4156252046875 0.49374985000000005 0.41718767031250004 0.49374985000000005 0.4187501359375 0.4921874625 0.4203126015625 0.4921874625 0.42187506875 0.49062507499999997 0.423437534375 0.49062507499999997 0.426562465625 0.4875002984375 0.42812493125 0.4875002984375 0.4296873984375 0.4859373140625 0.4312498640625 0.4859373140625 0.45 0.4671874625 0.451562465625 0.4671874625 0.4593747953125 0.459374925 0.4671876703125 0.459374925 0.4703126015625 0.45625014999999997 0.47187506875 0.45625014999999997 0.473437534375 0.45468776093749996 0.47812493125 0.45468776093749996 0.47968739843749997 0.45312477656250005 0.4812498640625 0.45312477656250005 0.4843747953125 0.45 0.4859372609375 0.45 0.4875002734375 0.44843761249999997 0.48906273906250003 0.44843761249999997 0.4937501359375 0.44374985 0.4953126015625 0.44374985 0.49687506875 0.4421874625 0.5 0.4421874625 0.501562465625 0.440625075 0.50312493125 0.440625075 0.5078123296875 0.4359373140625 0.5093747953125 0.4359373140625 0.5109372609375 0.434374925 0.5125002734375 0.434374925 0.5156252046875001 0.43125015 0.5171876703125 0.43125015 0.5187501359375 0.42968776093749994 0.5203126015625 0.42968776093749994 0.52187506875 0.42812477656250003 0.523437534375 0.42812477656250003 0.526562465625 0.425 0.52812493125 0.425 0.5296873984375 0.4234376125 0.5312498640625 0.4234376125 0.5359372609374999 0.41874985000000003 0.5375002734375001 0.41874985000000003 0.5390627390625 0.4171874625 0.5421876703125 0.4171874625 0.5453126015625 0.41406268593749995 0.54687506875 0.41406268593749995 0.55 0.4109373140625 0.55312493125 0.4109373140625 0.5578123296874999 0.40625015 0.5593747953125 0.40625015 0.5609372609375 0.4046877609375 0.5625002734375 0.4046877609375 0.5640627390625 0.4031247765625 0.5656252046875 0.4031247765625 0.5703126015625 0.3984376125 0.57187506875 0.3984376125 0.576562465625 0.39374984999999996 0.57812493125 0.39374984999999996 0.5796873984375 0.39218746250000003 0.5812498640625 0.39218746250000003 0.5828123296875 0.390625075 0.5843747953125 0.390625075 0.5875002734375 0.3875002984375 0.5906252046875 0.3875002984375 0.5921876703125 0.3859373140625 0.6046873984375 0.3859373140625 0.6171876703125 0.37343761249999996 0.6187501359375001 0.37343761249999996 0.62187506875 0.3703122390625 0.62187506875 0.36874985 0.623437534375 0.3671874625 0.623437534375 0.36562507499999997 0.625 0.3640626859375 0.625 0.35312477656249996 0.623437534375 0.3515623875 0.623437534375 0.34374984999999997 0.62187506875 0.3421874625 0.62187506875 0.340625075 0.6171876703125 0.3359373140625 0.6171876703125 0.334374925 0.6156252046875 0.3328125375 0.6156252046875 0.33125015 0.6078123296875 0.33125015 0.6062498640625 0.3328125375 0.6046873984375 0.3328125375 0.60312493125 0.334374925 0.601562465625 0.334374925 0.6 0.3359373140625 0.5953126015625 0.3359373140625 0.5906252046875 0.33125015 0.5890627390625001 0.33125015 0.5875002734375 0.3296877609375 0.5859372609375 0.3296877609375 0.5843747953125 0.3281247765625 0.5828123296875 0.3281247765625 0.5812498640625 0.3265623875 0.57812493125 0.3265623875 0.575 0.32343761249999997 0.575 0.3218752234375 0.573437534375 0.3203122390625 0.573437534375 0.3171874625 0.55 0.3171874625 0.55312493125 0.3203122390625 0.55312493125 0.3218752234375 0.5562498640625 0.325 0.5578123296874999 0.325 0.5593747953125 0.3265623875 0.5625002734375 0.3265623875 0.5640627390625 0.3281247765625 0.5687501359375 0.3281247765625
0 0.18593726093750002 0.09843761250000001 0.1843747953125 0.09843761250000001 0.18124986406250002 0.0953122390625 0.18124986406250002 0.0921874625 0.17968739843749998 0.090625075 0.17968739843749998 0.0859373140625 0.17812493125 0.084374925 0.17812493125 0.0828125375 0.175 0.0828125375 0.175 0.11406268593749999 0.18124986406250002 0.12031223906249999 0.18124986406250002 0.12187522343749999 0.1906252046875 0.12187522343749999 0.1906252046875 0.10156238749999999 0.18906273906249998 0.1 0.1875002734375 0.1 0.18593726093750002 0.09843761250000001
0 0.048437534375 0.5265623875000001 0.048437534375 0.5703122390625001 0.0609372609375 0.5703122390625001 0.0609372609375 0.5265623875000001 0.048437534375 0.5265623875000001
1 0.4296873984375 0.2625002984375 0.4296873984375 0.2359373140625 0.3687501359375 0.2359373140625 0.3687501359375 0.26406268593750004 0.42812493125 0.26406268593750004 0.4296873984375 0.2625002984375
5 0.0562498640625 0.7453122390625 0.0562498640625 0.71874985 0.001562465625 0.71874985 0.001562465625 0.7484376125 0.05312493124999999 0.7484376125 0.0562498640625 0.7453122390625
5 0.17187506875 0.3 0.17187506875 0.2859373140625 0.1328123296875 0.2859373140625 0.1328123296875 0.3031247765625 0.1687501359375 0.3031247765625 0.17187506875 0.3
0 0.17968739843749998 0.34374984999999997 0.17968739843749998 0.3265623875 0.10937479531250001 0.3265623875 0.10937479531250001 0.34531223906249997 0.17812493125 0.34531223906249997 0.17968739843749998 0.34374984999999997
1 0.0875002734375 0.4718752234375 0.09687506875 0.4718752234375 0.09687506875 0.39374984999999996 0.0921876703125 0.39374984999999996 0.0906252046875 0.3953122390625 0.0890627390625 0.3953122390625 0.0875002734375 0.39374984999999996 0.0875002734375 0.4718752234375