2 0.3097317625 0.3146875953125 0.39121324375 0.38066003125000003 0.41692368125 0.35666462499999996 0.2939741859375 0.26341347656249997 0.2964163859375 0.7936585 0.998877665625 0.2369892796875 0.998877665625 0.19183460937500002 0.31254994375 0.7445114859374999 0.3097317625 0.3146875953125
0 0.17309203125 0.258958653125 0.142306396875 0.258958653125 0.142306396875 0.297702909375 0.17309203125 0.297702909375 0.17309203125 0.258958653125
0 0.299253646875 0.5035451765625 0.2706228953125 0.5035451765625 0.2706228953125 0.5524119453125 0.299253646875 0.5524119453125 0.299253646875 0.5035451765625
0 0.33377104375 0.7896784078125 0.3034231203125 0.7896784078125 0.3034231203125 0.8221133234375 0.33377104375 0.8221133234375 0.33377104375 0.7896784078125
0 0.197390571875 0.8520214390625 0.14175645312500001 0.8520214390625 0.14175645312500001 0.8920214390625001 0.197390571875 0.8920214390625001 0.197390571875 0.8520214390625
0 0.40852974218749993 0.834441040625 0.35380471406249997 0.834441040625 0.35380471406249997 0.8765237359375 0.40852974218749993 0.8765237359375 0.40852974218749993 0.834441040625
0 0.5507687984375 0.727335375 0.5084455671875 0.727335375 0.5084455671875 0.7694180703125 0.5507687984375 0.7694180703125 0.5507687984375 0.727335375
0 0.73868125625 0.47848392031250003 0.6923849609375 0.47848392031250003 0.6923849609375 0.5199846859374999 0.73868125625 0.5199846859374999 0.73868125625 0.47848392031250003
0 0.9246184062499999 0.46197549843749997 0.8669416390625001 0.46197549843749997 0.8669416390625001 0.5055895859375 0.9246184062499999 0.5055895859375 0.9246184062499999 0.46197549843749997
0 0.982772165625 0.3756508421875 0.937227834375 0.3756508421875 0.937227834375 0.422633996875 0.982772165625 0.422633996875 0.982772165625 0.3756508421875
0 0.5452581375000001 0.145467075 0.5025982046874999 0.145467075 0.5025982046874999 0.182434915625 0.5452581375000001 0.182434915625 0.5452581375000001 0.145467075
0 0.5338944999999999 0.2570750390625 0.47851851874999995 0.2570750390625 0.47851851874999995 0.2958499234375 0.5338944999999999 0.2958499234375 0.5338944999999999 0.2570750390625
4 0.2877216609375 0.35208269531249997 0.2349719421875 0.35208269531249997 0.2349719421875 0.4244563546875 0.2877216609375 0.4244563546875 0.2877216609375 0.35208269531249997
4 0.2810101015625 0.7241424203125 0.23223344531249998 0.7241424203125 0.23223344531249998 0.7940811640625001 0.2810101015625 0.7940811640625001 0.2810101015625 0.7241424203125
4 0.42611672343749996 0.764104134375 0.36878787812499997 0.764104134375 0.36878787812499997 0.8322817765625 0.42611672343749996 0.8322817765625 0.42611672343749996 0.764104134375
4 0.691632996875 0.549892803125 0.6372558921875 0.549892803125 0.6372558921875 0.627626340625 0.691632996875 0.627626340625 0.691632996875 0.549892803125
4 0.423305275 0.1582542109375 0.37020763125 0.1582542109375 0.37020763125 0.23699846875000002 0.423305275 0.23699846875000002 0.423305275 0.1582542109375
5 0.2816891140625 0.8884073499999999 0.14517957343750001 0.8884073499999999 0.14517957343750001 0.9517151609375001 0.2816891140625 0.9517151609375001 0.2816891140625 0.8884073499999999
5 0.49109427656250004 0.8713169984375 0.35512345624999997 0.8713169984375 0.35512345624999997 0.9931546703125 0.49109427656250004 0.9931546703125 0.49109427656250004 0.8713169984375
5 0.64699214375 0.7619065843749999 0.5092368125 0.7619065843749999 0.5092368125 0.851569678125 0.64699214375 0.851569678125 0.64699214375 0.7619065843749999
5 1 0.49522970937500005 0.875533109375 0.49522970937500005 0.875533109375 0.5944180703125 1 0.5944180703125 1 0.49522970937500005
5 0.822558921875 0.516562021875 0.6957351296875001 0.516562021875 0.6957351296875001 0.5728407343749999 0.822558921875 0.5728407343749999 0.822558921875 0.516562021875
5 0.350314253125 0.079234303125 0.20436588125 0.079234303125 0.20436588125 0.24061255781250002 0.350314253125 0.24061255781250002 0.350314253125 0.079234303125
5 0.2610942765625 0.293629403125 0.14629068437499998 0.293629403125 0.14629068437499998 0.32802450156249996 0.2610942765625 0.32802450156249996 0.2610942765625 0.293629403125
5 0.6590965203125 0.17792496093750002 0.5053479234375 0.17792496093750002 0.5053479234375 0.24219754999999998 0.6590965203125 0.24219754999999998 0.6590965203125 0.17792496093750002
5 0.6235297421875 0.28800153125 0.48690796875000003 0.28800153125 0.48690796875000003 0.361033690625 0.6235297421875 0.361033690625 0.6235297421875 0.28800153125
1 0.3933872046875 0.299901990625 0.33303030312500004 0.25167228124999996 0.3260897875 0.27275497656250003 0.433267115625 0.354895865625 0.4409180703125 0.33466309375000003 0.40861167187499997 0.3122894328125 0.424961840625 0.28393874375 0.47152861875 0.279367534375 0.471558921875 0.2520581921875 0.41745791250000003 0.25127258750000003 0.3933872046875 0.299901990625
1 0.23566666718749998 0.336963246875 0.21393939374999998 0.3518805515625 0.21582042656249997 0.8498805515625 0.2357676765625 0.8374165390625 0.23566666718749998 0.336963246875
1 0.4668507296875 0.574774884375 0.4678361390625 0.6017442578125001 0.6881043765625 0.4245849921875 0.6872491578125 0.39366921875 0.4668507296875 0.574774884375
1 0.9003030296875 0.22459724374999998 0.6845544328125001 0.39454823906250003 0.6884635234375 0.428836140625 0.9008058359375 0.25532771875 0.9003030296875 0.22459724374999998
1 0.30266554375 0.6268223578125001 0.3042850734375 0.6613445640625 0.998877665625 0.1010872890625 0.998877665625 0.0667427265625 0.30266554375 0.6268223578125001
3 0.3475982046875 0.2749770296875 0.287014590625 0.2749770296875 0.287014590625 0.3556508421875 0.3475982046875 0.3556508421875 0.3475982046875 0.2749770296875
3 0.3524466890625 0.7145099546875 0.290067340625 0.7145099546875 0.290067340625 0.782764165625 0.3524466890625 0.782764165625 0.3524466890625 0.7145099546875
3 0.7011560046875001 0.4374578859375 0.6706734 0.4374578859375 0.6706734 0.4846248078125 0.7011560046875001 0.4846248078125 0.7011560046875001 0.4374578859375
3 0.9165600453125 0.2687212859375 0.890061728125 0.2687212859375 0.890061728125 0.31611791718750004 0.9165600453125 0.31611791718750004 0.9165600453125 0.2687212859375
3 0.484551065625 0.61393568125 0.45800785624999996 0.61393568125 0.45800785624999996 0.6670444109375 0.484551065625 0.6670444109375 0.484551065625 0.61393568125
0 0.3971032546875 0.6467151609374999 0.36993715 0.6673215921875 0.382701459375 0.700895865625 0.40918967500000003 0.6801546703125 0.3971032546875 0.6467151609374999