2 0.3091099890625 0.30888820781250004 0.384198653125 0.3687243484375 0.3985465765625 0.35017457812499997 0.294864196875 0.277099540625 0.296222221875 0.7840505359375001 0.9980583609375 0.23295099531250002 0.998877665625 0.1976248078125 0.3103075203125 0.750428790625 0.3091099890625 0.30888820781250004
0 0.1741526375 0.259104134375 0.1426150390625 0.259104134375 0.1426150390625 0.29869065781250004 0.1741526375 0.29869065781250004 0.1741526375 0.259104134375
0 0.300617284375 0.5076186828125 0.26894500625 0.5076186828125 0.26894500625 0.551830015625 0.300617284375 0.551830015625 0.300617284375 0.5076186828125
0 0.338069584375 0.7910336906250001 0.30460157187500003 0.7910336906250001 0.30460157187500003 0.829762634375 0.338069584375 0.829762634375 0.338069584375 0.7910336906250001
0 0.55046576875 0.7275957125 0.5068855218749999 0.7275957125 0.5068855218749999 0.7697396624999999 0.55046576875 0.7697396624999999 0.55046576875 0.7275957125
0 0.7360998875 0.4769448703125 0.6929012343750001 0.4769448703125 0.6929012343750001 0.51839969375 0.7360998875 0.51839969375 0.7360998875 0.4769448703125
0 0.5341750843749999 0.2527488515625 0.4782154875 0.2527488515625 0.4782154875 0.2962863703125 0.5341750843749999 0.2962863703125 0.5341750843749999 0.2527488515625
0 0.5456060609375 0.143828484375 0.5014646468749999 0.143828484375 0.5014646468749999 0.183767228125 0.5456060609375 0.183767228125 0.5456060609375 0.143828484375
0 0.19707631875 0.8502603375 0.142609428125 0.8502603375 0.142609428125 0.8931393562500001 0.19707631875 0.8931393562500001 0.19707631875 0.8502603375
0 0.40595959531250003 0.83545941875 0.35264870937500004 0.83545941875 0.35264870937500004 0.8756891265625001 0.40595959531250003 0.8756891265625001 0.40595959531250003 0.83545941875
4 0.28540965156250003 0.3563859109375 0.2356228953125 0.3563859109375 0.2356228953125 0.421225115625 0.28540965156250003 0.421225115625 0.28540965156250003 0.3563859109375
4 0.27926487031249997 0.7231240421875 0.23157687968750001 0.7231240421875 0.23157687968750001 0.7899234296875 0.27926487031249997 0.7899234296875 0.27926487031249997 0.7231240421875
4 0.42512345625 0.7658652375 0.369915825 0.7658652375 0.369915825 0.833307809375 0.42512345625 0.833307809375 0.42512345625 0.7658652375
4 0.6927609421875001 0.55073506875 0.6387991015625001 0.55073506875 0.6387991015625001 0.6247932625 0.6927609421875001 0.6247932625 0.6927609421875001 0.55073506875
4 0.42251402968749996 0.163437978125 0.36978675625 0.163437978125 0.36978675625 0.23506125625 0.42251402968749996 0.23506125625 0.42251402968749996 0.163437978125
0 0.396382715625 0.64879173125 0.3689259265625 0.668364471875 0.3817744109375 0.700693721875 0.4089887765625 0.6812664625 0.396382715625 0.64879173125
0 0.9222615046874999 0.46426493124999996 0.8680639734375 0.46426493124999996 0.8680639734375 0.5039127109375 0.9222615046874999 0.5039127109375 0.9222615046874999 0.46426493124999996
5 1 0.4161102609375 0.9396801343750001 0.4161102609375 0.9396801343750001 0.4778560484375 1 0.4778560484375 1 0.4161102609375
0 0.9814422 0.379441040625 0.9376823796875 0.379441040625 0.9376823796875 0.41832312343750006 0.9814422 0.41832312343750006 0.9814422 0.379441040625
3 0.3468799109375 0.272901990625 0.28661055 0.272901990625 0.28661055 0.352825421875 0.3468799109375 0.352825421875 0.3468799109375 0.272901990625
3 0.3554152640625 0.7138131703124999 0.290084175 0.7138131703124999 0.290084175 0.775558959375 0.3554152640625 0.775558959375 0.3554152640625 0.7138131703124999
3 0.48359708125 0.6164548234375 0.457435465625 0.6164548234375 0.457435465625 0.6573889734375 0.48359708125 0.6573889734375 0.48359708125 0.6164548234375
3 0.702687990625 0.4414471671875 0.6714983171875 0.4414471671875 0.6714983171875 0.484831546875 0.702687990625 0.484831546875 0.702687990625 0.4414471671875
1 0.23258922499999998 0.33629862187500004 0.214464646875 0.34675803906249997 0.21671605 0.84873813125 0.23743658750000002 0.83740735 0.23258922499999998 0.33629862187500004
1 0.30248148124999996 0.629238896875 0.3028148140625 0.665566615625 0.998877665625 0.10324808593749998 0.998877665625 0.0731439515625 0.30248148124999996 0.629238896875
1 0.46735802499999995 0.570036753125 0.47105275 0.6050168453125 0.6872794609375 0.42577029062499994 0.68435016875 0.39232312343750003 0.46735802499999995 0.570036753125
5 0.9001795734375 0.260630934375 0.9012446687500001 0.22327871406250002 0.6859775531250001 0.3910872890625 0.688243546875 0.4287166921875 0.9001795734375 0.260630934375
5 0.640914703125 0.7607274125 0.5110942765625001 0.7607274125 0.5110942765625001 0.855903521875 0.640914703125 0.855903521875 0.640914703125 0.7607274125
5 0.4836475875 0.8678560484375 0.35682379375 0.8678560484375 0.35682379375 0.9927871359375 0.4836475875 0.9927871359375 0.4836475875 0.8678560484375
5 0.2728787875 0.8846554359375001 0.147525253125 0.8846554359375001 0.147525253125 0.9519448703125001 0.2728787875 0.9519448703125001 0.2728787875 0.8846554359375001
5 0.2578844 0.2941883609375 0.147525253125 0.2941883609375 0.147525253125 0.3279249609375 0.2578844 0.3279249609375 0.2578844 0.2941883609375
5 0.35089225625 0.074425728125 0.2119809203125 0.074425728125 0.2119809203125 0.238774884375 0.35089225625 0.238774884375 0.35089225625 0.074425728125
5 0.64393939375 0.17921133281249998 0.5095061734375 0.17921133281249998 0.5095061734375 0.24039050468749998 0.64393939375 0.24039050468749998 0.64393939375 0.17921133281249998
5 0.617138046875 0.2883767234375 0.48842873124999997 0.2883767234375 0.48842873124999997 0.35407350625 0.617138046875 0.35407350625 0.617138046875 0.2883767234375
5 0.8233613921874999 0.5142189890625 0.699175084375 0.5142189890625 0.699175084375 0.575704440625 0.8233613921874999 0.575704440625 0.8233613921874999 0.5142189890625
5 0.9999943890624999 0.499295559375 0.8739674515625 0.499295559375 0.8739674515625 0.5925268 0.9999943890624999 0.5925268 0.9999943890624999 0.499295559375