2 0.41336069531249997 0 0.09820582343749999 0.80699223125 0.104356546875 0.8267306453125001 0.43112855781250004 0 0.41336069531249997 0
5 0.39390152343749996 0.23288685937500003 0.41510245 0.30092319375 0.44897500468749996 0.29055096874999997 0.427774078125 0.22251463437500002 0.39390152343749996 0.23288685937500003
5 0.3503152953125 0.60169805625 0.34920628125 0.603804096875 0.3612680296875 0.642511709375 0.414438465625 0.62623021875 0.389310153125 0.5455904234375 0.339362740625 0.56088498125 0.33986523750000003 0.5624975578125 0.338756221875 0.5646035984375 0.3503152953125 0.60169805625
0 0.4395191859375 0.27246038906250003 0.44610544374999994 0.2935964828125 0.4684581703125 0.2867517828125 0.4618719140625 0.26561568750000003 0.4395191859375 0.27246038906250003
3 0.21745427187500002 0.4715155203125 0.22493939531249998 0.49553618281249995 0.245673503125 0.48918712500000006 0.2381883828125 0.46516646250000004 0.21745427187500002 0.4715155203125
0 0.3065931875 0.294474896875 0.3017111609375 0.3117320796875 0.31816846249999997 0.3132857234375 0.32752986093750003 0.29222041718749997 0.3065931875 0.294474896875
5 0.5439765000000001 0 0.5504568203125 0.0207961296875 0.5718383765625 0.014248815625 0.567398278125 0 0.5439765000000001 0
4 0.32390612343749997 0.0692431484375 0.33299584375 0.0984131625 0.37089520625 0.0868078765625 0.36180548749999997 0.057637862500000005 0.32390612343749997 0.0692431484375
4 0.295402446875 0.32935697343750003 0.30453007187500003 0.358648625 0.33903428281250003 0.3480829796875 0.3299066578125 0.318791328125 0.295402446875 0.32935697343750003
5 0.256028153125 0.0409465546875 0.277794028125 0.110795878125 0.3131272890625 0.0999763671875 0.2913614140625 0.03012704375 0.256028153125 0.0409465546875
1 0.1850320578125 0.4159029828125 0.199446378125 0.462160275 0.21656425625 0.45691855312499996 0.2021499359375 0.41066126093750005 0.1850320578125 0.4159029828125
5 0.0761906328125 0.50571800625 0.09754858749999999 0.57425826875 0.12884714375 0.5646742375 0.1074891875 0.4961339734375 0.0761906328125 0.50571800625
5 0.0225846515625 0.5542670671875001 0.0453378453125 0.6272848125 0.0966914796875 0.61155965 0.0244393875 0.3796939515625 0.0155818609375 0.38240624375 0.0225846515625 0.5542670671875001
1 0.2089752640625 0.3502873796875 0.1993386296875 0.355214709375 0.2072675484375 0.36167167031249997 0.232458428125 0.3535042234375 0.23393410312500001 0.3416389703125 0.2231618265625 0.344506759375 0.2127275171875 0.292094959375 0.1910051921875 0.2950950765625 0.2089752640625 0.3502873796875
1 0.47008666562499996 0 0.32306854218750003 0.3621125046875 0.341754475 0.3568068546875 0.3415966140625 0.35775745312499996 0.48370546093750005 0 0.47008666562499996 0
1 0.12904652187500001 0.9059637609375001 0.3441830609375 0.3561570984375 0.3236898390625 0.3611919453125 0.1204628703125 0.8784177874999999 0.12904652187500001 0.9059637609375001
0 0.2845796109375 0.8412606765625 0.2700046734375 0.8327107609375 0.25532564999999996 0.8440665171875 0.2709791078125 0.8546147906250001 0.2845796109375 0.8412606765625
0 0.3018435453125 0.07381315000000001 0.3105235421875 0.1016683125 0.3309970921875 0.0953990390625 0.32231709531249997 0.0675438796875 0.3018435453125 0.07381315000000001
0 0.20862650624999998 0.44680831249999997 0.21333922656249998 0.461932003125 0.233907525 0.45563371718749995 0.2291948046875 0.44051002656250005 0.20862650624999998 0.44680831249999997
2 0.2814003796875 0.8720981999999999 0.1323451390625 0.916549421875 0.136065040625 0.928487034375 0.2926219203125 0.8802035640625 0.2999287015625 0.87106911875 0.23860735000000002 0.8257766484375001 0.22943638281249998 0.8378689203125 0.2814003796875 0.8720981999999999
4 0.267801046875 0.89196763125 0.2323540890625 0.9028219578125001 0.2403951359375 0.928626646875 0.2758420921875 0.9177723203125 0.267801046875 0.89196763125
5 0.3173647375 0.8414571875 0.316255721875 0.843563228125 0.3172608984375 0.8467889609375 0.31615267343750003 0.8488947609374999 0.33675796562500004 0.9150196375 0.4221523359375 0.8888707515625001 0.3980291984375 0.8114566859375 0.3174677875 0.8361256562499999 0.31797028437499997 0.8377382328125 0.3168620578125 0.83984403125 0.3173647375 0.8414571875
1 0.1592603515625 0.707902028125 0.1597630296875 0.7095151828125 0.1575450015625 0.7137272671875 0.1559342765625 0.7142204921875 0.15482544375 0.7163271140624999 0.155327940625 0.717939690625 0.1475677484375 0.732682996875 0.14807024687499998 0.7342955734375 0.14252711406250002 0.744826459375 0.1430296109375 0.7464390359374999 0.141920775 0.7485456562499999 0.1424232734375 0.7501582328125 0.141314259375 0.752264275 0.1397035359375 0.7527574984375 0.1402062140625 0.75437065625 0.1390972 0.756476696875 0.13959987812500002 0.7580898515625 0.1373826359375 0.76230169375 0.135771125 0.7627951609375 0.13466308124999998 0.7649015390625 0.135668075 0.7681266921875001 0.13234218125 0.774445734375 0.1328446796875 0.7760583125 0.131735665625 0.7781643546875 0.1322383421875 0.7797775078125 0.131129328125 0.7818835515625 0.13163200625 0.7834967046875 0.13052378125 0.7856025062499999 0.12891226718749998 0.7860959734375 0.12780404218750002 0.788201775 0.1283067203125 0.789814928125 0.12608869218750002 0.7940270125 0.1244779671875 0.7945202375 0.12498064687499999 0.79613339375 0.12276358750000001 0.800345815625 0.12326608593749999 0.8019583890625 0.11883099687500001 0.8103828984374999 0.117219484375 0.8108763625 0.11500242499999999 0.8150887859375 0.1155049234375 0.8167013609374999 0.112179028125 0.823020403125 0.113686703125 0.8278587109375 0.1125784765625 0.8299645124999999 0.114588828125 0.8364159734375001 0.11670204843750001 0.8375353234375 0.12636954375 0.8345750093750001 0.127478559375 0.8324689671875 0.1290892828125 0.8319757421875 0.13019811718750002 0.829869121875 0.12969562031249998 0.8282565453125 0.1341297390625 0.8198317015625 0.133627240625 0.818219125 0.1347362546875 0.8161130828125 0.13423357656249998 0.8144999296875 0.1364506359375 0.8102875078125 0.13806215 0.809794040625 0.139170375 0.8076882390625 0.1386678765625 0.8060756640625 0.143102784375 0.7976505781250001 0.14209778906249998 0.7944254265625 0.14320662343749999 0.7923188062500001 0.14270412500000001 0.790706228125 0.1504643203125 0.7759629218749999 0.149961821875 0.77435034375 0.15217888125 0.770137925 0.15379039375 0.7696444578125 0.15489861875 0.76753865625 0.154395940625 0.765925503125 0.156613790625 0.7617128375 0.1582245125 0.7612196124999999 0.15933352812499998 0.7591135703125 0.1583283515625 0.755887840625 0.1616544265625 0.749569375 0.1611519296875 0.7479568000000001 0.16225997187500002 0.7458504203125 0.16175747499999998 0.74423784375 0.16508355 0.73791938125 0.1666950625 0.7374259140625 0.1661925640625 0.7358133375 0.175061771875 0.7189639875 0.17455909375 0.71735083125 0.180102228125 0.7068199468749999 0.17959973125 0.7052073703125 0.1807087453125 0.703101328125 0.17819589687499998 0.6950372921875 0.1653061640625 0.698984296875 0.16198009062500002 0.7053027609375 0.160368578125 0.7057962265625 0.1592603515625 0.707902028125
5 0.29711498281250004 0.674522621875 0.2648910515625 0.6843900171875 0.28901418749999996 0.7618040828125 0.3212381203125 0.7519366875 0.29711498281250004 0.674522621875
0 0.1116479875 0.6853810953125 0.1105399421875 0.687487475 0.1165706375 0.7068407015625 0.1375163515625 0.700426846875 0.13098297812499998 0.6794604640624999 0.12131548125 0.6824207796875 0.119201471875 0.6813016703125 0.11114548906249999 0.68376851875 0.1116479875 0.6853810953125
0 0.11631983906250001 0.609750209375 0.10727361718749999 0.5807197890625 0.08793941562499999 0.5866401781249999 0.0868304 0.58874621875 0.095374125 0.616164065625 0.11631983906250001 0.609750209375
4 0.080864359375 0.751341375 0.1100066 0.7424176359375 0.100960559375 0.7133877953125001 0.07181831718750001 0.7223115359375 0.080864359375 0.751341375
5 0.2107005 0.7257173124999999 0.22829026562500002 0.782164996875 0.2304036671875 0.7832849265624999 0.23140884218750002 0.7865106578125001 0.2668558015625 0.7756563296875 0.2462505078125 0.7095314546875 0.2124150625 0.719892315625 0.211306228125 0.7219989375 0.2118087265625 0.7236115140625 0.2107005 0.7257173124999999
3 0.30969247499999997 0.879139921875 0.30014375625 0.8484969265625001 0.25825232656249997 0.8613246359375 0.25714349375 0.8634312578125 0.2661895328125 0.8924610984375001 0.30969247499999997 0.879139921875
5 0.3184130328125 0.95243695625 0.30182844375 0.899215003125 0.2889387125 0.903162009375 0.286721653125 0.9073744312500001 0.3023010671875 0.957370653125 0.3184130328125 0.95243695625
0 0.27643439375 0.7497562515625 0.25871170625 0.7551831734375 0.2667527515625 0.7809878625 0.28447544062499996 0.7755609406249999 0.27643439375 0.7497562515625
0 0.2713841453125 0.21246332343750002 0.2504384296875 0.218877178125 0.2564693046875 0.2382309828125 0.2774150203125 0.2318171296875 0.2713841453125 0.21246332343750002
1 0.27621638125 0.40355239374999996 0.276719059375 0.40516555 0.2722839703125 0.41359005625 0.27278646875 0.4152026328125 0.2716784234375 0.41730901249999997 0.2700669109375 0.41780247812500004 0.268957896875 0.41990851874999996 0.269460575 0.421521675 0.2683523484375 0.4236274765625 0.26885484531250003 0.4252400515625 0.2644199390625 0.43366513749999996 0.2649224375 0.4352777125 0.2604883171875 0.44370255625 0.260990815625 0.4453151328125 0.2587729640625 0.4495277953125 0.2571622421875 0.4500210203125 0.256053228125 0.45212706249999995 0.25655590781250004 0.45374021875 0.25212160781250004 0.46216448281250005 0.252624284375 0.46377763749999995 0.2515152703125 0.4658836796875 0.25201776875 0.46749625625 0.24869169375000003 0.4738147203125 0.24969686875 0.47704045156249997 0.2474798109375 0.48125287187500004 0.24586829687499998 0.4817463390625 0.24476007187499998 0.483852140625 0.24526275000000003 0.4854652953125 0.24082766093750002 0.4938898 0.241330159375 0.49550237812500003 0.24022132499999999 0.4976089984375 0.240723821875 0.499221575 0.23407246406249999 0.5118582625 0.23457514218750003 0.513471415625 0.23346612812499998 0.5155774578125001 0.23396880625 0.5171906125 0.2295345046875 0.5256148781250001 0.23003718437499998 0.5272280328125001 0.226711109375 0.5335464984375 0.22771610468749998 0.53677165 0.24382807031249998 0.5318379531249999 0.2593494265625 0.502351671875 0.2588469296875 0.5007390968750001 0.26106399062499996 0.496526675 0.2605614921875 0.4949140984375 0.2649956109375 0.4864892546875 0.26449311249999996 0.48487667968750003 0.2733623203125 0.468027328125 0.2728596421875 0.466414175 0.2750776734375 0.46220209062500006 0.2766883953125 0.461708865625 0.2761857171875 0.4600957109375 0.27729473125 0.45798966874999997 0.27628955624999996 0.4547639375 0.28072464531249997 0.4463394296875 0.28022196718750003 0.4447262765625 0.2813301921875 0.442620475 0.2808275140625 0.4410073203125 0.28526260312499996 0.4325828140625 0.28476010625 0.43097023749999996 0.288085390625 0.424652015625 0.2875827125 0.4230388609375 0.2931266359375 0.4125077328125 0.2926241390625 0.41089515781249997 0.29373218125 0.40878877812500003 0.29534369374999997 0.40829531093749993 0.294841196875 0.4066827359375 0.2959502140625 0.4045766921875 0.295447534375 0.40296353749999997 0.296555759375 0.4008577375 0.2925352375 0.38795539218749997 0.284479253125 0.390422240625 0.2789361203125 0.400953128125 0.27732460625 0.40144659374999997 0.27621638125 0.40355239374999996
5 0.095965525 0.6407164046875 0.0653523140625 0.6500905734375 0.0854549296875 0.7146022953125 0.11606813906249999 0.705228125 0.095965525 0.6407164046875
1 0.2133037625 0.5641518859375 0.21380644062499998 0.5657650421875 0.21048036718750002 0.5720835046875 0.210982865625 0.5736960796874999 0.2098738484375 0.5758021234374999 0.2103765265625 0.5774152781249999 0.207050453125 0.5837337421875 0.2075529515625 0.58534631875 0.2064449078125 0.5874526984374999 0.2069474046875 0.5890652734375 0.20472955625 0.5932779375 0.20311883281249998 0.5937711625000001 0.20200981875 0.5958772031249999 0.202512496875 0.5974903609375 0.19807819531249998 0.6059146234375 0.19858069375 0.6075272 0.19636284375 0.6117398640625 0.194752121875 0.6122330890625001 0.1952548 0.6138462437500001 0.1941457859375 0.6159522859375001 0.19464828437499998 0.6175648625 0.1902141640625 0.62598970625 0.1907166609375 0.6276022828125 0.1862817515625 0.6360273671875001 0.18678425 0.6376399421875 0.1790240578125 0.6523832515625 0.17952655625 0.653995828125 0.1784175390625 0.65610186875 0.1789202171875 0.657715025 0.17448592031250001 0.6661392890625 0.1749885984375 0.6677524453125 0.170553509375 0.6761769515625 0.1710561875 0.67779010625 0.16883894531250002 0.6820019484375 0.167227434375 0.6824954140624999 0.16611938906249998 0.6846017953125 0.1676270640625 0.6894401015625 0.1665180484375 0.69154614375 0.167020728125 0.6931592984375 0.163694653125 0.6994777640625001 0.186251878125 0.6925704421875001 0.1857492 0.6909572859375 0.186857425 0.6888514859375 0.18585225 0.6856257546875 0.1880701 0.681413090625 0.189680821875 0.6809198656250001 0.189178325 0.679307290625 0.199156546875 0.6603519 0.19865386875 0.6587387421875001 0.20308816875 0.6503144796875 0.20258548906249998 0.648701321875 0.2059115640625 0.642382859375 0.205409065625 0.640770284375 0.20651808124999999 0.638664240625 0.20601540312500002 0.6370510859375 0.21377577812499998 0.6223083578125 0.21327309843750003 0.6206952015625 0.21438211406250002 0.6185891609375 0.21387961562500002 0.6169765843749999 0.21498845156250002 0.6148699625 0.21448595468749998 0.6132573875 0.21559399687499997 0.61115100625 0.217205509375 0.610657540625 0.21831373437499998 0.6085517406250001 0.2178112375 0.6069391640624999 0.22224614531250003 0.598514078125 0.2217436484375 0.596901503125 0.22396070781250002 0.5926890796875 0.22557222187499998 0.5921956140625 0.22668044531249998 0.5900898140625 0.22567526875000002 0.5868640828125 0.23011017812499998 0.578438996875 0.22960768125 0.576826421875 0.2307166953125 0.5747203796875 0.2302140171875 0.573107225 0.2313222421875 0.5710014234375 0.23293375468750002 0.5705079578125 0.2324310765625 0.5688948015624999 0.23353930156249997 0.5667890015625 0.233036803125 0.565176425 0.2341456375 0.5630698046875 0.233643140625 0.561457228125 0.23475215624999998 0.5593511859375 0.236362878125 0.5588579609375001 0.23284485312499997 0.54756819375 0.22156663437500002 0.5510217328125 0.2193495734375 0.5552341546874999 0.2177380609375 0.555727621875 0.2133037625 0.5641518859375
0 0.168304275 0.9295019171875 0.1876392640625 0.9235812875 0.18311624375 0.9090663671874999 0.16861500000000001 0.913506840625 0.167506775 0.9156126406249999 0.16428375 0.9165995718750001 0.168304275 0.9295019171875
0 0.3130932359375 0.731463771875 0.32012910625 0.75404273125 0.33946409843750003 0.7481221 0.33142323125 0.7223179890625 0.3169219875 0.7267584625 0.3158137640625 0.7288642624999999 0.31420225 0.7293577296875 0.3130932359375 0.731463771875
1 0.1593320171875 0.9516828 0.15822300312499998 0.9537888406249999 0.1533892546875 0.955269 0.1512760328125 0.9541496484374999 0.1446902296875 0.9561663078124999 0.1482082546875 0.9674560765625 0.28852432656250004 0.9244894406249999 0.2870164734375 0.9196505531250001 0.2881254875 0.9175445109375 0.2871203109375 0.9143187796875001 0.288229325 0.9122127375 0.2656721 0.9191200593750001 0.264563084375 0.9212261015625 0.238783621875 0.9291201140625001 0.2366704015625 0.9280007640625 0.2355613875 0.9301068046875001 0.1614452359375 0.9528021515624999 0.1593320171875 0.9516828
0 0.3387524109375 0.9497422999999999 0.3342293890625 0.9352273796875 0.318117425 0.9401610765624999 0.3159003640625 0.9443734984375001 0.31941820781249997 0.9556626874999999 0.3387524109375 0.9497422999999999
3 0.40285336875000005 0 0.410127475 0.0233434875 0.445574434375 0.0124891609375 0.44168266406249995 0 0.40285336875000005 0
1 0.2838697140625 0.7792793171875 0.28225820156250003 0.7797727828125 0.28115015625 0.7818791640625 0.27470489531250003 0.7838527875 0.2787254171875 0.7967551312500001 0.277616403125 0.7988611734375 0.278621578125 0.802086903125 0.2775133546875 0.8041927046874999 0.2780160328125 0.8058058609375 0.2769070171875 0.8079119015625 0.27791219375 0.8111376328125001 0.27680396875 0.8132434328124999 0.277306646875 0.8148565890624999 0.2750886171875 0.819068671875 0.2718663828125 0.8200553640624999 0.269753159375 0.8189360140625 0.2681416484375 0.8194294781250001 0.25968621718749996 0.8149522203125 0.2591835390625 0.813339065625 0.254956128125 0.8111000265625 0.2544536296875 0.80948745 0.25022621875 0.8072484109375001 0.2497237203125 0.8056358343750001 0.24811220781249999 0.8061292999999999 0.24589515 0.810341721875 0.2484079984375 0.8184057609375 0.2505220078125 0.81952486875 0.2515271859375 0.8227506 0.2536404046875 0.8238699531250001 0.255251915625 0.8233764859375 0.25736513906249997 0.8244958359375 0.25897665000000003 0.8240023703125001 0.265318071875 0.8273605203125 0.26582075 0.8289736734375 0.2679347609375 0.8300927843749999 0.26944243437500004 0.834931090625 0.2715558359375 0.8360510203124999 0.27256101093749996 0.8392767531249999 0.27678903125 0.8415149703125 0.2772917078125 0.8431281265624999 0.2857463515625 0.8476056249999999 0.2862488484375 0.8492182015624999 0.288363040625 0.8503378906249999 0.2888655375 0.851950465625 0.297320359375 0.8564285453125 0.310210090625 0.8524815406249999 0.3087024171875 0.847643234375 0.30447500625 0.84540419375 0.3028634953125 0.845897659375 0.2986360828125 0.8436586203124999 0.29813358437500004 0.8420460437499999 0.2965220734375 0.8425395109375 0.29018065000000004 0.8391813609375 0.28817029843749997 0.8327298984375 0.286057078125 0.8316105484375 0.2840467265625 0.8251590875 0.2851549515625 0.8230532859374999 0.2867664640625 0.8225598203125 0.2878753 0.8204531984375001 0.291097534375 0.8194665078125001 0.2922065484375 0.817360465625 0.2938172734375 0.8168672406249999 0.2949262875 0.8147611984375001 0.294423609375 0.8131480421875 0.2955318328125 0.8110422421875001 0.29502933593749997 0.8094296671875 0.29613816875 0.8073230453125 0.295635671875 0.8057104687500001 0.2978527328125 0.801498046875 0.2923245359375 0.7837573953125 0.2902113140625 0.7826380453125 0.28970863750000003 0.781024890625 0.2875946265625 0.7799057796875 0.2859831140625 0.780399246875 0.2838697140625 0.7792793171875
0 0.9406082734375 0.8308135046875 0.9567202390625 0.8258798078125 0.9511920437500001 0.8081391578125 0.9399138234375 0.8115926968749999 0.9388048093749999 0.8136987390625 0.935582575 0.8146854296875 0.9406082734375 0.8308135046875
5 0.23596706093750003 0.1667745765625 0.20535464062500003 0.17614850312500002 0.22897528125000002 0.25194999375 0.2595877015625 0.242576065625 0.23596706093750003 0.1667745765625
1 0.3979023203125 0.10305437656250001 0.3962908078125 0.10354784375 0.3967934859375 0.105160996875 0.394576425 0.10937341874999999 0.39507892187500004 0.1109859953125 0.39396990781249996 0.11309203906250001 0.3923591875 0.1135852640625 0.3928618640625 0.11519841718749999 0.39175285 0.1173044609375 0.3922553484375 0.1189170359375 0.3911465125 0.12102365781249999 0.39164901093750004 0.122636234375 0.39054078593749997 0.1247420328125 0.3889292734375 0.1252355 0.38782122812500003 0.127341878125 0.3883237265625 0.1289544546875 0.3838888171875 0.137379540625 0.3843913140625 0.13899211718749999 0.3777391671875 0.15162904531250002 0.3761284421875 0.1521222703125 0.3750196078125 0.154228890625 0.37552210625 0.1558414671875 0.369978971875 0.166372353125 0.3704814703125 0.16798493125 0.3660473515625 0.1764097734375 0.3665498484375 0.1780223515625 0.3632237734375 0.1843408140625 0.3637264515625 0.18595396875 0.3592913640625 0.194378475 0.35979404375 0.1959916296875 0.3520336671875 0.2107343578125 0.3525363453125 0.21234751406250002 0.3503183171875 0.2165595984375 0.3508209953125 0.218172753125 0.34527786250000003 0.2287036390625 0.34779071093749997 0.23676767656250003 0.3671257015625 0.230847046875 0.3666230234375 0.22923389218749998 0.3710573234375 0.2208096265625 0.37055464531250004 0.219196471875 0.371663659375 0.21709042968749998 0.3706584828125 0.21386469843749997 0.373984559375 0.207546234375 0.3755960703125 0.20705276874999998 0.3811392046875 0.1965218828125 0.38063670781250003 0.19490930625 0.3817447515625 0.192802928125 0.3833562640625 0.1923094609375 0.3844644890625 0.190203659375 0.3839619921875 0.188591084375 0.3883969015625 0.18016599687499998 0.387894403125 0.1785534234375 0.392328521875 0.1701285796875 0.3918260234375 0.16851600312499998 0.395152096875 0.16219753750000002 0.3946494203125 0.160584384375 0.39575843437499997 0.158478340625 0.39525593593749997 0.15686576562500001 0.40412514374999997 0.140016415625 0.4036224671875 0.1384032609375 0.40805676718750006 0.12997899531249998 0.40755408906249996 0.128365840625 0.4108801625 0.1220473765625 0.4103776640625 0.1204347984375 0.4114864984375 0.1183281796875 0.41098400156250003 0.116715603125 0.41541909062500004 0.1082910953125 0.41491641250000005 0.106677940625 0.418241696875 0.1003597203125 0.4147236703125 0.0890699515625 0.401833940625 0.09301695625 0.39961688125 0.09722937968749999 0.40011955937500004 0.098842534375 0.3979023203125 0.10305437656250001
4 0.38466027812500003 0 0.3513211984375 0.0102088671875 0.35465186875 0.02089739375 0.39170954999999996 0.009549842187500001 0.38873370625 0 0.38466027812500003 0
5 0.10680329531249999 0.32999467031249996 0.1073057921875 0.33160724531249997 0.1061967765625 0.3337132859375 0.10669945624999999 0.33532644375 0.105590440625 0.337432484375 0.11011346250000001 0.3519474046875 0.1122276515625 0.35306709375 0.1162481765625 0.3659694390625 0.11513916093750001 0.3680754796875 0.1302160765625 0.416459125 0.2268894546875 0.386856459375 0.1987457921875 0.2965400484375 0.105295440625 0.3251557828125 0.10579811718750001 0.32676893749999997 0.10791133906249999 0.3278882890625 0.10680329531249999 0.32999467031249996
1 0.43998490625000003 0 0.4321822046875 0.014823590624999999 0.43057069375 0.015317057812500002 0.4261363921875 0.023741321875 0.42663907031250003 0.025354478125000003 0.42220398281250004 0.033778982812500004 0.423209159375 0.0370047140625 0.419883084375 0.043323178125 0.42038558281249994 0.0449357546875 0.4192775375 0.047042134375 0.4197800359375 0.048654709375 0.4153451265625 0.057079796875 0.4158476234375 0.058692371875 0.41363056406250004 0.06290479375 0.41201905156249996 0.063398259375 0.4109108265625 0.065504059375 0.4114135046875 0.0671172140625 0.4080874296875 0.0734356796875 0.40858992812499995 0.07504825625 0.40415501875000004 0.083473340625 0.40465751718750004 0.0850859171875 0.4002232171875 0.09351018125 0.40072589531249997 0.0951233359375 0.39961688125 0.09722937968749999 0.4011245546875 0.1020676859375 0.418848034375 0.096640521875 0.41995705 0.09453447968749999 0.42156777031250003 0.09404125468749999 0.42378483125 0.08982883281250001 0.42328233437499996 0.0882162578125 0.4243911671875 0.0861096359375 0.4238886703125 0.084497059375 0.428323759375 0.076072553125 0.42782108125 0.0744593984375 0.435581453125 0.05971666875 0.43507877656250005 0.05810351406249999 0.4372958359375 0.0538910921875 0.4389073484375 0.053397625000000004 0.4400155734375 0.0512918265625 0.4395130765625 0.04967925 0.4428391515625 0.0433607859375 0.442336471875 0.04174763125 0.4434454875 0.039641589062499996 0.44244031093749997 0.0364158578125 0.4468746109375 0.027991592187499997 0.44637193281250004 0.0263784375 0.447480946875 0.0242723953125 0.44697845 0.022659818749999998 0.45030434374999995 0.016340775 0.44980184687499997 0.0147282 0.454236753125 0.006303114062499999 0.4537342546875 0.0046905390625000005 0.456203225 0 0.43998490625000003 0
4 0.3128566546875 0.7986707296875 0.3096344171875 0.799657421875 0.308525403125 0.8017634640625 0.30369165468750003 0.8032436203125 0.3127378765625 0.832274040625 0.353018584375 0.8199395546874999 0.3434698640625 0.789296559375 0.3193019125 0.79669710625 0.3181928984375 0.7988031484375 0.31497066406249996 0.7997898390625 0.3128566546875 0.7986707296875
0 0.1253078234375 0.5592975484375 0.12419880781249999 0.561403590625 0.1252039828125 0.564629321875 0.12731799375 0.5657484312500001 0.149875221875 0.5588411109375 0.14283935 0.5362621515625 0.1218936375 0.5426760078124999 0.12390380781250002 0.5491268890625001 0.12279497343750001 0.5512335109375 0.1253078234375 0.5592975484375