4 0.14388362187499998 0.3808760453125 0.13053863125 0.4498833234375 0.1804680296875 0.458131628125 0.1938130203125 0.38912435156249997 0.14388362187499998 0.3808760453125
4 0.15896084375 0.28626144375 0.15709643906249998 0.28757139062500003 0.1546702390625 0.3001173296875 0.1559279453125 0.3019446359375 0.1553215453125 0.3050803515625 0.2052509421875 0.31332865625 0.20711422812500002 0.31201852343750003 0.2198525203125 0.24614850000000002 0.16836303749999998 0.23764247031250002 0.16649863125 0.23895241875 0.1610392359375 0.26718308749999997 0.162297240625 0.26900885625000004 0.15896084375 0.28626144375
4 0.11642204062499999 0.66442274375 0.174152978125 0.6739598578125 0.1887110671875 0.5986796140624999 0.13098013125000002 0.589142496875 0.12916033437500002 0.598552721875 0.1272970484375 0.599862853125 0.1151651578125 0.6625971609375 0.11642204062499999 0.66442274375
4 0.2378221671875 0.6860959171875 0.2229605796875 0.7629455562499999 0.2838116828125 0.7729981203125 0.2986732703125 0.6961484812500001 0.2378221671875 0.6860959171875
4 0.35368631875 0.20352086093750002 0.295956503125 0.19398393125 0.2823083125 0.2645590640625 0.2835651953125 0.2663846484375 0.3397349265625 0.275663853125 0.35368631875 0.20352086093750002
5 0.569992346875 0.7668653 0.5715535515625 0.7671232109375 0.5728101359375 0.7689503296875 0.57437021875 0.7692080546875 0.575627103125 0.7710336390625 0.5771871859375 0.7712913640625 0.579701775 0.7749442515625 0.5843820265625 0.7757174265625 0.5856389078124999 0.777543009375 0.5918803640625 0.77857409375 0.593137246875 0.780399675 0.596258534375 0.780915309375 0.5975151203125 0.78274243125 0.5990752031250001 0.78300015625 0.6003320859375 0.7848257390625 0.6050134578125 0.785599096875 0.606270340625 0.78742468125 0.6156319640625 0.7889712156249999 0.617495246875 0.7876610828125 0.619056453125 0.7879189906249999 0.620313334375 0.7897445750000001 0.62655366875 0.790775475 0.627811671875 0.79260124375 0.6636980765625 0.7985296546875 0.6655613609375 0.797219521875 0.67492298125 0.7987660546875001 0.6761798671875 0.8005916375 0.688662775 0.8026538078125001 0.6905260609375 0.8013436734375 0.69208614375 0.8016013984375 0.7054311328125 0.732594121875 0.569685934375 0.7101691 0.5608901421875 0.7556523562499999 0.565918496875 0.7629564109375 0.5674785796874999 0.763214134375 0.569992346875 0.7668653
0 0.21983929062500002 0.762429921875 0.2125603953125 0.8000692765625 0.26561108125 0.8088332171875001 0.2728899765625 0.7711938625 0.21983929062500002 0.762429921875
0 0.07229580937499999 0.57621040625 0.100380675 0.5808500078125001 0.108266271875 0.5400734 0.0770612375 0.5349183484375 0.07038874218749999 0.5694219875 0.0716456265625 0.5712475703125001 0.071038928125 0.5743848218750001 0.07229580937499999 0.57621040625
0 0.6692850140625 0.7363336578124999 0.6708450984375001 0.7365913843749999 0.6721028046875 0.7384186890625 0.7048690421875 0.7438316515625 0.7130581359375 0.7014856468749999 0.6709302765625 0.6945261515625 0.6639545796874999 0.7305976484375 0.666468046875 0.7342503515625001 0.6680281328125 0.734508075 0.6692850140625 0.7363336578124999
5 0.3205884359375 0 0.2953022828125 0.1307553125 0.29781575312499997 0.134408015625 0.29937695625 0.1346659265625 0.300633840625 0.1364915109375 0.302193921875 0.1367492359375 0.3047073921875 0.14040193750000002 0.35307670625 0.1483925171875 0.35493999062500003 0.1470823859375 0.35619799375 0.148908153125 0.40924755937499996 0.1576719078125 0.43973898437500003 0 0.3205884359375 0
4 0.6425587953125 0.9827779609375 0.6407093359375 0.9923415640625001 0.6939635921875 0.99172189375 0.6985977734375 0.9677584343750001 0.6455470875 0.95899449375 0.6413010890625 0.9809506546875 0.6425587953125 0.9827779609375
0 0.607450415625 0.9478455218749999 0.5934074218750001 0.945525628125 0.5918908234375 0.9533679921875 0.590027540625 0.954678125 0.5882077421874999 0.9640883484374999 0.58634445625 0.9653984812499999 0.5842214578125 0.9763765624999999 0.58547804375 0.9782036828124999 0.5845681453125 0.9829087937500001 0.5858250265625 0.984734375 0.5873851109375 0.9849921015625 0.592828284375 0.9928987109375 0.6150477390625 0.9926401640625 0.6185912640625 0.9901473390625 0.6228372640625001 0.9681911765625 0.6212771781249999 0.9679334515625 0.62002059375 0.9661063328124999 0.618460509375 0.9658486078124999 0.6172025062500001 0.9640228375 0.615642421875 0.9637651125 0.6081006 0.9528083578125001 0.608707296875 0.9496711046874999 0.607450415625 0.9478455218749999
0 0.25262196718749996 0.309825521875 0.2260971859375 0.3054436453125 0.21790809218749999 0.347789646875 0.21916497499999998 0.34961522968750003 0.24412967343749997 0.3537393828125 0.25262196718749996 0.309825521875
0 0.17685533125 0.193728609375 0.1692729375 0.23293735781249997 0.197357803125 0.23757696250000002 0.20494019687499998 0.19836821093749998 0.17685533125 0.193728609375
0 0.448669675 0.994576146875 0.4517271796875 0.9787657203125001 0.41116052343750004 0.9720641343749999 0.40777597187500003 0.9895657343750001 0.4388006015625 0.9946909843749999 0.448669675 0.994576146875
5 0.12146085625 0.8465206953125 0.24784443281250002 0.8673991843750001 0.2596728265625 0.8062342734374999 0.12860787812500002 0.784582425 0.117992584375 0.8394743671875 0.120507471875 0.84312571875 0.12020397187500001 0.8446951140625 0.12146085625 0.8465206953125
3 0.18450213124999998 0.5122077484374999 0.17449353750000002 0.5639624375000001 0.22286285156250002 0.5719530171875 0.23287144531249998 0.5201983296875 0.18450213124999998 0.5122077484374999
3 0.5075478359375001 0.9232503578125 0.5094114171874999 0.9219386859375 0.515652871875 0.9229697703124999 0.525358265625 0.8727829421875001 0.4941521125 0.8676277046875001 0.48384002031250006 0.9209517875 0.5041233468749999 0.9243025812500001 0.50598663125 0.9229924484375 0.5075478359375001 0.9232503578125
1 0.33113309687500003 0.6448652421875 0.332693178125 0.6451229671875 0.3352066484375 0.6487756703125 0.33490344843750003 0.650343528125 0.3364646515625 0.6506014375 0.344006475 0.6615581953125 0.34370297656250004 0.663127590625 0.3562731546875 0.6813884 0.357833240625 0.681646125 0.359090121875 0.6834717078125 0.36065020625 0.6837294328125 0.364421678125 0.6892079046874999 0.3659817609375 0.6894656296874999 0.36723864375000004 0.6912912125 0.368798728125 0.6915489375 0.3763405515625 0.7025056937499999 0.37790175625 0.7027636046875 0.3804152234375 0.7064163078125001 0.3819753078125 0.7066740328125001 0.3857467796875 0.712152503125 0.38730686406250003 0.712410228125 0.3923352171875 0.7197142828125 0.3938953015625 0.7199720078125 0.397665653125 0.7254502921875 0.397362453125 0.7270181499999999 0.40239080781250003 0.7343222046875 0.402087309375 0.7358915984375 0.40364739375 0.7361493234375 0.404905396875 0.73797509375 0.404602196875 0.7395429499999999 0.40585878124999997 0.7413700703125 0.40741886562499996 0.7416277953125 0.41244722031250003 0.7489318500000001 0.4140073046875 0.7491895734375 0.419035659375 0.756493628125 0.42059574062499994 0.7567513546875 0.4218526265625 0.7585769359375 0.423412709375 0.7588346609375 0.4271841796875 0.76431313125 0.42874426562499995 0.76457085625 0.43251461718749995 0.7700491421875 0.43407582187499993 0.770307053125 0.43533240624999997 0.7721341734375 0.4368924890625 0.7723918984375 0.44066396250000006 0.77787036875 0.44222404531250004 0.77812809375 0.449766165625 0.7890833125000001 0.45132625 0.7893410375000001 0.4588680734375 0.8002977953125001 0.46042815625 0.8005555203125001 0.46294274687500003 0.8042084078125 0.4645028296875 0.8044661328125 0.47078777031249996 0.8135973062499999 0.47234785312499994 0.8138550312499999 0.47486162031249995 0.817506196875 0.47642282343750003 0.8177641078125 0.4927633546875 0.8415032046875 0.4943234375 0.8417609296874999 0.4968380265625 0.8454138171875 0.49839811093749997 0.8456715421875 0.49965499375 0.847497125 0.5012150765625 0.8477548515625 0.5037296671875 0.8514077375 0.50528975 0.8516654640624999 0.50654663125 0.8534910453125001 0.5096668 0.8540064953125001 0.5109248046875 0.8558322640625 0.520286425 0.8573787984375001 0.5257455234374999 0.829149665625 0.5244875203125 0.8273238984375 0.521367353125 0.82680845 0.518853884375 0.8231557468749999 0.5172938015625 0.8228980218749999 0.513522328125 0.81741955 0.51196224375 0.8171618265625 0.5081907718750001 0.8116833531250001 0.5066306890625001 0.8114256281250001 0.49657427500000006 0.796815984375 0.4950141921875 0.796558259375 0.483701721875 0.780124753125 0.482140515625 0.7798668453125 0.48088393125 0.7780397234375 0.48118713125 0.776471865625 0.4799302484375 0.7746462828125 0.4783701640625 0.774388559375 0.47459869218749995 0.7689100859375 0.473038609375 0.7686523609375 0.47052514062500006 0.764999659375 0.46896505624999996 0.764741934375 0.46519358593750004 0.7592634625 0.4654967859375 0.7576956046875 0.45292660781249994 0.73943479375 0.451366521875 0.73917706875 0.45010964062500003 0.7373514859375 0.44854955625 0.7370937625 0.44729184999999994 0.73526645625 0.44573176718749996 0.73500873125 0.4419614171875 0.7295304453125 0.4404002109375 0.7292725359375 0.4353729765625 0.7219686671875001 0.43381177343750005 0.7217107578124999 0.4325548890625 0.7198851734375 0.43099480625000003 0.7196274484375 0.42219609843750006 0.706845109375 0.4206360171875 0.706587384375 0.41560795937500006 0.6992817921875 0.41404787499999995 0.6990240671875 0.40776263593750006 0.68989443125 0.406202553125 0.6896367062500001 0.40243108124999993 0.6841582359375 0.40087099843749996 0.6839005109375 0.39835640781250004 0.6802476234375 0.396796325 0.6799898984375 0.3955394421875 0.6781643140625 0.393979359375 0.6779065890625 0.39146589062500003 0.6742538875 0.3899046859375 0.6739959765625 0.38739091875 0.6703448109375 0.3858308375 0.6700870875 0.383316246875 0.6664341984375 0.3817561640625 0.6661764734375 0.3804992796875 0.664350890625 0.38080277812499996 0.6627814937500001 0.3792426953125 0.6625237687500001 0.3779858140625 0.6606981875 0.3764246078125 0.6604402781250001 0.3751677265625 0.6586146953124999 0.373607640625 0.6583569703125 0.3673227015625 0.6492257953125 0.3657626171875 0.6489680703125 0.3632491484375 0.6453153671875 0.36168794375 0.6450574578125 0.3516323546875 0.6304495359375 0.350072271875 0.6301918093750001 0.3437873296875 0.6210606375000001 0.3281842546875 0.61848301875 0.3245446578125 0.6373034625 0.3258015390625 0.639129046875 0.32736162343749997 0.6393867703125 0.33113309687500003 0.6448652421875
3 0.3424452703125 0.661300284375 0.3174816921875 0.65717631875 0.3068664 0.7120682578124999 0.3287098109375 0.7156767765625001 0.33243637812500004 0.713056509375 0.3424452703125 0.661300284375
5 0 0.5950176875000001 0.0899378296875 0.6098753593749999 0.096913525 0.5738038640625 0 0.5577938109375 0 0.5950176875000001
5 0.2791902375 0.3223074890625 0.2788870359375 0.323875346875 0.280145040625 0.3257011140625 0.3472375984375 0.3367847625 0.353909796875 0.3022826640625 0.2852560328125 0.2909411046875 0.281010034375 0.31289726562500003 0.2791467515625 0.3142074 0.27793365 0.32048036875 0.2791902375 0.3223074890625
3 0.24442241406249998 0.1773776265625 0.24130224843749998 0.1768621765625 0.24004536562499998 0.17503659375 0.2384841609375 0.1747786828125 0.2372275765625 0.1729515625 0.23410740937500002 0.17243611406249998 0.21530302343750002 0.2696740578125 0.258990965625 0.27689127812500003 0.2777953515625 0.179653334375 0.2528306515625 0.17552918125 0.2491037875 0.1781509859375 0.247543703125 0.1778932609375 0.2456793 0.17920320781250001 0.24442241406249998 0.1773776265625
4 0.2191018375 0.74126844375 0.21940533593749997 0.73969905 0.21814845468750002 0.737873465625 0.177580678125 0.73117169375 0.177277478125 0.7327395531249999 0.1754138953125 0.7340512218749999 0.1745039953125 0.738756334375 0.1726407109375 0.7400664671875 0.1714276125 0.7463394375 0.1695632078125 0.7476493859375 0.1689565078125 0.7507866390625 0.16709322499999998 0.752096771875 0.1582977296875 0.7975784906250001 0.21758875 0.8073733296875 0.23063024375 0.7399354484375 0.2243887875 0.7389043656250001 0.223782090625 0.74204161875 0.22191880468749997 0.74335175 0.220358721875 0.7430940265625 0.2191018375 0.74126844375
1 0.1920410390625 0.464898909375 0.19329792343750002 0.466724490625 0.192994425 0.46829388749999995 0.19802277968749998 0.475597940625 0.1977195796875 0.47716580000000003 0.19897616406250002 0.47899291875000005 0.19867296406249998 0.4805607765625 0.19992984687499998 0.48238635937499996 0.19962635 0.48395575468749996 0.20465470468750002 0.49125980937499997 0.204351503125 0.49282766718750004 0.20812185468750002 0.49830595312500003 0.2078186546875 0.4998738109375 0.21410359375 0.5090049859375 0.215663678125 0.509262709375 0.21817826562499998 0.512915596875 0.217875065625 0.51448345625 0.21913195000000002 0.5163090375 0.2206920328125 0.5165667625 0.22320550312499998 0.5202194671875 0.22290230156250002 0.5217873234375 0.22416030468749998 0.52361309375 0.2257203875 0.5238708187500001 0.23074844687499999 0.531176409375 0.2323085296875 0.5314341328125 0.23607888125 0.53691241875 0.23763896406249999 0.5371701437499999 0.24015385 0.5408214953125 0.2417139359375 0.5410792203125 0.24297052031250002 0.542906340625 0.2426673203125 0.5444741984375 0.245181909375 0.5481270859375 0.2448787078125 0.5496949453125 0.246135590625 0.5515205265625001 0.24769567499999998 0.5517782515625 0.253980615625 0.5609094265625 0.2555406984375 0.5611671515625 0.2605690546875 0.56847120625 0.2621291359375 0.5687289296875 0.265900609375 0.5742073999999999 0.26746069375000003 0.574465125 0.2724890484375 0.58176918125 0.27404913125 0.5820269046875 0.2753060140625 0.5838524859375 0.2768660984375 0.5841102109375 0.28189415625 0.5914158046875 0.2834542390625 0.5916735296875 0.2972813015625 0.611759921875 0.298841384375 0.612017646875 0.3038697375 0.6193217 0.3054298234375 0.619579425 0.3066864078125 0.6214065453125001 0.3082476125 0.62166445625 0.3095044953125 0.6234900390625 0.3110645796875 0.6237477640625 0.31232146250000004 0.625573346875 0.3120179640625 0.6271427421875 0.31357804843750003 0.627400465625 0.3148360515625 0.629226234375 0.316396134375 0.629483959375 0.3201664859375 0.6349622453125 0.321727690625 0.6352201562500001 0.322984571875 0.6370457375 0.3245446578125 0.6373034625 0.3258015390625 0.639129046875 0.32736162343749997 0.6393867703125 0.32861820937499997 0.641213890625 0.328315009375 0.6427817484375 0.335857953125 0.6537386921875 0.33741803593749997 0.6539964171875 0.33993150625 0.6576491203125 0.3459976 0.6262811968750001 0.344740715625 0.6244556140624999 0.3450439171875 0.62288775625 0.3412724453125 0.6174092859375 0.339712359375 0.6171515609375 0.338455775 0.615324440625 0.33689569218750004 0.615066715625 0.333123921875 0.60958978125 0.33156383906250003 0.60933205625 0.32905036875000004 0.6056793546875 0.3274902859375 0.6054216296875 0.323718815625 0.5999431562499999 0.32215873125 0.5996854328125 0.3209018484375 0.5978598515625 0.31934064375000004 0.5976019406249999 0.3105419359375 0.5848196 0.30898185312500004 0.584561875 0.3052103828125 0.5790834046875 0.3055138796875 0.577514009375 0.3039537953125 0.577256284375 0.30269691249999997 0.5754307015625 0.30300011250000003 0.57386284375 0.2967151734375 0.56473166875 0.2970183734375 0.5631638109375 0.2932469015625 0.5576853390625 0.2935501015625 0.5561174828125 0.28475169375 0.5433336046874999 0.28319160781249997 0.5430758796874999 0.28193472656249996 0.5412502984375 0.2803746421875 0.5409925734375001 0.27786005468749997 0.537339684375 0.27629997031250003 0.537081959375 0.27378620625 0.5334307921875 0.272225 0.533172884375 0.27096841562499996 0.5313457640625 0.26940833125 0.5310880390625 0.2656365625 0.5256111046874999 0.2640764765625 0.5253533796875 0.2628198921875 0.5235262609375 0.2596997265625 0.523010809375 0.2584428421875 0.521185228125 0.2568816375 0.5209273171875 0.2543681703125 0.5172746140625 0.25280808593750004 0.5170168890625 0.2477797328125 0.5097128343749999 0.24621964687500003 0.5094551093749999 0.2386778234375 0.498498353125 0.2389810234375 0.49693049531250005 0.23742094218749998 0.49667277031249996 0.2286211140625 0.48389024531249997 0.2289246109375 0.4823208515625 0.2276677296875 0.4804952671875 0.2261076453125 0.48023754218750003 0.21730893906249998 0.467455203125 0.215747734375 0.46719729218749995 0.2119773828125 0.46171900624999995 0.21041729999999997 0.46146128124999997 0.209159296875 0.4596355140625 0.2075992125 0.45937779062499995 0.2063426265625 0.45755066875 0.20478254218749997 0.45729294375 0.201011071875 0.45181447343750003 0.19789090468749998 0.451299021875 0.1960273234375 0.4526106953125 0.195420921875 0.455746409375 0.1935573390625 0.45705808125 0.1920410390625 0.464898909375
3 0.5115811140625001 0.9773247546875 0.508379309375 0.9938813625 0.550337525 0.993393134375 0.552148890625 0.9840265265625 0.5115811140625001 0.9773247546875
3 0.262651778125 0.60765709375 0.256282484375 0.6405928734375 0.281247184375 0.6447170265625 0.287616478125 0.611781246875 0.262651778125 0.60765709375
1 0.7192812125 0.991427296875 0.7241675734374999 0.9772519796875001 0.2065881765625 0.3749331953125 0.1983745 0.419039015625 0.6849528125 0.9918267437500001 0.7192812125 0.991427296875
1 0.13527050937500001 0 0.124240278125 0.03823335625 0.15823827343750002 0.044417671874999995 0.167864996875 0.1534935890625 0.2151820296875 0.12911636875000002 0.18125831718750002 0.0083429421875 0.166928446875 0 0.13527050937500001 0
1 0.184882065625 0.1532687703125 0.162407446875 0.11806946562500001 0.1020056140625 0.440755228125 0.1282947703125 0.448586284375 0.1303752171875 0.450877853125 0.184882065625 0.1532687703125
2 0.1918394859375 0.513672084375 0.244563459375 0.2218135625 0.28220090937500003 0.204034875 0.275584146875 0.172775015625 0.22735525937499998 0.202064821875 0.16869965 0.497767140625 0.18256319375000002 0.5435547765625001 0.569953421875 0.9931648828125 0.6162501140625001 0.992626171875 0.1918394859375 0.513672084375