2 0.10025892343750001 0.0416779296875 0.0743498359375 0.059064003125 0.057527967187499994 0.22231220000000002 0.061344704687499994 0.240734271875 0.8051045734375 0.9505034609375 0.817074646875 0.9473521140625 0.846639175 0.6913247890625 0.8382706437499999 0.6780122109375 0.7784365125 0.7186624046875 0.7830398828125 0.729116746875 0.8353244734375 0.6943218875 0.80969151875 0.9353960734375001 0.06831943593749999 0.228528321875 0.0828128359375 0.0686927515625 0.10486085 0.05423985 0.10025892343750001 0.0416779296875
5 0.8642698609374999 0.70552635625 0.9248758296874999 0.7094240234375 0.926901265625 0.690084503125 0.866295296875 0.6861868359375001 0.8642698609374999 0.70552635625
5 0.6584053765625 0.6469452484375 0.7286063625 0.6514599875 0.732358284375 0.615635425 0.6621573 0.6111206859375 0.6584053765625 0.6469452484375
5 0.407223796875 0.7568220421875 0.4794671984375 0.76146813125 0.482684015625 0.7307529203125 0.41044061562499995 0.7261068296875 0.407223796875 0.7568220421875
5 0.2619708203125 0.8133292515624999 0.510305965625 0.8293000875000001 0.5156348984375 0.778417725 0.267299753125 0.7624468906249999 0.2619708203125 0.8133292515624999
0 0.460198628125 0.7290135281250001 0.48536164375 0.7306318015625 0.48770018593750003 0.708302678125 0.46253716875000006 0.7066844015625 0.460198628125 0.7290135281250001
0 0.0403373890625 0.0796928078125 0.057552890625 0.0807999640625 0.0597835234375 0.05950115625 0.042568023437500005 0.058394 0.0403373890625 0.0796928078125
0 0.013447187499999999 0.27007661562499996 0.0203734953125 0.2705220578125 0.0227827921875 0.24751731718749997 0.015856484375 0.247071875 0.013447187499999999 0.27007661562499996
0 0.0921397234375 0.384087453125 0.1214369265625 0.3859716046875 0.12380819218750001 0.3633300078125 0.0945109875 0.36144585625 0.0921397234375 0.384087453125
0 0.40626949375 0.607387503125 0.4216215265625 0.6083748156250001 0.42360893125 0.5893984390625 0.40825690000000003 0.588411125 0.40626949375 0.607387503125
0 0.33370488125 0.32332516875 0.3561467375 0.3247684421875 0.3584472453125 0.3028024625 0.3360053890625 0.301359190625 0.33370488125 0.32332516875
0 0.8085979921875 0.9807734015625 0.8110096515624999 0.9577461109375 0.7930968921875 0.9565941109375 0.7905451953125 0.9809585296875 0.7932288875 0.981131121875 0.8085979921875 0.9807734015625
5 0.6212847234375001 0.9814199984374999 0.6636788250000001 0.9841464328124999 0.6937172875 0.9834472796875 0.6988582265625001 0.9343599515625 0.624980896875 0.9296087796875 0.619746778125 0.979585815625 0.6212847234375001 0.9814199984374999
5 0.8252119953125 0.6527484421875 0.826930459375 0.6528589593749999 0.8284678781249999 0.6546922609375 0.8989095109375 0.6592224765625 0.908475321875 0.5678850453125001 0.8208533593749999 0.5622499359375001 0.8118290187499999 0.648417209375 0.8133663468749999 0.650251353125 0.8236746671875 0.6509142984375 0.8252119953125 0.6527484421875
5 0.2772456703125 0.6660862171875 0.278782996875 0.6679203625000001 0.34578831875 0.6722295828125 0.355895603125 0.575721996875 0.25281115781249996 0.5690924703125 0.2427038734375 0.6656000546875 0.2444217203125 0.6657105328124999 0.2463200875 0.6640973421874999 0.2772456703125 0.6660862171875
4 0.8439514906250001 0.7545809109375 0.843771059375 0.7563037328125 0.8712603265625001 0.7580716125 0.8752309796875 0.720158553125 0.8477417125000001 0.7183906734375001 0.8450344375000001 0.7442406015625 0.84313606875 0.745853790625 0.8424141640625 0.7527467671875 0.8439514906250001 0.7545809109375
4 0.8315984468750001 0.922076778125 0.8276277078125001 0.9599906828125 0.8499628140625 0.9614270906250001 0.853933553125 0.9235131859375001 0.8315984468750001 0.922076778125
0 0.7155154015625 0.5936447515625 0.7135300328125 0.612601703125 0.7393014531250001 0.61425910625 0.7412868234375 0.595302153125 0.7155154015625 0.5936447515625
0 0.21798070625000002 0.48877950312499996 0.22657117656249998 0.4893319703125 0.22846954687499998 0.4877187828125 0.2308158703125 0.465315340625 0.20848076093749998 0.46387893281250003 0.206314959375 0.4845587078125 0.207852903125 0.4863928921875 0.2164433765625 0.48694535781250003 0.21798070625000002 0.48877950312499996
0 0.6817642828125 0.9159112531250001 0.6795984796875 0.9365910265625 0.7019335875 0.9380274343749999 0.7040993890625 0.917347659375 0.6817642828125 0.9159112531250001
5 0.6676975328125 0.6703777468750001 0.663546359375 0.710014475 0.7391415359375 0.7148761218749999 0.743292709375 0.6752393953125 0.6676975328125 0.6703777468750001
0 0.490936265625 0.7561666921875 0.48858985468749994 0.778570978125 0.5177975874999999 0.780449375 0.5201439984375 0.758045090625 0.490936265625 0.7561666921875
1 0.6363380875 0.755108615625 0.6361576546875 0.7568314359375 0.637875503125 0.7569419140625 0.644026134375 0.7642777265625 0.6457439843749999 0.764388203125 0.6488193437499999 0.7680556859375 0.648638821875 0.7697793515625 0.6501762390625 0.7716126531249999 0.651894703125 0.77172316875 0.65804471875 0.7790589406249999 0.6597625671875 0.7791694171875 0.6613005109375 0.7810036 0.661120078125 0.7827264234375 0.6641954390625 0.7863939046875 0.6659132875 0.7865043828125 0.6720633031250001 0.79384015625 0.67378176875 0.793950671875 0.6753191828125 0.7957839703125 0.677037646875 0.7958944890625 0.6816503359375 0.801396115625 0.683368184375 0.8015065937499999 0.6895188171875 0.8088424046875 0.6912366640625 0.80895288125 0.6973873859374999 0.8162878484375 0.6991052343749999 0.816398325 0.7052552484375 0.8237340968750001 0.7069737140625 0.8238446156249999 0.7192744484375 0.83851535 0.7227107640625 0.8387363453125 0.724248090625 0.8405704890625 0.7328385640625 0.8411229562500001 0.73473693125 0.8395097671875 0.7364547781249999 0.8396202468749999 0.7383537625 0.838007096875 0.7387147171875 0.834560609375 0.737176771875 0.8327264265625001 0.737357203125 0.831003603125 0.7358198765624999 0.829169459375 0.7360003078124999 0.8274466374999999 0.7342824593749999 0.8273361593749999 0.728131828125 0.8200003484374999 0.7264139796875 0.8198898703124999 0.7218012921875 0.8143882453125 0.7200828265625 0.8142777265625 0.7170080859375 0.8106102843749999 0.71528961875 0.8104997656249999 0.7106769328125 0.804998140625 0.708959084375 0.8048876625 0.705883721875 0.8012201781250001 0.7060642421875001 0.7994965109375001 0.704526915625 0.79766236875 0.70280845 0.7975518515625 0.690507628125 0.7828819578124999 0.6887897781250001 0.78277148125 0.684177090625 0.7772698546875 0.6824586265625 0.7771593375 0.6809212984374999 0.7753251921875 0.6792034515625 0.775214715625 0.67305281875 0.767878903125 0.67133496875 0.7677684250000001 0.66518425 0.760433459375 0.6634664015625 0.7603229812500001 0.6588537140625 0.75482135625 0.65713525 0.7547108375 0.6540605046875 0.7510433937500001 0.652342040625 0.750932878125 0.6508047140625 0.7490987328125 0.6509851453125 0.7473759125 0.64944781875 0.7455417671875 0.647729353125 0.7454312515625 0.6415792484375 0.7380963234375 0.6398607843749999 0.7379858078125 0.63371076875 0.7306500359375 0.6251202953125 0.73009756875 0.6238569187499999 0.7421607 0.630006934375 0.7494964703125 0.6317253984375 0.7496069875 0.6363380875 0.755108615625
5 0.0996648421875 0 0.09797940468750001 0.0160930875 0.1010547640625 0.0197605703125 0.1697779328125 0.0241802671875 0.17231034375 0 0.0996648421875 0
5 0.5411286375000001 0.7888892359375 0.53751885 0.8233566531250001 0.607959865625 0.827886828125 0.6115696546875 0.7934194125 0.5411286375000001 0.7888892359375
1 0.5196683953125001 0.6469772453125 0.521386859375 0.6470877640625 0.5229241859375 0.6489219078125 0.522743665625 0.650645575 0.524461515625 0.6507560515625 0.5321495625 0.6599251609375 0.533867409375 0.6600356406250001 0.5369427703125 0.6637031234374999 0.53676225 0.665426790625 0.5384807140625 0.66553730625 0.54001813125 0.6673706046875 0.5417359796875 0.6674810828125 0.5478866109375 0.6748168953125 0.549604459375 0.674927371875 0.555755178125 0.6822623390625 0.5574730265625 0.682372815625 0.5605482984375 0.68604114375 0.5603678671875 0.6877639640625001 0.5619051953125 0.689598109375 0.5636236593749999 0.6897086265625 0.566698403125 0.6933760703125 0.566517884375 0.6950997359375 0.5682363484375 0.6952102546875001 0.57438645 0.7025451796875 0.5761049171875 0.7026556984375001 0.57764224375 0.7044898421875 0.5793600921875 0.7046003203125 0.5808980359375 0.706434503125 0.582615884375 0.7065449796875 0.59337929375 0.719381571875 0.5950971421875 0.7194920515625001 0.6012478625 0.7268270171875 0.602965709375 0.72693749375 0.6045030359375 0.7287716375 0.6062215015625 0.72888215625 0.6123715171875 0.7362179281250001 0.61408998125 0.7363284453125 0.6156273984375 0.73816174375 0.61734524375 0.738272221875 0.618883190625 0.7401064046875 0.6206010375 0.7402168812500001 0.623676396875 0.7438843671875001 0.6271127109375 0.7441053625 0.62909808125 0.7251484078125 0.621410034375 0.7159792984375 0.6196915671875 0.71586878125 0.6135414640625 0.7085338546875 0.6118229984375 0.7084233375 0.610285671875 0.7065891921875 0.608567825 0.7064787156250001 0.6039551375000001 0.7009770875 0.602236671875 0.7008665703125 0.5899359343749999 0.6861958328125 0.5882180875 0.68608535625 0.5836053999999999 0.680583728125 0.5818869359375001 0.6804732109375 0.5788121921875 0.67680576875 0.577093725 0.6766952515625 0.5724810390624999 0.6711936234375 0.5707631921874999 0.671083146875 0.5646124703125001 0.6637481796875 0.5628946218750001 0.663637703125 0.5567439890625 0.6563018921875 0.5550261421875 0.656191415625 0.548875509375 0.648855603125 0.5471576625 0.648745125 0.5410075578125 0.6414101984375 0.5392890921875 0.64129968125 0.5331389875 0.6339647546875 0.5297026765624999 0.6337437593749999 0.5250899875 0.628242134375 0.523372140625 0.62813165625 0.521834196875 0.626297471875 0.511525875 0.6256345265625 0.5102624984374999 0.637697659375 0.511799825 0.639531803125 0.513518290625 0.63964231875 0.5196683953125001 0.6469772453125
0 0.7450976484375 0.6580052640625 0.7158905328125 0.656126909375 0.7139051640625 0.6750838609375001 0.715442490625 0.6769180046875001 0.7429317578125 0.6786858828125 0.7450976484375 0.6580052640625
5 0.3525046421875 0.36036880937500004 0.3544036265625 0.358755659375 0.3587352296875 0.3173961109375 0.279703740625 0.31231346875 0.2757330890625 0.350226528125 0.27880783125 0.353893971875 0.27862731093750004 0.3556176390625 0.3525046421875 0.36036880937500004
4 0.7805423984375001 0.64987566875 0.808031665625 0.6516435484375 0.8123633578125 0.6102831546874999 0.781437778125 0.60829428125 0.77999388125 0.622081078125 0.781531296875 0.6239143781250001 0.7790044546875 0.648041484375 0.7805423984375001 0.64987566875
0 0.91500689375 0.6706676796875 0.9130215234374999 0.68962463125 0.9302024703124999 0.690729565625 0.9321878421875001 0.6717726140625 0.91500689375 0.6706676796875
1 0.37939361250000003 0.5165095875 0.3824689734375 0.52017706875 0.3841868203125 0.520287546875 0.38572415000000004 0.5221216906249999 0.38554371718749997 0.5238445140625 0.38726218125 0.52395503125 0.38879950937499996 0.5257891734375 0.39051735625 0.525899653125 0.3920553015625 0.5277338359375 0.3937731484375 0.5278443140625 0.3953111828125 0.529677653125 0.3951306625 0.5314013171874999 0.40281809218750003 0.5405703890625 0.4045365578125 0.54068090625 0.41068666093750006 0.5480158328125 0.4124051265625 0.54812635 0.42009246874999995 0.557296265625 0.421810934375 0.557406784375 0.42334835000000004 0.5592400828125 0.4231678296875 0.5609637484375 0.42488629375000003 0.5610742656250001 0.426423709375 0.562907565625 0.42814155625000005 0.56301804375 0.434292190625 0.5703538531250001 0.4360100375 0.57046433125 0.442160759375 0.5777992984375 0.44387860625000003 0.577909775 0.4484912953125 0.5834114031250001 0.450209759375 0.5835219203124999 0.4517470859375 0.5853560640625 0.453464934375 0.5854665421874999 0.4550028796875 0.587300725 0.456720728125 0.5874112015625 0.4597960875 0.5910786859375 0.45961565625 0.59280150625 0.461333503125 0.5929119859374999 0.4674841359375 0.6002477953125 0.47091983125 0.60046875 0.4755331359375 0.6059704171875 0.477250984375 0.6060808953125 0.4803263453125 0.609748378125 0.4820441921875 0.60985885625 0.48665688124999995 0.6153604828125 0.48837534375 0.615471 0.492988034375 0.6209726265625 0.49470588125 0.6210831046874999 0.496243296875 0.6229164046875 0.4982285796875 0.603960296875 0.4905412359375 0.5947903812499999 0.4888227703125 0.5946798640625001 0.48728535624999997 0.5928465640625 0.487465875 0.5911228984375 0.48592784218749996 0.5892895593749999 0.48420999531250003 0.58917908125 0.4780599796875 0.5818433109375001 0.476341515625 0.5817327921875 0.4701914109375 0.5743978656250001 0.46847294687499996 0.5742873484375 0.46232293125 0.5669515781250001 0.4606050828125 0.5668411015625 0.4544543609375 0.5595061343750001 0.45273651406250004 0.55939565625 0.44658588125 0.552059846875 0.4448680328125 0.5519493671875 0.440255346875 0.5464477421875 0.43853687968750005 0.5463372234375 0.436999553125 0.54450308125 0.43356324218750003 0.5442820859374999 0.4274131375 0.536947159375 0.425694671875 0.5368366421874999 0.4226193125 0.533169159375 0.422799834375 0.5314454921875 0.42126241562500005 0.52961219375 0.41954456875 0.529501715625 0.41339393593749996 0.522165903125 0.4116760890625 0.5220554265625 0.4070634 0.5165538 0.4053449359375 0.5164432828125001 0.40380752031249995 0.5146099828125 0.40208967187500005 0.5144995046874999 0.40055172812500006 0.5126653218749999 0.376498771875 0.5111184375 0.3763182515625 0.512842103125 0.37785566875 0.514675403125 0.3776751484375 0.5163990703125 0.37939361250000003 0.5165095875
3 0.7901910703125 0.9541133703125 0.8211166515625001 0.9561022453125 0.82544834375 0.914741853125 0.7893686015625 0.9124215046874999 0.7857589015625 0.9468880765625001 0.788833559375 0.950556365625 0.7886531265625 0.9522791875 0.7901910703125 0.9541133703125
1 0.752785696875 0.667174375 0.7526051765624999 0.6688980421874999 0.7556805359375 0.6725655234375 0.7625525453125 0.6730074734375 0.7640904890625 0.6748416578125 0.770962496875 0.6752836078125 0.7725004421875 0.677117790625 0.7742182890625 0.67722826875 0.7772936515625 0.680895753125 0.776571746875 0.6877887296874999 0.7746727609375 0.6894018796875 0.7729549125 0.6892914015625 0.77105654375 0.6909045890625001 0.7693380796875 0.690794071875 0.7674398 0.692406415625 0.7640034874999999 0.6921854203125 0.7583078546875 0.697024103125 0.7565900078125 0.6969136265625 0.7546910203125 0.698526775 0.7545105875 0.700249596875 0.752612221875 0.7018627859375 0.7520707484375 0.7070329421875 0.7536081640625001 0.708866240625 0.7553266296875 0.7089767578124999 0.7568639578125 0.7108109 0.762018115625 0.7111423734375 0.7639164843749999 0.7095291859375 0.7690712625 0.7098606968750001 0.776665175 0.703409671875 0.778383640625 0.7035201875 0.7821802890625 0.7002946546875 0.7838987515625 0.7004051734375001 0.7857971218750001 0.6987919828125 0.7875149703125001 0.6989024609375 0.7894139546875001 0.6972893109375 0.794568115625 0.697620784375 0.7964663953125 0.696008440625 0.7981848593749999 0.6961189562500001 0.800083228125 0.69450576875 0.8004441796874999 0.6910592796875 0.809937078125 0.6829951046875 0.8116549265625 0.68310558125 0.821147825 0.67504140625 0.8227722421875001 0.6595309421875 0.8189749781250001 0.6627564359375 0.8172571312500001 0.6626459578125 0.8134598640625 0.66587145 0.8117420171875 0.6657609734375 0.811561496875 0.667484640625 0.8058658624999999 0.6723233234375 0.8041473984374999 0.6722128046875 0.8003507515624999 0.6754383374999999 0.7951959734375 0.6751068265625 0.79365855625 0.6732735265625001 0.791940709375 0.67316305 0.78425275 0.66399309375 0.7825349015625 0.6638826156250001 0.77638418125 0.65654765 0.774666334375 0.6564371718750001 0.770053028125 0.65093550625 0.761463171875 0.650383078125 0.7538685546874999 0.656834909375 0.7521507062499999 0.65672443125 0.75124828125 0.665341075 0.752785696875 0.667174375
5 0.15169799374999998 0.47757649999999996 0.1477272515625 0.5154904046875 0.2301944390625 0.520794003125 0.23416517812499998 0.4828800984375 0.15169799374999998 0.47757649999999996
3 0.8130188671875 0.7196272921875 0.8473807593749999 0.7218371609374999 0.8527953984375 0.6701364578125 0.8184335062500001 0.667926590625 0.81753108125 0.6765432328125 0.8156327125 0.678156421875 0.8114815390624999 0.7177931484375 0.8130188671875 0.7196272921875
0 0.090766959375 0.1179918203125 0.0753044765625 0.116997403125 0.073138675 0.1376771765625 0.074676003125 0.1395113203125 0.0884206359375 0.14039526093750002 0.090766959375 0.1179918203125
0 0.5783295421875 0.5327731796874999 0.6247176046875 0.5357564703125 0.6262555484375001 0.5375906546875 0.6503085046875 0.5391375390625 0.6569865203125 0.4753737046875 0.56936455625 0.46973859375 0.5630475796875001 0.5300550953125 0.566122853125 0.5337234234375 0.576431175 0.53438636875 0.5783295421875 0.5327731796874999
0 0.7677554890625 0.904091278125 0.7780638109375 0.904754221875 0.7799620890625001 0.903141878125 0.7823084125 0.8807384359375 0.7807710859375 0.8789042921875 0.767026453125 0.878020353125 0.7666654984375 0.8814668421875 0.7628681453125 0.88469318125 0.7616047671875 0.8967563109375 0.7677554890625 0.904091278125
3 0.6179871921875 0.781687753125 0.6317324421875 0.7825717328125 0.634800759375 0.7532744703125 0.6141835 0.7519485421875001 0.6120176078124999 0.7726291609375 0.6135550249999999 0.774462459375 0.6133745046875 0.776186125 0.6179871921875 0.781687753125
1 0.406969265625 0.5009336625 0.40850729843750005 0.5027670015625 0.4083267796875 0.50449066875 0.4100446265625 0.5046011453125 0.4131199859375 0.5082686296875 0.414837834375 0.5083791062499999 0.41791319531250004 0.512046590625 0.4196310421875 0.5121570671875 0.42116898750000004 0.51399125 0.422886834375 0.514101728125 0.427499521875 0.5196033546875001 0.427319090625 0.5213261765625 0.42903755468749993 0.52143669375 0.43365024375 0.526938321875 0.4353680921875 0.5270488 0.43690603437500003 0.528882984375 0.43862388281250003 0.5289934609375 0.4401612109375 0.5308276046875 0.44187967656250005 0.530938121875 0.4480297796875 0.53827305 0.44974824687500004 0.538383565625 0.4512855734375 0.540217709375 0.451105140625 0.5419405312500001 0.4528229875 0.5420510078125 0.4543609328125 0.54388519375 0.4560787796875 0.5439956703125 0.45761619531250003 0.5458289703125 0.4593346625 0.5459394875 0.47009736406249997 0.5587768859375 0.4718158296875 0.558887403125 0.47642851718749996 0.5643890296875 0.47624808593749995 0.5661118515625 0.4823981 0.573447621875 0.48583441406250005 0.5736686171875001 0.4935224625 0.582837728125 0.495240309375 0.5829482046875001 0.49985299687499996 0.5884498328125 0.5015714625000001 0.5885603500000001 0.5138721984375 0.6032310875 0.5155900453125 0.6033415640625 0.5171279906249999 0.605175746875 0.5188458390624999 0.6052862250000001 0.5203832546875 0.607119525 0.5221017203125 0.6072300421875 0.52671440625 0.61273166875 0.5284322546875 0.6128421453125 0.53304494375 0.618343775 0.53476340625 0.618454290625 0.5455262000000001 0.6312908453125 0.5472446640624999 0.6314013625 0.548781990625 0.6332355046875 0.5504998390625 0.6333459828125 0.55511314375 0.63884765 0.5568309921875 0.638958128125 0.5599063515625 0.6426256109375 0.5616241984375 0.6427360890625 0.5662368890625 0.648237715625 0.5679553515625 0.648348234375 0.57410545625 0.6556831609375 0.575823921875 0.655793678125 0.580436609375 0.6612953046875 0.5855907703125001 0.6616267765625 0.587128096875 0.6634609203124999 0.5888465625 0.6635714375 0.590383890625 0.66540558125 0.5902034578124999 0.667128403125 0.591740784375 0.6689625484375 0.59101888125 0.675855525 0.592737346875 0.6759660421875 0.5942746734375 0.6778001859375 0.5977109859375 0.6780211796875 0.6038610890625 0.6853561078125 0.60368056875 0.6870797734375 0.6067559296875 0.69074725625 0.608473778125 0.690857734375 0.6100117218750001 0.6926919171875 0.6117295703125001 0.69280239375 0.6163422578125 0.6983040234375 0.6180607218749999 0.6984145390625 0.6195981374999999 0.7002478390625 0.6213159859374999 0.7003583156250001 0.630541978125 0.711361609375 0.6322598265625 0.7114720890624999 0.6337971546875 0.71330623125 0.6423876265625 0.7138586984375 0.643925659375 0.7156920390625 0.6456435078125 0.7158025171875 0.6471808359375 0.7176366609375 0.6470003156249999 0.7193603265624999 0.6531510359375 0.7266952921875001 0.6529705156250001 0.728418959375 0.6546883640625001 0.7285294375 0.6685271328125 0.7450335124999999 0.67024498125 0.7451439921875 0.6733202515625 0.74881231875 0.6750381015625 0.748922796875 0.676575515625 0.7507560953125 0.6800118296875 0.750977090625 0.6815497734375 0.7528112734375 0.683267621875 0.75292175 0.6955683578125 0.7675924890625 0.69728620625 0.7677029656250001 0.7018995109375 0.7732046328125 0.701719078125 0.77492745625 0.706331765625 0.78042908125 0.7080496140625 0.780539559375 0.7095869421875001 0.782373703125 0.7130232546874999 0.7825946984375001 0.7160986140625 0.7862621812499999 0.71591809375 0.7879858484375 0.7236061421875 0.797154959375 0.725323990625 0.7972654359375 0.7314747109375 0.8046004015625 0.7331925578125 0.8047108812499999 0.7393425734375 0.8120466515625001 0.7410610375 0.8121571671875 0.7533617765625 0.8268279046875 0.7550796234375 0.8269383828124999 0.7673803593749999 0.8416091203124999 0.769098821875 0.8417196375 0.770636153125 0.84355378125 0.772354 0.8436642593749999 0.776966775 0.8491650406250001 0.7786852421875 0.8492755593749999 0.783297928125 0.8547771859375001 0.785015775 0.8548876640625 0.7865537203125 0.8567218484374999 0.78827156875 0.8568323250000001 0.7913469281250001 0.8604998078125 0.7930647765625001 0.860610284375 0.7946027203125 0.86244446875 0.7963205703125 0.862554946875 0.797857984375 0.864388246875 0.79957645 0.8644987640625 0.8011137765624999 0.8663329078125 0.8028316249999999 0.866443384375 0.8059069859375001 0.8701108671875 0.8093432984375 0.8703318624999999 0.810880625 0.8721660078125 0.8143169390624999 0.872387 0.8148584109374999 0.867216846875 0.808708396875 0.859881075 0.808888828125 0.8581582546875 0.8073508828125 0.8563240703125 0.8075313156249999 0.8546012484375 0.8044560437499999 0.8509329203125 0.804636475 0.8492101 0.8030991484375001 0.8473759546874999 0.8013813000000001 0.847265478125 0.7906178921875 0.8344288843750001 0.7907984124999999 0.8327052171875 0.7890805640624999 0.8325947390625 0.786005203125 0.8289272578125001 0.7842873546875 0.8288167796874999 0.7781367234375 0.8214809687500001 0.776418875 0.8213704906249999 0.7718060984374999 0.815869709375 0.770087634375 0.8157591906249999 0.76855030625 0.8139250468749999 0.766832459375 0.81381456875 0.762219153125 0.8083129031249999 0.76050130625 0.808202425 0.7543506734375 0.8008666140624999 0.7526328265625 0.8007561359375 0.7464827234375 0.793421209375 0.74476425625 0.7933106921874999 0.738614153125 0.785975765625 0.7368956890625 0.7858652484374999 0.7353583593749999 0.7840311062499999 0.7336405125 0.7839206265625001 0.7274898796875 0.7765848171874999 0.7257720328125 0.776474340625 0.7226966734375 0.7728068546875 0.720978825 0.772696378125 0.7194408796875 0.7708621953125 0.71772303125 0.7707517171875 0.714647671875 0.7670842343750001 0.712929825 0.7669737578125 0.7083171375 0.7614721296875 0.7065986718749999 0.7613616125 0.70198589375 0.7558608296875 0.700268046875 0.755750353125 0.6956553609375 0.7502487265625 0.6939368953125 0.750138209375 0.6923995671875 0.7483040640625 0.69068171875 0.7481935875 0.689143775 0.746359403125 0.6874259265625 0.746248925 0.68281315 0.7407481437500001 0.6810946859375 0.740637625 0.6749446703124999 0.733301853125 0.6732262046875 0.7331913359375 0.66861351875 0.727689709375 0.6668956703125 0.7275792328125 0.66074495 0.720244265625 0.6590271015625 0.7201337890625 0.6574897734375 0.71829964375 0.6540534609375 0.71807865 0.644828084375 0.7070753953125 0.6450085171875 0.7053525734375 0.6403958281250001 0.699850946875 0.64057635 0.6981272796875 0.6344256296874999 0.690792315625 0.6327077812499999 0.6906818359375 0.629632509375 0.687013509375 0.6279140437499999 0.6869029906249999 0.6233012671875 0.6814022093750001 0.62158341875 0.68129173125 0.6200460921875 0.6794575875 0.6183276281250001 0.6793470703125 0.6167903 0.6775129265625 0.615071834375 0.677402409375 0.6119970921875 0.6737349640625 0.6016881546875 0.6730719796875 0.600150828125 0.6712378375 0.5967145125 0.6710168421875 0.5951770984375 0.66918354375 0.595899090625 0.662289721875 0.594361675 0.660456421875 0.592643209375 0.6603459046875 0.5895685562499999 0.6566776171875001 0.5897489874999999 0.6549547953125 0.5882110421875 0.6531206109375 0.5885719953125 0.6496741234375001 0.58703466875 0.6478399796875001 0.5872151 0.64611715625 0.5854966359375 0.6460066390625 0.5731958984375 0.631335903125 0.57147805 0.631225425 0.563790090625 0.6220554703125 0.56207224375 0.6219449921875 0.5589968843750001 0.6182775109375 0.5591773140625 0.6165546875000001 0.5576399875 0.6147205437500001 0.555921521875 0.614610025 0.54977141875 0.6072751000000001 0.5463351046875 0.6070541046875 0.544797778125 0.6052199593750001 0.5430793125 0.60510944375 0.5261658890625001 0.5849370796875 0.5244480406250001 0.5848266 0.5229100984375 0.5829924171875 0.52119225 0.582881940625 0.5165794734375 0.5773811578125 0.514861625 0.5772706796875 0.5087109937500001 0.5699348703125 0.5069931453125001 0.5698243921875 0.502379840625 0.564322725 0.5006619921875 0.5642122484375001 0.4991245765625 0.5623789484375 0.49740611250000005 0.5622684312499999 0.4958687859375 0.5604342875 0.4941509359375 0.560323809375 0.48953763281249996 0.5548221421874999 0.48781978437499995 0.5547116640625 0.475519046875 0.540040928125 0.4738011984375 0.5399304500000001 0.4691885125 0.5344288234375 0.46747004687500004 0.5343183046875 0.45978199843749995 0.5251491953125 0.45806414999999995 0.5250387171875001 0.4565268234375 0.5232045734375 0.45480835781250006 0.5230940562499999 0.45327094375000004 0.5212607578124999 0.4534514625 0.519537090625 0.4519140484375 0.5177037906249999 0.45019558125000003 0.5175932750000001 0.44250762187500003 0.5084233203124999 0.440789775 0.5083128421875001 0.4392523578125 0.5064795421875 0.439432878125 0.5047558750000001 0.437714415625 0.504645359375 0.4361769984375 0.502812059375 0.4344585328125 0.5027015421875001 0.42830851875000003 0.49536577031249995 0.426590053125 0.495255253125 0.40967662968749996 0.47508288906249996 0.3804695125 0.47320453125000006 0.3820068421875 0.47503867499999997 0.38372530625 0.47514919375 0.4052514171875 0.5008231859375 0.406969265625 0.5009336625
0 0.6115696546875 0.7934194125 0.6137354562499999 0.7727396390625 0.59140035 0.77130323125 0.5895954999999999 0.7885365171875 0.5911335328125 0.79036985625 0.5909530109375 0.7920935234375001 0.6115696546875 0.7934194125
5 0.033955215625 0.8586346718750001 0.031247940624999998 0.8844846000000001 0.096534796875 0.8886833031249999 0.099242071875 0.8628333734375 0.033955215625 0.8586346718750001
0 0.8290439546874999 0.8143457906249999 0.82832205 0.8212387671875 0.829859378125 0.8230729109375 0.8296789453125 0.8247957328125001 0.8312168906249999 0.826629915625 0.843243059375 0.8274033375000001 0.8459503343750001 0.8015534093750001 0.8304878515624999 0.8005589921875 0.8301269 0.8040054796874999 0.8316643171875 0.8058387781249999 0.830942325 0.8127326015625 0.8290439546874999 0.8143457906249999