2 0.40822586875000005 0.5836243718749999 0.3292068921875 0.7328454984375 0.8969631031249999 0.6302931375 0.2279518953125 0.0254621265625 0.180199175 0.0338615 0.8415580031250001 0.6222813890625 0.3814695796875 0.7063095500000001 0.438308484375 0.6066307953125001 0.40822586875000005 0.5836243718749999
0 0.3449840375 0.8631172625 0.3502177578125 0.8960803609375001 0.3917332421875 0.888778075 0.386499521875 0.855814975 0.3449840375 0.8631172625
0 0.585616746875 0.6819340265625 0.5904841249999999 0.7125898312500001 0.642846146875 0.7033797140625 0.6379787671875 0.6727239093749999 0.585616746875 0.6819340265625
0 0.8863478421875 0.5910465296875 0.89150715 0.623540959375 0.926262009375 0.6174278203125 0.9211027015625 0.5849333890625 0.8863478421875 0.5910465296875
0 1 0.7211607078125 0.9763354328125 0.7253231421875 0.9857935265625001 0.7848922593750001 1 0.7823934390625 1 0.7211607078125
0 0.9216027999999999 0.5025635578125 0.93090634375 0.561159284375 0.9759990515625001 0.5532277890625 0.96669550625 0.4946320609375 0.9216027999999999 0.5025635578125
0 0.7826548875 0.370450575 0.7898500609375 0.4157673296875 0.8349427687500001 0.407835834375 0.8277475953125 0.3625190796875 0.7826548875 0.370450575
0 0.4840579375 0.21614912031250003 0.491928553125 0.2657199515625 0.5363977078125 0.2578981359375 0.5285270921875 0.208327303125 0.4840579375 0.21614912031250003
0 0.43475842968749995 0.02017205625 0.44456378750000003 0.0819282984375 0.49129742343749994 0.073708175 0.4814920671875 0.0119519328125 0.43475842968749995 0.02017205625
0 0.3727109921875 0 0.337457753125 0.0062008015625 0.34011563749999996 0.022940721875 0.39045931718750004 0.014085615625 0.388222871875 0 0.3727109921875 0
0 0.1601046390625 0.48601808437500005 0.1673570546875 0.53169535 0.20696906093749998 0.5247278718749999 0.199716646875 0.47905060468749994 0.1601046390625 0.48601808437500005
0 0.281627365625 0.4771502640625 0.29104157656249996 0.5364429859375 0.3325898796875 0.5291349265624999 0.3231756703125 0.4698422046875 0.281627365625 0.4771502640625
4 0.42528123906250004 0.72282841875 0.4342489703125 0.7793091249999999 0.511799240625 0.7656685671875 0.5028315078125 0.7091878625 0.42528123906250004 0.72282841875
4 0.8250939578125 0.659891084375 0.8333862468750001 0.7121177109375 0.908327440625 0.6989360734375001 0.9000351500000001 0.646709446875 0.8250939578125 0.659891084375
4 0.8432450859375 0.49698933125 0.85299129375 0.55837304375 0.9260454171875001 0.545523325 0.9162992109375001 0.4841396140625 0.8432450859375 0.49698933125
4 0.568572871875 0.2530663828125 0.57781726875 0.311289575 0.6611107859375001 0.2966388203125 0.651866390625 0.238415628125 0.568572871875 0.2530663828125
4 0.1945390203125 0.6141866203124999 0.20356590156249998 0.67103985625 0.28794243124999996 0.6561986078125 0.27891555156250003 0.5993453703125 0.1945390203125 0.6141866203124999
5 1 0.397900803125 0.94707994375 0.4072090765625 0.970195703125 0.55279710625 1 0.5475547359374999 1 0.397900803125
5 0.8033403640625 0.2609055828125 0.8267595 0.40840434375 0.9228358468750001 0.3915051765625 0.8994167109375001 0.2440064171875 0.8033403640625 0.2609055828125
5 0.46818349843749996 0 0.4787359484375 0.066461596875 0.58501886875 0.047767165625 0.5774346296874999 0 0.46818349843749996 0
5 0.5105999703124999 0.1191620578125 0.5321606859375 0.2549560921875 0.5924647984375 0.24434901562500003 0.5709040828124999 0.10855498125 0.5105999703124999 0.1191620578125
5 0.12227598437500001 0.707233496875 0.14708798125 0.8635047890624999 0.320008996875 0.8330891765624999 0.295197003125 0.6768178828125 0.12227598437500001 0.707233496875
5 0.3671738046875 0.7623560859375 0.3866910234375 0.8852797296875 0.42354627031250003 0.8787971453125 0.40402905312500004 0.7558735015625 0.3671738046875 0.7623560859375
5 0.175530984375 0.35801044531250004 0.201669059375 0.5226336734375 0.27053881875 0.510519959375 0.2444007421875 0.34589673125 0.175530984375 0.35801044531250004
5 0.299527446875 0.375346284375 0.322753871875 0.521631309375 0.4010097390625 0.50786664375 0.3777833140625 0.36158161875 0.299527446875 0.375346284375
1 0.3289316578125 0.5887246125 0.3161168890625 0.5397257234375 0.286849065625 0.5448403796875 0.2952047265625 0.6029160171875 0.35140455 0.6195238640625 0.30998614999999996 0.6932398546874999 0.33375673125 0.696697734375 0.40355212656250006 0.56645833125 0.3805714796875 0.5620795765625 0.3620897765625 0.6008878609375 0.3289316578125 0.5887246125
1 0.4179299796875 0.781414884375 0.4376080125 0.8018674000000001 0.9709082406249999 0.7059932453125 0.9541615890624999 0.6869842703125 0.4179299796875 0.781414884375
1 0.6334488515625 0.4890578609375 0.6621797140625 0.4829197265625 0.4349021640625 0.28046185 0.40192049843750005 0.2872043796875 0.6334488515625 0.4890578609375
1 0.184535171875 0.090946896875 0.40332050781250006 0.28992403125 0.439396325 0.2792760703125 0.217378196875 0.0846166296875 0.184535171875 0.090946896875
1 0.0461205171875 0.057445009375 0.7171314296875 0.6550462593749999 0.7538475453125 0.6468056421874999 0.0830267109375 0.050953464062499995 0.0461205171875 0.057445009375
3 0.3324811734375 0.6732492265625 0.342780709375 0.7381179171875 0.42922480781249994 0.7229129984375 0.41892527187499995 0.65804430625 0.3324811734375 0.6732492265625
3 0.802627921875 0.585217259375 0.8132327406250001 0.6520086968750001 0.8863689125 0.6391445484375 0.87576409375 0.5723531109375 0.802627921875 0.585217259375
3 0.4464769609375 0.26406087500000003 0.4516591640625 0.2966995125 0.5021997546875 0.28780977343749997 0.49701755 0.255171134375 0.4464769609375 0.26406087500000003
3 0.22905145781249997 0.06522378749999999 0.23355631093749998 0.09359632968750001 0.284343040625 0.08466329375000001 0.2798381859375 0.056290753125 0.22905145781249997 0.06522378749999999
3 0.6724015156250001 0.4627247859375 0.6769140015625 0.4911453953125 0.73382139375 0.48113577812499997 0.7293089078125 0.45271517031249997 0.6724015156250001 0.4627247859375
0 0.7223921765625 0.550179696875 0.7490908875 0.57538348125 0.7828965984375 0.555388471875 0.756168728125 0.530935925 0.7223921765625 0.550179696875