4 0.9209059343750001 0.5515713875 0.9723875124999999 0.5376301781249999 0.97369535625 0.5355421125000001 0.9585430140625 0.46513847343750003 0.9020800421875 0.48042864218750003 0.917232384375 0.55083228125 0.9188928484375 0.550382628125 0.9209059343750001 0.5515713875
4 0.9251680734375001 0.3182304046875 0.8720260312500001 0.332621265625 0.886826096875 0.401388096875 0.9416286046875 0.38654758125 0.9271808140625 0.319417559375 0.9251680734375001 0.3182304046875
4 0.787476884375 0.28274248125 0.732674375 0.297582996875 0.7488838890625 0.372898665625 0.8020259328125 0.35850780625 0.803334121875 0.35642134375 0.787476884375 0.28274248125
4 0.8756661625 0.88031824375 0.85922490625 0.8039258109375 0.7977793453124999 0.8205652625000001 0.8142206015625 0.8969576968749999 0.8756661625 0.88031824375
4 0.9748133296875 0.68772095625 0.9117073015624999 0.7048100640625 0.9286217125 0.7834009546875 0.9884056171875001 0.767211478125 0.9910228421875 0.763036625 0.9748133296875 0.68772095625
0 0.869615765625 0.4112469671875 0.8709239546875001 0.409160503125 0.8681047140624999 0.39606121875 0.839873228125 0.403706303125 0.8497400531249999 0.4495513921875 0.8746506093749999 0.44280561562500004 0.8772666421875 0.438631084375 0.874447746875 0.4255334046875 0.8724350062499999 0.42434625 0.869615765625 0.4112469671875
0 0.3515525 0.870362678125 0.3610667046875 0.914569353125 0.40424476406250004 0.9028767375 0.40555295312500006 0.900790275 0.40721341874999994 0.9003406203125 0.3980514890625 0.8577707546875001 0.3515525 0.870362678125
5 0.634224375 0.0851259359375 0.670519815625 0.25376859218750003 0.7867678859375 0.22228862343750003 0.7504724453125 0.0536459671875 0.634224375 0.0851259359375
5 0.47837604687499996 0.9451800515625 0.48335744218750004 0.9438310890625001 0.48466682499999997 0.9417443046875 0.48798775625 0.940844996875 0.4906037890625 0.936670465625 0.4922642546875 0.9362208125 0.497497859375 0.9278730359375 0.49915832499999996 0.92742338125 0.5004677078124999 0.9253365953125 0.5021281734375 0.924886940625 0.5034360171875 0.9227988734375 0.5084186046875 0.9214495906250001 0.50972679375 0.9193631265625 0.5113872609375 0.9189134734375 0.51400329375 0.9147389421875 0.5156649515625 0.9142889656250001 0.5182813312500001 0.9101160421875001 0.5087667812500001 0.8659077609375 0.3659476875 0.9045831625 0.38074810000000003 0.973351596875 0.477068203125 0.9472681187499999 0.47837604687499996 0.9451800515625
0 0.9162571609375 0.26866204374999997 0.8847035515625 0.277206759375 0.89386548125 0.319776625 0.9237586249999999 0.311681565625 0.9250664703125 0.3095934984375 0.9162571609375 0.26866204374999997
4 0.8773266281250001 0.8798685890625 0.9354500671875 0.8641287656250001 0.9345137734375 0.8597783859374999 0.9325010328125 0.8585912296875 0.9293295171875 0.8438551375 0.9273167750000001 0.8426679828125 0.9269641546875 0.84102956875 0.8837860953125001 0.852722184375 0.879861871875 0.8589831765625 0.8782002140625 0.8594331546875 0.8741747312499999 0.85705884375 0.8738221109375001 0.85542043125 0.8721616453125 0.855870084375 0.8773266281250001 0.8798685890625
1 0.5745948921874999 0.9104612703124999 0.5837523734375 0.8958508953125 0.585412840625 0.8954012421875 0.5958800515625 0.8787056859375 0.5975405171875 0.8782560328125 0.5988487078125 0.8761695703125 0.6021708296875 0.8752699406250001 0.6034786734375001 0.8731818718750001 0.606799603125 0.8722825640625 0.6094171765625 0.868109315625 0.6110776421875 0.8676596609375 0.6123854859375 0.8655715953125 0.6140459515625001 0.865121940625 0.6153541406249999 0.8630354796875 0.615001865625 0.86139866875 0.6176190921875 0.857223815625 0.6192795578125 0.8567741625 0.620587746875 0.8546877 0.6239086781250001 0.8537883921875 0.6235564015625 0.8521515828125 0.6274818171875001 0.8458902671875 0.6291422828125001 0.8454406125 0.6317595093749999 0.8412657593749999 0.633419975 0.8408161062499999 0.6347281640625 0.83872964375 0.6363886296875 0.838279990625 0.6416218890625001 0.8299306078124999 0.6432823546875001 0.8294809531249999 0.6485159609375 0.8211331765625 0.6481636843749999 0.819496365625 0.6494715296875 0.8174082984375 0.6491192531250001 0.815771490625 0.6504274437500001 0.813685028125 0.6500751671875 0.81204821875 0.6566166171875001 0.8016123734375 0.659938740625 0.8007127421875 0.6612469296875 0.7986262796875 0.6629073953125 0.798176625 0.6642152390625 0.7960885578125 0.6658757046875 0.795638903125 0.669801121875 0.7893775875 0.6714615859374999 0.788927934375 0.675387346875 0.782668225 0.6770478125 0.7822185703125 0.679663846875 0.778044040625 0.6813243124999999 0.7775943859375001 0.6809720375 0.775957578125 0.6822810734375 0.7738691875 0.6839415390625 0.773419534375 0.6891739515624999 0.7650720796875 0.6908356109375 0.7646221015625 0.69345164375 0.760447571875 0.695112109375 0.7599979171875 0.6990375249999999 0.7537366015625 0.7006979890625 0.7532869484375 0.7046222125 0.7470259546875 0.706283871875 0.746575978125 0.7167498906249999 0.7298807453125 0.7184103562499999 0.729431090625 0.7236439609375 0.7210833125 0.7253044265625 0.720633659375 0.7266122703125 0.7185455921874999 0.7282739296875 0.7180956140625 0.7335063421875 0.709748159375 0.7351679984375 0.7092981828125 0.7364761890625 0.7072117203125 0.7361239125 0.7055749109375 0.7374317578125 0.70348684375 0.739092221875 0.703037190625 0.74563401875 0.69260295 0.7472944828125 0.6921532953125 0.75252774375 0.6838039124999999 0.754188209375 0.6833542578125 0.7607300046875001 0.67292001875 0.7623904687499999 0.6724703640625 0.76203819375 0.6708335562500001 0.7646554203125 0.666658703125 0.7663158859375 0.6662090484375 0.776781559375 0.649512209375 0.7784432171875 0.6490622312500001 0.7836756296875 0.640714778125 0.7853372890625 0.6402648 0.7918790828125 0.629830559375 0.7935395484375001 0.62938090625 0.798771615625 0.621031846875 0.8004332749999999 0.62058186875 0.8043574984375 0.6143208765625 0.8060179625 0.6138712234375 0.81125156875 0.60552344375 0.8129120343749999 0.605073790625 0.8194538296875 0.59463955 0.82111429375 0.594189896875 0.8289651265625 0.5816672640625 0.8306255921875 0.5812176109375 0.833241625 0.5770430796875 0.8349020921875001 0.576593425 0.8388275078125 0.5703321109374999 0.8404879718749999 0.56988245625 0.8457215796875 0.561534678125 0.84738204375 0.561085025 0.8539234921875 0.550649178125 0.8555839578125 0.550199525 0.859509375 0.543938209375 0.8611698406249999 0.54348855625 0.8624780296875001 0.54140209375 0.8621257546875001 0.5397652828124999 0.8778250328125001 0.5147206671875 0.8774727578125001 0.513083859375 0.8787817953125 0.51099546875 0.87807724375 0.5077218515624999 0.8720374828124999 0.504159103125 0.8653944296875 0.5059580421875001 0.864086240625 0.50804450625 0.8607653093750001 0.5089438140625 0.859456271875 0.511032203125 0.8544748765625 0.512381165625 0.8505491140625001 0.518640875 0.8488886484375 0.5190905296875 0.8449644265625 0.5253515234374999 0.8433027687499999 0.5258015 0.835453128125 0.5383238078125 0.8337926640625 0.5387734625 0.8259430234374999 0.5512957703125 0.8242825578125 0.551745425 0.82297436875 0.5538318875 0.8213127109375 0.5542818625 0.8173884875 0.56054285625 0.8157280234375 0.560992509375 0.8131107953125 0.5651673625 0.8114503296875 0.565617015625 0.8075249156250001 0.5718783328125 0.80586445 0.5723279875 0.8032484156249999 0.576502515625 0.8015879515625001 0.5769521703125 0.798970378125 0.58112541875 0.7973099125 0.581575071875 0.7960017234375 0.5836615359375 0.794341259375 0.584111190625 0.7838743921875 0.60080835 0.782213928125 0.601258003125 0.7769803203125 0.6096057828125 0.77531985625 0.6100554375 0.7713956328125 0.616316428125 0.7697339750000001 0.61676640625 0.761884334375 0.6292887125 0.7602238703124999 0.6297383671875 0.7523742296875 0.642260675 0.7507137640625 0.64271033125 0.749405575 0.6447967921875 0.7477439171875 0.6452467687500001 0.7464360734375 0.6473348375 0.74678835 0.6489716453125001 0.745480159375 0.6510581078125 0.7438196953125 0.6515077625 0.73727824375 0.661943609375 0.7356177796875001 0.6623932625 0.7316923625 0.6686545781250001 0.730031896875 0.66910423125 0.72610648125 0.675365546875 0.724446015625 0.6758152 0.7218296375000001 0.679988125 0.7201691718750001 0.6804377796875001 0.7070859265625 0.701307865625 0.7054254624999999 0.70175751875 0.6988840109375001 0.712193365625 0.697222353125 0.7126433421875 0.6919899390625 0.720990796875 0.690329475 0.7214404515624999 0.683788025 0.731876296875 0.6821263671875 0.7323262749999999 0.6625025203125 0.7636302796875001 0.6608408609375 0.76408025625 0.6569166375 0.7703412484375 0.655256171875 0.7707909015625 0.6434811171875 0.7895745265625 0.6401601859375 0.7904738359375 0.6388511484375 0.792562225 0.63553021875 0.79346153125 0.6342220281250001 0.79554799375 0.63089990625 0.796447625 0.6217420765624999 0.811056396875 0.6200816109375 0.81150605 0.6135401625 0.8219418968750001 0.611879696875 0.8223915500000001 0.607953934375 0.8286512609375001 0.6062934703125 0.829100915625 0.5932105703125 0.84997260625 0.5935628453125 0.8516094140625 0.5896386234375 0.8578704078125 0.5899908984375 0.859507215625 0.5847572921874999 0.86785499375 0.5830968265625 0.8683046484375 0.5817889828125 0.8703927140625 0.5801273250000001 0.8708426921875001 0.5775109453125 0.8750156171875 0.5758504796875 0.8754652703125 0.573233253125 0.8796401250000001 0.5715727890625 0.8800897796875 0.5637231484375 0.8926120859375001 0.5620626828125 0.8930617406250001 0.5555208890625 0.9034959796875001 0.555873509375 0.9051343953125001 0.5519480921875 0.9113957109375 0.550287628125 0.9118453640625 0.5489794390625 0.9139318281250001 0.5473189734374999 0.9143814812500001 0.5447029390625 0.9185560109375001 0.5450552156249999 0.9201928203125 0.5424379874999999 0.9243676734375 0.5407775218750001 0.9248173265625 0.53816114375 0.9289902515625 0.529857625 0.9312388437499999 0.5285485875 0.933327234375 0.5289008625 0.93496404375 0.5223602609375 0.9453979609375001 0.52271288125 0.947036375 0.517479275 0.955384153125 0.5158188109374999 0.9558338078125 0.5092773609375 0.9662696531250001 0.507615703125 0.9667196296875 0.505198721875 0.9705755249999999 0.5338182109375 0.9689086296875 0.5369052109375 0.9639846484374999 0.536552934375 0.9623478375 0.55094436875 0.9393912906249999 0.5526048343750001 0.9389416359375 0.5552208671875001 0.93476710625 0.5568813328125 0.934317453125 0.5594985609375 0.9301425999999999 0.561159025 0.9296929453124999 0.5729344265625 0.9109109265625 0.5745948921874999 0.9104612703124999
1 0.66412218125 0.9018105296875 0.66935459375 0.8934630734375 0.671016253125 0.893013096875 0.676248665625 0.8846656421875 0.6779103234375 0.8842156671874999 0.681834546875 0.8779546734375 0.6814822703125001 0.8763178640625 0.6880237218749999 0.86588201875 0.6876714453125 0.8642452109375001 0.6902874796875 0.8600706796875001 0.6919491375 0.8596207031249999 0.6915968609375 0.85798389375 0.6942128953125 0.8538093640625 0.6958733609375 0.853359709375 0.6971815515625 0.8512732468750001 0.6988432078125 0.850823271875 0.7001513984375001 0.848736809375 0.7018118624999999 0.8482871546874999 0.7057360859374999 0.8420261609375 0.7073977453125 0.8415761843749999 0.7087055890625 0.8394881171874999 0.7083533140625 0.837851309375 0.710969346875 0.8336767796875 0.7126298125 0.8332271265625 0.7178634171875 0.824879346875 0.7195238828125 0.82442969375 0.7247574890624999 0.8160819140625 0.72807841875 0.8151826062499999 0.7346198703125 0.8047467609375 0.7362815265625 0.8042967843750001 0.7611386359375001 0.764643396875 0.7565576703125 0.743358465625 0.7482541515625 0.74560705625 0.7469463078125 0.747695121875 0.7452858421874999 0.7481447765625 0.743977653125 0.750231240625 0.7423159953125 0.7506812171874999 0.7410078062500001 0.752767678125 0.739347340625 0.753217334375 0.7236480625 0.77826195 0.7240003374999999 0.7798987578125 0.72269249375 0.7819868265625 0.721030834375 0.782436803125 0.7197226453125001 0.7845232656250001 0.7180621796875 0.7849729187500001 0.716753990625 0.7870593828125 0.715093525 0.7875090359375 0.7098602640625 0.7958584203125 0.7081997984374999 0.7963080734375 0.705582228125 0.8004813203125 0.7039217625 0.800930975 0.69868815625 0.809278753125 0.6970276906249999 0.80972840625 0.6904862421875 0.820164253125 0.6888257765625 0.82061390625 0.6875175859375 0.82270036875 0.6858571203125 0.823150021875 0.6806238609374999 0.8314994062500001 0.6789633953124999 0.8319490593750001 0.6763458234375 0.8361223093750001 0.6746853578125 0.8365719625000001 0.6733775140625 0.8386600312500001 0.6700565843749999 0.8395593375000001 0.6674390125 0.8437325859374999 0.665778546875 0.8441822390624999 0.6618543234375001 0.8504432312500001 0.660192665625 0.8508932093749999 0.6562684421875 0.8571542015625001 0.6546079765624999 0.8576038546874999 0.6441411109375 0.8743010171875 0.6424806453125 0.8747506703125 0.64117245625 0.8768371328125 0.639511990625 0.8772867874999999 0.6342783843750001 0.8856345640625 0.6326179187500001 0.88608421875 0.6286925046875 0.892345534375 0.6270320390624999 0.8927951890625 0.616565171875 0.9094923500000001 0.61490470625 0.9099420046875 0.6083629125 0.92037624375 0.606702446875 0.9208258984375 0.6027782234375 0.9270868906249999 0.6011165640625 0.9275368671875001 0.594575115625 0.9379727140625 0.5929146484375 0.9384223671875 0.593266925 0.9400591765625 0.591958734375 0.9421456390625 0.5902982703124999 0.9425952921875 0.58768104375 0.9467701453125 0.5860205781250001 0.9472197984375 0.5794787828125 0.957654040625 0.5778183171875 0.9581036953125001 0.575650228125 0.9615625375000001 0.625471503125 0.9480709390625 0.6263315875 0.9467002078125001 0.6279920531250001 0.9462505546875001 0.639765915625 0.9274672531249999 0.6414275734375 0.9270172765625 0.6479690234375 0.91658143125 0.6496294890625001 0.9161317765625 0.6522458671875 0.9119588515625001 0.6539063328125 0.9115091984375001 0.6578317484375 0.9052478828125 0.6594922140625 0.9047982296875 0.6608000578125 0.9027101609375 0.66412218125 0.9018105296875
5 0.7319768296875 0.40866697656250006 0.739376690625 0.4430495890625 0.8107862375 0.42371189062500003 0.8033863765625 0.3893292765625 0.7319768296875 0.40866697656250006
1 0.74547241875 0.7347936359375 0.758015403125 0.784832121875 0.9137778796875 0.584849478125 0.8979916015624999 0.5399246859375 0.74547241875 0.7347936359375
3 0.8640935921875 0.6224037078125 0.8757221421875 0.6764344437500001 0.9305258421874999 0.6615936062500001 0.9188972937500001 0.60756286875 0.8640935921875 0.6224037078125
1 0.9552628875 0.327407875 0.9532501468750001 0.326220721875 0.95254525 0.3229454984375 0.9505325093750001 0.32175834375 0.9374941671875 0.2611771625 0.9388023562500001 0.2590906984375 0.9356308390624999 0.24435460625 0.9369390296875 0.24226814375 0.9298914453125 0.20952234062500003 0.9278783578124999 0.20833357968750002 0.9257640140625 0.19850951875 0.9237512734375001 0.1973223625 0.923398996875 0.19568555468749999 0.92138471875 0.1944971171875 0.90976026875 0.1976450171875 0.9566274328125 0.4154079828125 0.9715740046875 0.4113604515625 0.9705168328125 0.40644842187499997 0.9718250218750001 0.40436195937499997 0.9552628875 0.327407875
3 0.7491125624999999 0.790425515625 0.759684284375 0.8395458250000001 0.7845948421875 0.8328000484375 0.77402311875 0.7836797375 0.7491125624999999 0.790425515625
2 0.8619793281250001 0.2939761796875 0.8093702984375 0.2561886203125 0.8024416140625 0.29119078125 0.8459248296874999 0.3070645765625 0.9063491578124999 0.6149415796875 0.6471554390625001 0.9421989312499999 0.7057785296875 0.9263238015624999 0.9237510328124999 0.6356874703125001 0.9273745531250001 0.5929006421875 0.8619793281250001 0.2939761796875
1 0.9261776718749999 0.0461974265625 0.90778999375 0.053741542187500005 0.8724343703124999 0.201538309375 0.9137795765625001 0.2213118359375 0.9319430640625 0.1090762734375 0.9391376484375 0.10641449375 0.9261776718749999 0.0461974265625