2 0.263890571875 0.999234303125 0.9623473625000001 0.44166079687500004 0.9633653203125 0.2817909640625 0.9331907968750001 0.2586240421875 0.931959034375 0.2799448703125 0.949030303125 0.2908767234375 0.9495583609375 0.43225574218749996 0.2452306390625 0.999234303125 0.263890571875 0.999234303125
5 0.7471941640625 0.5018223578125001 0.6812794609374999 0.5018223578125001 0.6812794609374999 0.53467075 0.7471941640625 0.53467075 0.7471941640625 0.5018223578125001
5 0.39374971875 0.625 0.39374971875 0.6765627875 0.43125028125 0.6765627875 0.4328125703125 0.675 0.46875028125 0.675 0.4703125703125 0.6734372125 0.471874859375 0.6734372125 0.471874859375 0.625 0.39374971875 0.625
0 0.6998400671875 0.48352603437499997 0.679363075 0.48352603437499997 0.679363075 0.505202909375 0.6998400671875 0.505202909375 0.6998400671875 0.48352603437499997
3 0.959682940625 0.267461715625 0.935401234375 0.267461715625 0.935401234375 0.315769525 0.959682940625 0.315769525 0.959682940625 0.267461715625
3 0.5839309765625 0.73660030625 0.560659371875 0.73660030625 0.560659371875 0.756707503125 0.5839309765625 0.756707503125 0.5839309765625 0.73660030625
0 0.7126930421875 0.609797090625 0.69659764375 0.623895865625 0.70242873125 0.638036753125 0.7163692484374999 0.6289540578125 0.7126930421875 0.609797090625
5 0.9275476984375001 0.316830015625 0.8923737375 0.316830015625 0.8923737375 0.337565084375 0.9275476984375001 0.337565084375 0.9275476984375001 0.316830015625
4 0.9873961843749999 0.29907733593749997 0.963916946875 0.29907733593749997 0.963916946875 0.33661944843749997 0.9873961843749999 0.33661944843749997 0.9873961843749999 0.29907733593749997
4 0.9266694718749999 0.271569678125 0.900827721875 0.271569678125 0.900827721875 0.3074502296875 0.9266694718749999 0.3074502296875 0.9266694718749999 0.271569678125
4 0.9108810328124999 0.5147396625 0.8826206515624999 0.5147396625 0.8826206515624999 0.551493109375 0.9108810328124999 0.551493109375 0.9108810328124999 0.5147396625
4 0.6885493828125 0.6150229703125001 0.66017115625 0.6150229703125001 0.66017115625 0.6484839203125 0.6885493828125 0.6484839203125 0.6885493828125 0.6150229703125001
5 0.9542901234375 0.5695137828125 0.8866189671875 0.5695137828125 0.8866189671875 0.6037787140625 0.9542901234375 0.6037787140625 0.9542901234375 0.5695137828125
1 0.6418967453125 0.75346860625 0.5970819296875 0.75346860625 0.5970819296875 0.7700689125 0.6418967453125 0.7700689125 0.6418967453125 0.75346860625
5 0.5919388328124999 0.8608499234375 0.5255359140625 0.8608499234375 0.5255359140625 0.89120214375 0.5919388328124999 0.89120214375 0.5919388328124999 0.8608499234375
5 0.7174130187500001 0.9022511484375 0.49277777812499995 0.9022511484375 0.49277777812499995 0.9520520671874999 0.7174130187500001 0.9520520671874999 0.7174130187500001 0.9022511484375
1 0.6842396187500001 0.7108690656250001 0.683838384375 0.7354234296875 0.6916964078125 0.7406615624999999 0.69344444375 0.7307710562499999 0.7471245796875 0.7314540578125001 0.7438950625 0.711395865625 0.6947149265625 0.7166171515624999 0.69433389375 0.7062894328125 0.6842396187500001 0.7108690656250001
1 0.9988108859375 0.2508782546875 0.98645005625 0.258359878125 0.9878198656249999 0.4100765703125 0.9988490453125 0.404637825 0.9988108859375 0.2508782546875
1 0.9536750843749999 0.370864471875 0.650920875 0.6154234296875 0.6517188546875 0.6150214390625 0.65208698125 0.6330275656250001 0.9532384953124999 0.385993875 0.9536750843749999 0.370864471875
1 0.20816554375 0.9671914234375001 0.20826038125 0.9885451765625 0.652732884375 0.6322235828125 0.651635803125 0.612692190625 0.20816554375 0.9671914234375001
0 0.23061279531249998 0.8150068906250001 0.24418125625 0.8259548234375 0.2502491578125 0.8098269531250001 0.2387401796875 0.7992825421875 0.23061279531249998 0.8150068906250001
0 0.9864927046874999 0.28057044375 0.9729573515625001 0.28057044375 0.9729573515625001 0.30154287968750004 0.9864927046874999 0.30154287968750004 0.9864927046874999 0.28057044375
0 0.99999719375 0.45573506874999997 0.9880611671875 0.45573506874999997 0.9880611671875 0.47392802500000003 0.99999719375 0.47392802500000003 0.99999719375 0.45573506874999997
0 0.9128142531250001 0.5524310875 0.885827721875 0.5524310875 0.885827721875 0.5722856046875 0.9128142531250001 0.5722856046875 0.9128142531250001 0.5524310875
0 0.6081734 0.7377603374999999 0.593521325 0.7377603374999999 0.593521325 0.7577067375000001 0.6081734 0.7577067375000001 0.6081734 0.7377603374999999
2 0.25667396249999996 0.8471646249999999 0.2648849609375 0.8357098015625001 0.20821997812499998 0.7939173046875 0.20212008906249998 0.80290581875 0.20172727343750002 0.999234303125 0.21370426562499997 0.9990007656250001 0.21232772187500001 0.810604134375 0.25667396249999996 0.8471646249999999
4 0.1734377109375 0.8281248078125 0.1734377109375 0.8625 0.1984377109375 0.8625 0.1984377109375 0.8281248078125 0.1734377109375 0.8281248078125
5 0.234374859375 0.7687503828125 0.234374859375 0.6906248078125 0.159374859375 0.6906248078125 0.159374859375 0.7734372125 0.2234377109375 0.7734372125 0.225 0.7718751921875 0.228125140625 0.7718751921875 0.2296874296875 0.7703124046875 0.23125028125 0.7703124046875 0.2328125703125 0.7687503828125 0.234374859375 0.7687503828125
1 0.3578125703125 0.8812503828124999 0.35625028125 0.8812503828124999 0.3546874296875 0.8828124046875001 0.353125140625 0.8828124046875001 0.3484377109375 0.8875 0.3453125703125 0.8875 0.34375028125 0.8890627875 0.34375028125 0.8906248078125 0.340625140625 0.8937503828125 0.3390622890625 0.8937503828125 0.3375 0.8953124046875001 0.3375 0.8968751921875 0.334374859375 0.9 0.3328125703125 0.9 0.321874859375 0.9109372125 0.3203125703125 0.9109372125 0.31874971875 0.9125 0.315625140625 0.9125 0.309374859375 0.9187503828124999 0.3078125703125 0.9187503828124999 0.30625028125 0.9203124046875001 0.30625028125 0.9218751921875 0.303125140625 0.925 0.3015622890625 0.925 0.3 0.9265627875 0.2984377109375 0.9265627875 0.2921874296875 0.9328124046875 0.290625140625 0.9328124046875 0.2890622890625 0.9343751921875001 0.2890622890625 0.9359372125000001 0.2875 0.9375 0.2875 0.9468751921875 0.2890622890625 0.9484372125 0.2953125703125 0.9484372125 0.296874859375 0.9468751921875 0.3015622890625 0.9468751921875 0.30625028125 0.9421875953125 0.3078125703125 0.9421875953125 0.3109377109375 0.9390627874999999 0.3109377109375 0.9375 0.3171874296875 0.9312496171875001 0.31874971875 0.9312496171875001 0.321874859375 0.9281248078125 0.3234377109375 0.9281248078125 0.3234377109375 0.9265627875 0.3265622890625 0.9234372125 0.328125140625 0.9234372125 0.3296874296875 0.9218751921875 0.3296874296875 0.9203124046875001 0.33124971875 0.9187503828124999 0.3328125703125 0.9187503828124999 0.334374859375 0.9171875953124999 0.3359377109375 0.9171875953124999 0.3375 0.9156248078125 0.3390622890625 0.9156248078125 0.34375028125 0.9109372125 0.346874859375 0.9109372125 0.3484377109375 0.9093751921875001 0.3484377109375 0.9078124046875 0.3515622890625 0.9046875953125 0.353125140625 0.9046875953125 0.3546874296875 0.9031248078124999 0.35625028125 0.9031248078124999 0.35625028125 0.9015627875 0.3578125703125 0.9 0.359374859375 0.9 0.3609377109375 0.8984372125 0.3625 0.8984372125 0.3703125703125 0.8906248078125 0.371874859375 0.8906248078125 0.3828125703125 0.8796875953125 0.384374859375 0.8796875953125 0.3859377109375 0.8781248078124999 0.3859377109375 0.8765627874999999 0.3890622890625 0.8734372125000001 0.390625140625 0.8734372125000001 0.3921874296875 0.8718751921875001 0.3921874296875 0.8703124046875 0.396874859375 0.8656248078125 0.396874859375 0.8531248078125 0.3890622890625 0.8531248078125 0.3875 0.8546875953124999 0.3859377109375 0.8546875953124999 0.378125140625 0.8625 0.3765622890625 0.8625 0.3640622890625 0.875 0.3625 0.875 0.3625 0.8765627874999999 0.3578125703125 0.8812503828124999
5 0.3078125703125 0.7421875953125 0.3078125703125 0.7734372125 0.3828125703125 0.7734372125 0.3828125703125 0.7421875953125 0.3078125703125 0.7421875953125
0 0.403125140625 0.8906248078125 0.403125140625 0.9109372125 0.421874859375 0.9109372125 0.4234377109375 0.9093751921875001 0.425 0.9093751921875001 0.425 0.9015627875 0.4234377109375 0.9 0.4234377109375 0.8906248078125 0.403125140625 0.8906248078125
0 0.5171874296875 0.9031248078124999 0.5171874296875 0.8843751921875 0.4890622890625 0.8843751921875 0.4890622890625 0.9046875953125 0.515625140625 0.9046875953125 0.5171874296875 0.9031248078124999
4 0.3734377109375 0.9265627875 0.3734377109375 0.9656248078124999 0.4015622890625 0.9656248078124999 0.4015622890625 0.9265627875 0.3734377109375 0.9265627875
5 0.365625140625 0.7968751921874999 0.3015622890625 0.7968751921874999 0.3015622890625 0.8312503828125 0.3046874296875 0.8312503828125 0.30625028125 0.8328124046875001 0.3609377109375 0.8328124046875001 0.3625 0.8312503828125 0.3640622890625 0.8312503828125 0.365625140625 0.8296875953124999 0.365625140625 0.7968751921874999
3 0.228125140625 0.8281248078125 0.228125140625 0.7875 0.1984377109375 0.7875 0.1984377109375 0.8296875953124999 0.2265622890625 0.8296875953124999 0.228125140625 0.8281248078125
5 0.1828125703125 0.8125 0.1828125703125 0.8 0.13125028125 0.8 0.13125028125 0.8156248078124999 0.1796874296875 0.8156248078124999 0.1828125703125 0.8125
0 0.296874859375 0.7812503828125 0.296874859375 0.7984372125 0.321874859375 0.7984372125 0.321874859375 0.7812503828125 0.296874859375 0.7812503828125
0 0.7796874296875 0.6375 0.7796874296875 0.6578124046875 0.7984377109375 0.6578124046875 0.7984377109375 0.6375 0.7796874296875 0.6375
1 0.6078125703125 0.6812503828125 0.60624971875 0.6812503828125 0.6015622890625 0.6859372125000001 0.6 0.6859372125000001 0.59375028125 0.6921875953125001 0.5921874296875 0.6921875953125001 0.590625140625 0.6937496171875 0.5890622890625 0.6937496171875 0.5828125703125 0.7 0.5796874296875 0.7 0.578125140625 0.7015627875 0.5765622890625 0.7015627875 0.5765622890625 0.7031248078125001 0.5734377109375 0.7062503828125 0.571874859375 0.7062503828125 0.559374859375 0.7187503828125 0.5578125703125 0.7187503828125 0.5515622890625 0.725 0.55 0.725 0.546874859375 0.7281248078125 0.5453125703125 0.7281248078125 0.5234377109375 0.75 0.5234377109375 0.7656248078125001 0.5265622890625 0.7656248078125001 0.53124971875 0.7609372125 0.5328125703125 0.7609372125 0.5390622890625 0.7546875953125001 0.540625140625 0.7546875953125001 0.5421874296875 0.7531248078125 0.54375028125 0.7531248078125 0.553125140625 0.7437503828125 0.5546874296875 0.7437503828125 0.55625028125 0.7421875953125 0.5578125703125 0.7421875953125 0.5640622890625 0.7359372125 0.565625140625 0.7359372125 0.5671874296875 0.7343751921874999 0.5671874296875 0.7328124046875 0.5703125703125 0.7296875953125 0.5734377109375 0.7296875953125 0.578125140625 0.725 0.5796874296875 0.725 0.58124971875 0.7234372125 0.5828125703125 0.7234372125 0.5890622890625 0.7171875953125 0.590625140625 0.7171875953125 0.5921874296875 0.7156248078125 0.5921874296875 0.7140627875 0.5953125703125 0.7109372125 0.596874859375 0.7109372125 0.603125140625 0.7046875953125 0.6046874296875 0.7046875953125 0.6109377109375 0.6984372125 0.6125 0.6984372125 0.6140622890625 0.6968751921874999 0.615625140625 0.6968751921874999 0.6171874296875 0.6953124046875 0.6171874296875 0.6937496171875 0.61875028125 0.6921875953125001 0.6203125703125 0.6921875953125001 0.6265622890625 0.6859372125000001 0.628125140625 0.6859372125000001 0.6296874296875 0.6843751921875 0.6296874296875 0.6828124046874999 0.6375 0.675 0.6375 0.6671875953125 0.625 0.6671875953125 0.6234377109375 0.6687496171875 0.621874859375 0.6687496171875 0.6203125703125 0.6703124046875 0.61875028125 0.6703124046875 0.61875028125 0.6718751921874999 0.6171874296875 0.6734372125 0.615625140625 0.6734372125 0.6078125703125 0.6812503828125
5 0.4046874296875 0.9109372125 0.4046874296875 0.9406248078124999 0.4671874296875 0.9406248078124999 0.4671874296875 0.9109372125 0.4046874296875 0.9109372125
0 0.953125140625 0.34843721250000004 0.953125140625 0.3328124046875 0.940625140625 0.3328124046875 0.940625140625 0.3531248078125 0.9484377109375 0.3531248078125 0.953125140625 0.34843721250000004
1 0.4921874296875 0.7718751921875 0.490625140625 0.7734372125 0.4890622890625 0.7734372125 0.4875 0.775 0.4859377109375 0.775 0.4796874296875 0.7812503828125 0.4765622890625 0.7812503828125 0.475 0.7828124046875 0.475 0.7843751921875 0.471874859375 0.7875 0.4703125703125 0.7875 0.4640622890625 0.7937503828125 0.4625 0.7937503828125 0.4609377109375 0.7953124046875 0.4609377109375 0.7968751921874999 0.459374859375 0.7984372125 0.4578125703125 0.7984372125 0.45624971875 0.8 0.4546874296875 0.8 0.453125140625 0.8015627875 0.4515622890625 0.8015627875 0.440625140625 0.8125 0.4390622890625 0.8125 0.4375 0.8140627874999999 0.4359377109375 0.8140627874999999 0.43125028125 0.8187503828124999 0.4296874296875 0.8187503828124999 0.4234377109375 0.825 0.421874859375 0.825 0.4078125703125 0.8390627875 0.40625028125 0.8390627875 0.40625028125 0.8406248078124999 0.403125140625 0.8437503828124999 0.4 0.8437503828124999 0.3984377109375 0.8453124046875 0.396874859375 0.8453124046875 0.396874859375 0.8671875953124999 0.4015622890625 0.8625 0.403125140625 0.8625 0.4046874296875 0.8609372125 0.409374859375 0.8609372125 0.4109377109375 0.8593751921875 0.4109377109375 0.8578124046875001 0.4140622890625 0.8546875953124999 0.415625140625 0.8546875953124999 0.421874859375 0.8484372125 0.4234377109375 0.8484372125 0.4296874296875 0.8421875953125 0.43125028125 0.8421875953125 0.4328125703125 0.8406248078124999 0.434374859375 0.8406248078124999 0.4453125703125 0.8296875953124999 0.446874859375 0.8296875953124999 0.453125140625 0.8234372125 0.4546874296875 0.8234372125 0.4609377109375 0.8171875953125 0.4625 0.8171875953125 0.4640622890625 0.8156248078124999 0.465625140625 0.8156248078124999 0.465625140625 0.8140627874999999 0.46875028125 0.8109372125000001 0.4703125703125 0.8109372125000001 0.4765622890625 0.8046875953124999 0.478125140625 0.8046875953124999 0.4796874296875 0.8031248078125 0.4796874296875 0.8015627875 0.4828125703125 0.7984372125 0.484374859375 0.7984372125 0.4859377109375 0.7968751921874999 0.4875 0.7968751921874999 0.4921874296875 0.7921875953125 0.49375028125 0.7921875953125 0.4953125703125 0.7906248078125 0.496874859375 0.7906248078125 0.5015622890625 0.7859372125 0.503125140625 0.7859372125 0.509374859375 0.7796875953125 0.509374859375 0.7781248078125 0.5125 0.775 0.5125 0.7640627875 0.5015622890625 0.7640627875 0.5015622890625 0.7656248078125001 0.5 0.7671875953125 0.4984377109375 0.7671875953125 0.496874859375 0.7687503828125 0.4953125703125 0.7687503828125 0.49375028125 0.7703124046875 0.4921874296875 0.7703124046875 0.4921874296875 0.7718751921875
0 0.2046874296875 0.9265627875 0.2046874296875 0.9234372125 0.20624971875 0.9218751921875 0.20624971875 0.9078124046875 0.1921874296875 0.9078124046875 0.1921874296875 0.9265627875 0.2046874296875 0.9265627875
5 0.9359377109375 0.24218759531249998 0.9359377109375 0.15937519218750001 0.8765622890625 0.15937519218750001 0.8765622890625 0.2437503828125 0.934374859375 0.2437503828125 0.9359377109375 0.24218759531249998
0 0.30625028125 0.7437503828125 0.328125140625 0.7437503828125 0.3296874296875 0.7421875953125 0.3296874296875 0.7406248078125001 0.33124971875 0.7390627875 0.33124971875 0.725 0.30625028125 0.725 0.30625028125 0.7437503828125
1 0.1734377109375 0.9468751921875 0.1734377109375 0.9421875953125 0.175 0.9406248078124999 0.1734377109375 0.9390627874999999 0.1734377109375 0.8671875953124999 0.175 0.8656248078125 0.1734377109375 0.8640627875 0.1734377109375 0.8390627875 0.175 0.8375 0.175 0.8156248078124999 0.1734377109375 0.8171875953125 0.1703125703125 0.8171875953125 0.16875028125 0.8187503828124999 0.1640622890625 0.8187503828124999 0.1640622890625 0.9984372125000001 0.175 0.9984372125000001 0.175 0.9484372125 0.1734377109375 0.9468751921875
0 0.25625028125 0.9796875953124999 0.2546874296875 0.9781248078125 0.246874859375 0.9781248078125 0.2453125703125 0.9796875953124999 0.24374971875 0.9796875953124999 0.2421874296875 0.9812503828124999 0.2421874296875 0.9984372125000001 0.259374859375 0.9984372125000001 0.259374859375 0.9843751921875 0.25625028125 0.9812503828124999 0.25625028125 0.9796875953124999
0 0.1421874296875 0.7968751921874999 0.1421874296875 0.7812503828125 0.128125140625 0.7812503828125 0.128125140625 0.8 0.1390622890625 0.8 0.1421874296875 0.7968751921874999
3 0.9578125703125 0.4609372125 0.9578125703125 0.42812480781250006 0.928125140625 0.42812480781250006 0.928125140625 0.4625 0.95625028125 0.4625 0.9578125703125 0.4609372125
1 0.2578125703125 0.7843751921875 0.2578125703125 0.7859372125 0.25625028125 0.7875 0.25625028125 0.7906248078125 0.2546874296875 0.7921875953125 0.2546874296875 0.7937503828125 0.253125140625 0.7953124046875 0.246874859375 0.7953124046875 0.2453125703125 0.7937503828125 0.2390622890625 0.7937503828125 0.234374859375 0.7890627875 0.234374859375 0.7875 0.2328125703125 0.7875 0.2296874296875 0.7843751921875 0.2296874296875 0.7828124046875 0.2265622890625 0.7796875953125 0.221874859375 0.7796875953125 0.221874859375 0.7921875953125 0.228125140625 0.7984372125 0.2296874296875 0.7984372125 0.23125028125 0.8 0.2328125703125 0.8 0.2390622890625 0.8062496171875001 0.240625140625 0.8062496171875001 0.24374971875 0.8093751921875001 0.246874859375 0.8093751921875001 0.2484377109375 0.8109372125000001 0.253125140625 0.8109372125000001 0.2546874296875 0.8125 0.25625028125 0.8125 0.2609377109375 0.8171875953125 0.2609377109375 0.8187503828124999 0.2625 0.8203124046875001 0.2625 0.8218751921875 0.2640622890625 0.8234372125 0.2671874296875 0.8234372125 0.26874971875 0.825 0.2765622890625 0.825 0.2796874296875 0.8218751921875 0.2796874296875 0.8203124046875001 0.278125140625 0.8203124046875001 0.275 0.8171875953125 0.2734377109375 0.8171875953125 0.2703125703125 0.8140627874999999 0.26874971875 0.8140627874999999 0.2625 0.8078124046875 0.2625 0.8062496171875001 0.2609377109375 0.8046875953124999 0.2609377109375 0.8015627875 0.2640622890625 0.7984372125 0.265625140625 0.7984372125 0.2671874296875 0.7968751921874999 0.2703125703125 0.7968751921874999 0.271874859375 0.7953124046875 0.2734377109375 0.7953124046875 0.275 0.7937503828125 0.278125140625 0.7937503828125 0.2796874296875 0.7921875953125 0.2921874296875 0.7921875953125 0.2921874296875 0.7859372125 0.29375028125 0.7843751921875 0.29375028125 0.7828124046875 0.2921874296875 0.7812503828125 0.2921874296875 0.7796875953125 0.290625140625 0.7781248078125 0.2890622890625 0.7781248078125 0.2875 0.7765627875 0.2703125703125 0.7765627875 0.2671874296875 0.7796875953125 0.265625140625 0.7796875953125 0.2640622890625 0.7812503828125 0.2625 0.7812503828125 0.2609377109375 0.7828124046875 0.259374859375 0.7828124046875 0.2578125703125 0.7843751921875
0 0.0859377109375 0.21562480781249999 0.0859377109375 0.2125 0.0875 0.21093721250000003 0.0875 0.2 0.0703125703125 0.2 0.0703125703125 0.21562480781249999 0.0859377109375 0.21562480781249999
5 0.775 0.6562503828125 0.775 0.6859372125000001 0.8484377109375 0.6859372125000001 0.8484377109375 0.6562503828125 0.775 0.6562503828125
1 0.834374859375 0.4937503828125 0.828125140625 0.5 0.8265622890625 0.5 0.8140622890625 0.5125 0.8125 0.5125 0.8109377109375 0.5140627875 0.809374859375 0.5140627875 0.8046874296875 0.5187503828125 0.803125140625 0.5187503828125 0.796874859375 0.525 0.7953125703125 0.525 0.7890622890625 0.5312503828125 0.7875 0.5312503828125 0.7859377109375 0.5328124046875 0.7859377109375 0.5343751921875 0.784374859375 0.5359372125 0.7828125703125 0.5359372125 0.775 0.5437496171875 0.775 0.5453124046875 0.7703125703125 0.55 0.7671874296875 0.55 0.765625140625 0.5515627875 0.7640622890625 0.5515627875 0.7578125703125 0.5578124046874999 0.75624971875 0.5578124046874999 0.75624971875 0.5765627875 0.7640622890625 0.5765627875 0.771874859375 0.5687503828125 0.7734377109375 0.5687503828125 0.7765622890625 0.5656248078125 0.778125140625 0.5656248078125 0.7890622890625 0.5546875953125 0.790625140625 0.5546875953125 0.796874859375 0.5484372125 0.7984377109375 0.5484372125 0.803125140625 0.5437496171875 0.8046874296875 0.5437496171875 0.8109377109375 0.5375 0.8125 0.5375 0.8203125703125 0.5296875953125 0.821874859375 0.5296875953125 0.8234377109375 0.5281248078125 0.8234377109375 0.5265627875 0.8328125703125 0.5171875953125 0.834374859375 0.5171875953125 0.840625140625 0.5109372125 0.8421874296875 0.5109372125 0.84375028125 0.5093751921874999 0.84375028125 0.5078124046875 0.8453125703125 0.5062503828125 0.846874859375 0.5062503828125 0.8484377109375 0.5046875953125001 0.85 0.5046875953125001 0.8515622890625 0.5031248078125 0.853125140625 0.5031248078125 0.853125140625 0.5015627874999999 0.8546874296875 0.5 0.85624971875 0.5 0.859374859375 0.4968751921875 0.8609377109375 0.4968751921875 0.8609377109375 0.4953124046875 0.8640622890625 0.4921875953125 0.865625140625 0.4921875953125 0.86875028125 0.4890627875 0.86875028125 0.4765627875 0.8578125703125 0.4765627875 0.853125140625 0.4812496171875 0.8515622890625 0.4812496171875 0.8453125703125 0.4875 0.84375028125 0.4875 0.8421874296875 0.4890627875 0.840625140625 0.4890627875 0.8359377109375 0.4937503828125 0.834374859375 0.4937503828125
4 0.9453125703125 0.475 0.9453125703125 0.5109372125 0.9703125703125 0.5109372125 0.9703125703125 0.475 0.9453125703125 0.475
5 0.7359377109375 0.8171875953125 0.7375 0.8156248078124999 0.7390622890625 0.8156248078124999 0.740625140625 0.8140627874999999 0.7421874296875 0.8156248078124999 0.74375028125 0.8156248078124999 0.74375028125 0.725 0.65625028125 0.725 0.65625028125 0.8187503828124999 0.703125140625 0.8187503828124999 0.7046874296875 0.8171875953125 0.7171874296875 0.8171875953125 0.71875028125 0.8187503828124999 0.7328125703125 0.8187503828124999 0.734374859375 0.8171875953125 0.7359377109375 0.8171875953125
4 0.9609377109375 0.375 0.9609377109375 0.41093721250000004 0.9859377109375 0.41093721250000004 0.9859377109375 0.375 0.9609377109375 0.375
1 0.9171874296875 0.4296875953125 0.915625140625 0.4312503828125 0.9140622890625 0.4312503828125 0.9078125703125 0.4375 0.9046874296875 0.4375 0.903125140625 0.4390627875 0.9015622890625 0.4390627875 0.896874859375 0.4437503828125 0.8953125703125 0.4437503828125 0.89375028125 0.4453124046875 0.89375028125 0.44687519218749994 0.890625140625 0.45 0.8890622890625 0.45 0.878125140625 0.4609372125 0.8765622890625 0.4609372125 0.8703125703125 0.46718759531250004 0.86875028125 0.46718759531250004 0.8671874296875 0.46875038281250003 0.865625140625 0.46875038281250003 0.8625 0.47187519218749996 0.8625 0.47343721250000004 0.8609377109375 0.475 0.8609377109375 0.4921875953125 0.865625140625 0.4921875953125 0.8671874296875 0.49062480781250006 0.86875028125 0.49062480781250006 0.875 0.48437519218749997 0.8765622890625 0.48437519218749997 0.8828125703125 0.47812480781250005 0.884374859375 0.47812480781250005 0.8890622890625 0.47343721250000004 0.890625140625 0.47343721250000004 0.8921874296875 0.47187519218749996 0.8921874296875 0.47031240468749996 0.8953125703125 0.46718759531250004 0.896874859375 0.46718759531250004 0.903125140625 0.4609372125 0.9046874296875 0.4609372125 0.90625028125 0.45937519218749995 0.9078125703125 0.45937519218749995 0.9125 0.4546875953125 0.915625140625 0.4546875953125 0.921874859375 0.4484372125 0.9234377109375 0.4484372125 0.9296874296875 0.4421875953125 0.9296874296875 0.4406248078125 0.94374971875 0.4265627875 0.94374971875 0.425 0.9453125703125 0.4234372125 0.946874859375 0.4234372125 0.9484377109375 0.42187519218749997 0.9484377109375 0.4203124046875 0.953125140625 0.41562480781250005 0.953125140625 0.41093721250000004 0.94374971875 0.41093721250000004 0.9421874296875 0.4125 0.9390622890625 0.4125 0.9328125703125 0.4187496171875 0.93125028125 0.4187496171875 0.925 0.425 0.9234377109375 0.425 0.91874971875 0.4296875953125 0.9171874296875 0.4296875953125
4 0.26874971875 0.7562496171875 0.26874971875 0.7328124046875 0.2390622890625 0.7328124046875 0.2390622890625 0.7718751921875 0.2671874296875 0.7718751921875 0.2671874296875 0.7671875953125 0.26874971875 0.7656248078125001 0.26874971875 0.7625 0.2671874296875 0.7609372125 0.2671874296875 0.7578124046875 0.26874971875 0.7562496171875
0 0.546874859375 0.8406248078124999 0.525 0.8406248078124999 0.525 0.8625 0.5265622890625 0.8640627875 0.5296874296875 0.8640627875 0.53124971875 0.8625 0.5390622890625 0.8625 0.540625140625 0.8609372125 0.546874859375 0.8609372125 0.546874859375 0.8406248078124999