4 0.8078125703125 0.4421868296875 0.8078125703125 0.5109372125 0.8578125703125 0.5109372125 0.8578125703125 0.4421868296875 0.8078125703125 0.4421868296875
4 0.86093715 0.3312496171875 0.8625005609375 0.32968759531249997 0.8625005609375 0.30156202187500003 0.86093715 0.3 0.809374859375 0.3 0.809374859375 0.3656248078125 0.81093715 0.3671868296875 0.86093715 0.3671868296875 0.86093715 0.3640627875 0.8625005609375 0.362499234375 0.8625005609375 0.35 0.86093715 0.348437978125 0.86093715 0.3312496171875
4 0.7734377109375 0.7203124046875 0.83125028125 0.7203124046875 0.8328125703125 0.7187503828125 0.8328125703125 0.6562496171875 0.83125028125 0.6546875953125 0.83125028125 0.6453124046875 0.7734377109375 0.6453124046875 0.7734377109375 0.7203124046875
4 0.6484377109375 0.721874425 0.6484377109375 0.7984379781250001 0.709374859375 0.7984379781250001 0.709374859375 0.721874425 0.6484377109375 0.721874425
4 0.745312009375 0.3078131703125 0.745312009375 0.23750076562500003 0.6875005609375 0.23750076562500003 0.6875005609375 0.3093751921875 0.74374971875 0.3093751921875 0.745312009375 0.3078131703125
5 0.31093715 0.762499234375 0.3125005609375 0.7609372125 0.31874971875 0.7609372125 0.320312009375 0.7593751921874999 0.3218754203125 0.7593751921874999 0.3234377109375 0.7609372125 0.3328125703125 0.7609372125 0.334374859375 0.7593751921874999 0.33906285 0.7593751921874999 0.340625140625 0.7578131703125 0.3421874296875 0.7578131703125 0.34374971875 0.7562496171875 0.3468754203125 0.7562496171875 0.3484377109375 0.7546875953125001 0.354687990625 0.7546875953125001 0.35625028125 0.753125575 0.36093715 0.753125575 0.36406285 0.75 0.365625140625 0.75 0.3671874296875 0.748437978125 0.36874971875 0.748437978125 0.370312009375 0.746874425 0.3718754203125 0.746874425 0.375 0.7437503828125 0.3765622890625 0.7437503828125 0.3828125703125 0.737500765625 0.3828125703125 0.6921868296875 0.2468754203125 0.6921868296875 0.2468754203125 0.7609372125 0.2484377109375 0.7609372125 0.25 0.762499234375 0.2625005609375 0.762499234375 0.26406285 0.7609372125 0.2734377109375 0.7609372125 0.275 0.762499234375 0.31093715 0.762499234375
0 0.659374859375 0.7984379781250001 0.659374859375 0.8359372125 0.7125005609375 0.8359372125 0.7125005609375 0.7984379781250001 0.659374859375 0.7984379781250001
0 0.8625005609375 0.6421868296875 0.890625140625 0.6421868296875 0.8921874296875 0.6406248078125001 0.8921874296875 0.637499234375 0.89374971875 0.6359372125 0.89374971875 0.601562021875 0.8625005609375 0.601562021875 0.8625005609375 0.6421868296875
0 0.2874994390625 0.6609372125 0.245312009375 0.6609372125 0.245312009375 0.703125575 0.2781245796875 0.703125575 0.279687990625 0.7015620218749999 0.28125028125 0.7015620218749999 0.2828125703125 0.7 0.284374859375 0.7 0.2874994390625 0.6968744250000001 0.2874994390625 0.6609372125
5 0.7531245796875 0.1796875953125 0.754687990625 0.1796875953125 0.7578125703125 0.176562021875 0.7578125703125 0.0171868296875 0.6421874296875 0.0171868296875 0.6421874296875 0.1843751921875 0.695312009375 0.1843751921875 0.6968754203125 0.1828131703125 0.6984377109375 0.1843751921875 0.7468754203125 0.1843751921875 0.75 0.1812496171875 0.7515622890625 0.1812496171875 0.7531245796875 0.1796875953125
4 0.25625028125 0.9921868296874999 0.2578125703125 0.9906248078125 0.259374859375 0.9906248078125 0.26093715 0.9890627875 0.26093715 0.9859372125 0.2625005609375 0.9843751921875 0.2625005609375 0.9640627875 0.26093715 0.962499234375 0.26093715 0.9437503828124999 0.2625005609375 0.9421868296874999 0.2625005609375 0.9203124046875001 0.209374859375 0.9203124046875001 0.209374859375 0.9937503828124999 0.23125028125 0.9937503828124999 0.2328125703125 0.9921868296874999 0.2421874296875 0.9921868296874999 0.24374971875 0.9937503828124999 0.2468754203125 0.9937503828124999 0.2484377109375 0.9921868296874999 0.25625028125 0.9921868296874999
0 0.2828125703125 0.9328131703125001 0.2828125703125 0.9546875953124999 0.28593715 0.9578131703125001 0.28593715 0.9593751921875 0.2874994390625 0.9609372125 0.2874994390625 0.9656248078124999 0.290625140625 0.9687503828124999 0.2968754203125 0.9687503828124999 0.2984377109375 0.9671868296874999 0.3015622890625 0.9671868296874999 0.31406285 0.9546875953124999 0.315625140625 0.9546875953124999 0.3171874296875 0.953125575 0.3171874296875 0.9484379781250001 0.31874971875 0.9468744250000001 0.31874971875 0.9359372125000001 0.3171874296875 0.9343751921875001 0.3171874296875 0.925 0.315625140625 0.9234379781250001 0.315625140625 0.9156248078125 0.3015622890625 0.9156248078125 0.3 0.9171868296874999 0.3 0.9203124046875001 0.290625140625 0.9296875953124999 0.28906285 0.9296875953124999 0.2874994390625 0.9312496171875001 0.28593715 0.9312496171875001 0.284374859375 0.9328131703125001 0.2828125703125 0.9328131703125001
0 0.7921874296875 0.398437978125 0.7921874296875 0.3562496171875 0.765625140625 0.3562496171875 0.765625140625 0.4 0.790625140625 0.4 0.7921874296875 0.398437978125
0 0.8328125703125 0.2562496171875 0.8328125703125 0.29531240468750003 0.86093715 0.29531240468750003 0.86093715 0.2562496171875 0.8328125703125 0.2562496171875
0 0.4468754203125 0.9703124046875 0.4468754203125 0.998437978125 0.4874994390625 0.998437978125 0.4874994390625 0.9703124046875 0.4468754203125 0.9703124046875
5 0.665625140625 0.8953124046875001 0.7921874296875 0.8953124046875001 0.79374971875 0.8937503828125 0.79374971875 0.8921868296875 0.7968754203125 0.8890627875 0.7968754203125 0.8343751921875 0.665625140625 0.8343751921875 0.665625140625 0.8953124046875001
3 0.745312009375 0.5625007656250001 0.745312009375 0.6140627875 0.79374971875 0.6140627875 0.79374971875 0.5625007656250001 0.745312009375 0.5625007656250001
3 0.395312009375 0.8562496171875 0.395312009375 0.9062496171875001 0.4015622890625 0.9062496171875001 0.4031245796875 0.9078131703125001 0.404687990625 0.9078131703125001 0.40625028125 0.9093751921875001 0.4265622890625 0.9093751921875001 0.4265622890625 0.8562496171875 0.395312009375 0.8562496171875
1 0.58125028125 0.6734379781250001 0.579687990625 0.675 0.5781245796875 0.675 0.5765622890625 0.6765620218749999 0.575 0.6765620218749999 0.575 0.6781255749999999 0.5734377109375 0.6796875953125 0.5718754203125 0.6796875953125 0.56874971875 0.6828131703125 0.5671874296875 0.6828131703125 0.56406285 0.6859372125000001 0.5624994390625 0.6859372125000001 0.559374859375 0.6890627874999999 0.5578125703125 0.6890627874999999 0.55625028125 0.6906248078125 0.554687990625 0.6906248078125 0.5515622890625 0.6937503828125 0.55 0.6937503828125 0.545312009375 0.6984379781250001 0.54374971875 0.6984379781250001 0.53593715 0.7062496171875 0.534374859375 0.7062496171875 0.5281245796875 0.712500765625 0.5265622890625 0.712500765625 0.515625140625 0.723437978125 0.51406285 0.723437978125 0.5125005609375 0.725 0.51093715 0.725 0.504687990625 0.7312496171875 0.5031245796875 0.7312496171875 0.4984377109375 0.7359372125 0.4968754203125 0.7359372125 0.495312009375 0.737500765625 0.49374971875 0.737500765625 0.4921874296875 0.7390627875 0.490625140625 0.7390627875 0.475 0.7546875953125001 0.475 0.7562496171875 0.470312009375 0.7609372125 0.46874971875 0.7609372125 0.465625140625 0.7640627875 0.46406285 0.7640627875 0.459374859375 0.7687503828125 0.4578125703125 0.7687503828125 0.45625028125 0.7703124046875 0.45625028125 0.771874425 0.454687990625 0.773437978125 0.4531245796875 0.773437978125 0.43906285 0.787499234375 0.4375005609375 0.787499234375 0.425 0.8 0.4234377109375 0.8 0.41874971875 0.8046875953124999 0.4171874296875 0.8046875953124999 0.4124994390625 0.8093751921875001 0.41093715 0.8093751921875001 0.4078125703125 0.8125007656250001 0.404687990625 0.8125007656250001 0.4031245796875 0.8140627874999999 0.4031245796875 0.8421868296874999 0.4124994390625 0.8421868296874999 0.41406285 0.8406248078124999 0.4171874296875 0.8406248078124999 0.41874971875 0.8390627875 0.420312009375 0.8390627875 0.4234377109375 0.8359372125 0.425 0.8359372125 0.4265622890625 0.8343751921875 0.4281245796875 0.8343751921875 0.43125028125 0.8312496171875001 0.4328125703125 0.8312496171875001 0.4531245796875 0.8109372125000001 0.454687990625 0.8109372125000001 0.4578125703125 0.8078131703125001 0.459374859375 0.8078131703125001 0.4671874296875 0.8 0.46874971875 0.8 0.4718754203125 0.796874425 0.4734377109375 0.796874425 0.4828125703125 0.787499234375 0.484374859375 0.787499234375 0.49374971875 0.778125575 0.495312009375 0.778125575 0.5 0.773437978125 0.5015622890625 0.773437978125 0.5031245796875 0.771874425 0.504687990625 0.771874425 0.509374859375 0.7671868296875 0.51093715 0.7671868296875 0.515625140625 0.762499234375 0.5171874296875 0.762499234375 0.51874971875 0.7609372125 0.520312009375 0.7609372125 0.5265622890625 0.7546875953125001 0.5281245796875 0.7546875953125001 0.534374859375 0.748437978125 0.53593715 0.748437978125 0.5374994390625 0.746874425 0.5374994390625 0.7453124046874999 0.53906285 0.7437503828125 0.540625140625 0.7437503828125 0.540625140625 0.7421868296875 0.5468754203125 0.7359372125 0.5468754203125 0.7343751921874999 0.5515622890625 0.7296875953125 0.5531245796875 0.7296875953125 0.559374859375 0.723437978125 0.56093715 0.723437978125 0.565625140625 0.7187503828125 0.5671874296875 0.7187503828125 0.570312009375 0.7156248078125 0.5718754203125 0.7156248078125 0.58125028125 0.7062496171875 0.5828125703125 0.7062496171875 0.584374859375 0.7046875953125 0.58593715 0.7046875953125 0.590625140625 0.7 0.5921874296875 0.7 0.59374971875 0.6984379781250001 0.595312009375 0.6984379781250001 0.61093715 0.6828131703125 0.61093715 0.6812496171875 0.620312009375 0.671874425 0.6218754203125 0.671874425 0.6218754203125 0.6703124046875 0.625 0.6671868296875 0.6265622890625 0.6671868296875 0.63125028125 0.662499234375 0.6328125703125 0.662499234375 0.634374859375 0.6609372125 0.634374859375 0.6421868296875 0.61874971875 0.6421868296875 0.61093715 0.65 0.609374859375 0.65 0.5968754203125 0.662499234375 0.595312009375 0.662499234375 0.5921874296875 0.6656248078125 0.590625140625 0.6656248078125 0.5828125703125 0.6734379781250001 0.58125028125 0.6734379781250001
3 0.6374994390625 0.7359372125 0.6374994390625 0.6812496171875 0.6125005609375 0.6812496171875 0.6125005609375 0.7328131703125 0.615625140625 0.7359372125 0.6374994390625 0.7359372125
5 0.9734377109375 0.671874425 0.9734377109375 0.6703124046875 0.9781245796875 0.6656248078125 0.9781245796875 0.6359372125 0.8671874296875 0.6359372125 0.8671874296875 0.671874425 0.9734377109375 0.671874425
5 0.7375005609375 0.3328131703125 0.66874971875 0.3328131703125 0.66874971875 0.3671868296875 0.73593715 0.3671868296875 0.7375005609375 0.3656248078125 0.7375005609375 0.3640627875 0.73906285 0.362499234375 0.73906285 0.3562496171875 0.7375005609375 0.3546875953125 0.7375005609375 0.3328131703125
3 0.7984377109375 0.2296875953125 0.7968754203125 0.23124961718749998 0.795312009375 0.2296875953125 0.79374971875 0.2296875953125 0.790625140625 0.22656202187500002 0.765625140625 0.22656202187500002 0.765625140625 0.32343797812499997 0.809374859375 0.32343797812499997 0.809374859375 0.22656202187500002 0.80625028125 0.22656202187500002 0.804687990625 0.22812557500000002 0.8031245796875 0.22812557500000002 0.8015622890625 0.2296875953125 0.7984377109375 0.2296875953125
4 0.76093715 0.7828131703125 0.76093715 0.778125575 0.759374859375 0.776562021875 0.759374859375 0.775 0.71874971875 0.775 0.7171874296875 0.776562021875 0.7171874296875 0.778125575 0.715625140625 0.7796875953125 0.71406285 0.7796875953125 0.7125005609375 0.778125575 0.7125005609375 0.775 0.70625028125 0.775 0.70625028125 0.8421868296874999 0.765625140625 0.8421868296874999 0.765625140625 0.796874425 0.76406285 0.7953124046875 0.76406285 0.7921868296875 0.7624994390625 0.7906248078125 0.7624994390625 0.7843751921875 0.76093715 0.7828131703125
1 0.770312009375 0.5140627875 0.759374859375 0.525 0.7578125703125 0.525 0.75625028125 0.526562021875 0.75625028125 0.528125575 0.745312009375 0.5390627875 0.74374971875 0.5390627875 0.74374971875 0.5406248078125 0.734374859375 0.55 0.7328125703125 0.55 0.7265622890625 0.5562496171875 0.725 0.5562496171875 0.7218754203125 0.5593751921875 0.720312009375 0.5593751921875 0.71874971875 0.5609372125000001 0.715625140625 0.5609372125000001 0.71406285 0.5625007656250001 0.7125005609375 0.5625007656250001 0.7078125703125 0.5671868296875 0.70625028125 0.5671868296875 0.704687990625 0.5687503828125 0.7031245796875 0.5687503828125 0.7 0.5718744250000001 0.6984377109375 0.5718744250000001 0.695312009375 0.575 0.69374971875 0.575 0.6921874296875 0.5765620218749999 0.690625140625 0.5765620218749999 0.679687990625 0.587500765625 0.679687990625 0.5890627875 0.675 0.5937503828125 0.675 0.5953124046875 0.6671874296875 0.603125575 0.6671874296875 0.6046875953125 0.665625140625 0.6062496171875 0.66406285 0.6062496171875 0.66406285 0.6078131703125 0.659374859375 0.612500765625 0.6578125703125 0.612500765625 0.6468754203125 0.623437978125 0.645312009375 0.623437978125 0.64374971875 0.625 0.6421874296875 0.625 0.6374994390625 0.6296875953125001 0.63593715 0.6296875953125001 0.6328125703125 0.6328131703125 0.63125028125 0.6328131703125 0.6265622890625 0.637499234375 0.625 0.637499234375 0.6234377109375 0.6390627875 0.6218754203125 0.6390627875 0.6171874296875 0.6437503828125 0.6171874296875 0.6453124046875 0.615625140625 0.646874425 0.615625140625 0.6781255749999999 0.61874971875 0.675 0.620312009375 0.675 0.629687990625 0.6656248078125 0.629687990625 0.6640627875 0.63125028125 0.662499234375 0.6328125703125 0.662499234375 0.634374859375 0.6609372125 0.63593715 0.6609372125 0.6374994390625 0.6593751921875 0.63906285 0.6593751921875 0.64374971875 0.6546875953125 0.645312009375 0.6546875953125 0.6468754203125 0.653125575 0.6484377109375 0.653125575 0.6484377109375 0.651562021875 0.65 0.65 0.6515622890625 0.65 0.6531245796875 0.648437978125 0.654687990625 0.648437978125 0.65625028125 0.646874425 0.6578125703125 0.646874425 0.66406285 0.6406248078125001 0.665625140625 0.6406248078125001 0.6828125703125 0.623437978125 0.684374859375 0.623437978125 0.690625140625 0.6171868296875 0.6921874296875 0.6171868296875 0.69374971875 0.6156248078125001 0.695312009375 0.6156248078125001 0.7015622890625 0.6093751921874999 0.7031245796875 0.6093751921874999 0.7078125703125 0.6046875953125 0.709374859375 0.6046875953125 0.715625140625 0.598437978125 0.7171874296875 0.598437978125 0.725 0.5906248078125 0.7265622890625 0.5906248078125 0.7281245796875 0.5890627875 0.7281245796875 0.587500765625 0.73125028125 0.5843751921875 0.73125028125 0.5828131703125 0.7328125703125 0.5812496171875 0.734374859375 0.5812496171875 0.7375005609375 0.578125575 0.73906285 0.578125575 0.74374971875 0.5734379781250001 0.745312009375 0.5734379781250001 0.7515622890625 0.5671868296875 0.7531245796875 0.5671868296875 0.754687990625 0.5656248078125 0.754687990625 0.5640627874999999 0.7578125703125 0.5609372125000001 0.759374859375 0.5609372125000001 0.76093715 0.5593751921875 0.76093715 0.5578131703125 0.76406285 0.5546875953125 0.765625140625 0.5546875953125 0.7734377109375 0.546874425 0.7734377109375 0.5453124046875 0.7781245796875 0.5406248078125 0.7781245796875 0.5390627875 0.784374859375 0.5328131703125 0.784374859375 0.5312496171875 0.78593715 0.5296875953125 0.78593715 0.528125575 0.7874994390625 0.526562021875 0.7874994390625 0.525 0.79374971875 0.5187503828125 0.79374971875 0.5171868296875 0.795312009375 0.5156248078125001 0.795312009375 0.5078131703125 0.79374971875 0.5062496171875 0.79374971875 0.503125575 0.7921874296875 0.501562021875 0.78906285 0.501562021875 0.784374859375 0.5062496171875 0.7828125703125 0.5062496171875 0.78125028125 0.5078131703125 0.779687990625 0.5078131703125 0.7781245796875 0.5093751921874999 0.7765622890625 0.5093751921874999 0.7718754203125 0.5140627875 0.770312009375 0.5140627875
3 0.3484377109375 0.9593751921875 0.3484377109375 0.998437978125 0.38906285 0.998437978125 0.38906285 0.9593751921875 0.3484377109375 0.9593751921875
3 0.675 0.6421868296875 0.675 0.675 0.7 0.675 0.7 0.6421868296875 0.675 0.6421868296875
1 0.182780021875 0.92539969375 0.18912457968750002 0.9694869828125 0.797772165625 0.47033996875 0.7980785640625 0.4264486984375 0.182780021875 0.92539969375
1 0.877212121875 0.218839203125 0.90702356875 0.1150689125 0.94117620625 0.11452067343750001 0.936190796875 0.059888207812500004 0.8914545453124999 0.076569678125 0.835869809375 0.1877580390625 0.877212121875 0.218839203125
1 0.887214365625 0.5066753453125 0.8891560046875 0.1855099546875 0.860740740625 0.215908115625 0.8577845125 0.5119234296874999 0.8602334453125 0.5100428796875 0.887214365625 0.5066753453125
2 0.769061728125 0.22027411875 0.7567744109375 0.2493981625 0.789961840625 0.272565084375 0.7863546578125 0.5627442578124999 0.2324837265625 0.99846860625 0.28850617343749996 0.99846860625 0.789748596875 0.59307350625 0.8117946125 0.5510796328125 0.8103670031249999 0.2562434921875 0.769061728125 0.22027411875