2 0.339436790625 0.3715238609375 0.2864794953125 0.2886883375 0.7443005703125001 0.324736040625 0.10671159687500001 0.9777867484374999 0.1423158234375 0.9804923890625 0.780880975 0.3127322890625 0.2552356203125 0.2713620234375 0.318457209375 0.3849887984375 0.339436790625 0.3715238609375
0 0.29226670625 0.1474802625 0.296090765625 0.11466978750000001 0.2550315890625 0.11154961249999999 0.2512075296875 0.1443600890625 0.29226670625 0.1474802625
0 0.5394887265625 0.29900132031250004 0.5433291171875 0.2660507296875 0.497473084375 0.26256603125 0.49363269374999996 0.295516621875 0.5394887265625 0.29900132031250004
0 0.82321944375 0.359871621875 0.8272775749999999 0.3250528203125 0.7871078812500001 0.32200023906249997 0.78304975 0.356819040625 0.82321944375 0.359871621875
0 0.735209675 0.576109290625 0.7404939546875 0.53077011875 0.6967822124999999 0.52744836875 0.6914979328124999 0.57278754375 0.735209675 0.576109290625
0 0.45201075625 0.7494253265624999 0.457248765625 0.7044831484375 0.4142517875 0.701215715625 0.40901377656250004 0.74615789375 0.45201075625 0.7494253265624999
0 0.2461188125 0.521843934375 0.25290413906250003 0.46362577343750005 0.207746984375 0.46019418593749994 0.20096165937500002 0.518412346875 0.2461188125 0.521843934375
0 0.1280278078125 0.5248676140625 0.1333801296875 0.478944625 0.0919556296875 0.47579668750000004 0.08660330625 0.521719678125 0.1280278078125 0.5248676140625
0 0.906049834375 0.2181830765625 0.9126541625 0.1615178703125 0.86818000625 0.1581381828125 0.8615756781250001 0.21480339218750003 0.906049834375 0.2181830765625
0 0.8626225078124999 0.43412160312500003 0.869086665625 0.37865905624999996 0.8273603765624999 0.3754881859375 0.8208962171874999 0.430950734375 0.8626225078124999 0.43412160312500003
4 0.4058691953125 0.2728857375 0.4119060390625 0.22108955625 0.344654759375 0.2159789875 0.338617915625 0.2677751671875 0.4058691953125 0.2728857375
4 0.7890284921874999 0.295553425 0.7948108546875 0.24594071562500003 0.72552646875 0.24067564687499998 0.7197441078125 0.29028835625 0.7890284921874999 0.295553425
4 0.816340871875 0.45071847187499997 0.8230350203125001 0.3932826234375 0.7530835234375 0.3879668609375 0.7463893765625 0.44540270781249997 0.816340871875 0.45071847187499997
4 0.56761728125 0.712723040625 0.5741603703125 0.6565832671875 0.49734714531249996 0.650746065625 0.4908040578125 0.706885840625 0.56761728125 0.712723040625
4 0.1961554203125 0.4008504609375 0.20254881249999998 0.34599508437500004 0.1282610875 0.3403498 0.12186769374999999 0.3952051796875 0.1961554203125 0.4008504609375
0 0.6605998453125 0.4219488203125 0.68404966875 0.39516730624999996 0.6520756703125 0.379252084375 0.6284455609374999 0.40627434375 0.6605998453125 0.4219488203125
0 0.4144120046875 0.9419586890625 0.420983671875 0.8855737140625 0.37986095937500003 0.8824487109374999 0.3732892921875 0.9388336875000001 0.4144120046875 0.9419586890625
5 0.38054557031249997 0.9985959781249999 0.3852739328125 0.958026584375 0.321231146875 0.9531598359375 0.316502784375 0.9937292296875 0.38054557031249997 0.9985959781249999
0 0.3187979671875 0.9939036453125001 0.323768565625 0.9512558671875 0.2834400359375 0.9481912156250001 0.27846943749999997 0.9908389953125001 0.3187979671875 0.9939036453125001
3 0.32747145624999996 0.3314457703125 0.3347793578125 0.2687439015625 0.251882703125 0.2624444078125 0.244574803125 0.325146275 0.32747145624999996 0.3314457703125
3 0.764896109375 0.3736450984375 0.7728177656249999 0.30567720625 0.7087749796875 0.30081045781250004 0.7008533234375001 0.3687783515625 0.764896109375 0.3736450984375
3 0.6267875375 0.4976863609375 0.6299597390625 0.47046884687499996 0.587502803125 0.467242453125 0.5843306015625 0.4944599671875 0.6267875375 0.4976863609375
3 0.4212451703125 0.712019090625 0.4250270453125 0.6795705828124999 0.380028728125 0.6761510656249999 0.3762468546875 0.7085995734375 0.4212451703125 0.712019090625
1 0.843350703125 0.25577956562500004 0.8576154484374999 0.235115815625 0.3372342453125 0.1932079171875 0.32418804843750004 0.211239615625 0.843350703125 0.25577956562500004
1 0 0.96967750625 0.0089293125 0.9703560640625 0.6571899703125 0.3102521625 0.6195512453124999 0.3070420578125 0 0.9448168265625 0 0.96967750625
1 0.3275188890625 0.6856497125 0.36185513125 0.6913335093749999 0.5739881703124999 0.48050780625 0.5381547890625 0.4739068609375 0.3275188890625 0.6856497125
5 0.364794240625 0.6925687390624999 0.326039753125 0.687245371875 0.1258865484375 0.897974278125 0.164757453125 0.8998102640625 0.364794240625 0.6925687390624999
5 0.8136116124999999 0.6770001609375 0.829352859375 0.5419400999999999 0.7306361140625001 0.534438403125 0.714894865625 0.6694984640625 0.8136116124999999 0.6770001609375
5 0.9820307890625 0.39162398593750003 0.8604559437500001 0.382385253125 0.8450780515625 0.5143277328125 0.974656684375 0.524174690625 0.9766561796875 0.5070189968750001 0.9820307890625 0.39162398593750003
5 0.9578516125000001 0.30167998125 0.9730512296875 0.171267096875 0.9032585703124999 0.16596340468749998 0.8880589515624999 0.2963762875 0.9578516125000001 0.30167998125
5 0.312435740625 0.23689571250000002 0.32581722812499997 0.12208240156250001 0.2908255984375 0.1194233125 0.2774441078125 0.2342366234375 0.312435740625 0.23689571250000002
5 0.2086916265625 0.3266306921875 0.22553518281249998 0.18211280937500002 0.055072090625 0.1691589546875 0.038228534375 0.31367683749999997 0.2086916265625 0.3266306921875
5 0.1748342109375 0.6316327390625001 0.191134778125 0.49177370781249996 0.127679684375 0.48695162031250006 0.11137911874999999 0.62681065 0.1748342109375 0.6316327390625001
5 0.295996090625 0.6127100671875 0.3116026125 0.4788059640625 0.24346184843750002 0.47362780156250006 0.22785532812499998 0.6075319046875001 0.295996090625 0.6127100671875
5 0.5008664859375 0.8447254687499999 0.5159245718750001 0.7155269234375 0.45215180781250003 0.71068069375 0.4370937203125 0.839879240625 0.5008664859375 0.8447254687499999
5 0.50037194375 1 0.5121784625 0.89869994375 0.4154789359375 0.8913515406249999 0.4028159609375 1 0.50037194375 1