2 0.2816562484375 0.24489805625 0.34854938125 0.33518845625 0.3837718078125 0.314527946875 0.280851790625 0.185192359375 0.11646040937499999 0.7673085328125 0.9781913359375001 0.3453432796875 0.9806988406249999 0.3022910671875 0.1493005609375 0.7169539359375 0.2816562484375 0.24489805625
0 0.152186715625 0.153704528125 0.11906160937500002 0.146929740625 0.1068577546875 0.1894248796875 0.1399828609375 0.19619966875 0.152186715625 0.153704528125
0 0.21089459375000003 0.4497333375 0.180088125 0.443432759375 0.16469582968750002 0.497030384375 0.1955023 0.5033309609375001 0.21089459375000003 0.4497333375
0 0.1579074046875 0.7711635140624999 0.1252532703125 0.7644850484375 0.1150367609375 0.8000600312499999 0.1476908953125 0.806738496875 0.1579074046875 0.7711635140624999
0 0.22424763906249998 0.8367113249999999 0.1653639265625 0.824668353125 0.1521085140625 0.8708251296875 0.2109922265625 0.8828681015625 0.22424763906249998 0.8367113249999999
0 0.411032446875 0.7505382203125001 0.365492971875 0.741224428125 0.3522375578125 0.787381203125 0.397777034375 0.79669499375 0.411032446875 0.7505382203125001
0 0.691609265625 0.51894776875 0.6417948046874999 0.508759653125 0.628722690625 0.5542781625 0.6785371515625 0.564466278125 0.691609265625 0.51894776875
0 0.8968761234375 0.541759090625 0.8348163625 0.52906655 0.8210785828124999 0.5769029765625 0.8831383453124999 0.5895955171875 0.8968761234375 0.541759090625
0 0.92283575 0.5013837609375 0.9685583640625 0.5107350078125 0.9716986203125 0.45681889531250003 0.937634734375 0.44985210625 0.92283575 0.5013837609375
0 0.5883827390625 0.1111257921875 0.542480978125 0.10173790625000001 0.530836665625 0.142284653125 0.576738428125 0.151672540625 0.5883827390625 0.1111257921875
0 0.54100073125 0.23103795 0.48141659687500005 0.21885172812499998 0.46920309375 0.261380459375 0.5287872296875 0.27356668125 0.54100073125 0.23103795
4 0.24619465625 0.2810698078125 0.1894363625 0.2694615296875 0.1666397515625 0.348841778125 0.2233980484375 0.3604500578125 0.24619465625 0.2810698078125
4 0.1217798796875 0.6876721546875 0.06929656875 0.6769382 0.047266921875 0.7536478062499999 0.0997502296875 0.764381759375 0.1217798796875 0.6876721546875
4 0.2653261609375 0.763435259375 0.2036407625 0.750819284375 0.182165834375 0.8255972921874999 0.24385123437499998 0.83821326875 0.2653261609375 0.763435259375
4 0.6184929796875 0.5869162421875 0.5599836296875 0.5749498359375 0.5354987390625 0.6602088578124999 0.5940080890625 0.672175265625 0.6184929796875 0.5869162421875
4 0.45313463593750003 0.098313515625 0.39600197656249997 0.0866286734375 0.371198725 0.17299626562499998 0.428331384375 0.18468110937499999 0.45313463593750003 0.098313515625
5 0 0.90841158125 0.0558788859375 0.9198400015624999 0.07076951875000001 0.8679892140625001 0 0.8535153421875 0 0.90841158125
5 0.28119724375 0.9659223984375 0.30147107968750003 0.8953267171875 0.1551675140625 0.8654045265624999 0.1348936796875 0.9360002062499999 0.28119724375 0.9659223984375
5 0.503678621875 0.8096315421875 0.3554549375 0.7793166453125 0.32721241874999996 0.8776601390625001 0.475436103125 0.9079750359375 0.503678621875 0.8096315421875
5 0.9493972203125001 0.5911166390625 0.8335861453125 0.5674308109374999 0.8023433093750001 0.6762217296874999 0.9181543859374999 0.69990755625 0.9493972203125001 0.5911166390625
5 0.7698669687499999 0.5791706578125 0.633405534375 0.55126139375 0.615678590625 0.612988521875 0.7521400265625 0.6408977874999999 0.7698669687499999 0.5791706578125
5 0.23195482968749997 0 0.1916158828125 0.14046455 0.34865521875 0.172582434375 0.39821785468750004 0 0.23195482968749997 0
5 0.235955696875 0.211097865625 0.112427909375 0.18583380625 0.10159397187500001 0.223558740625 0.22512176093749997 0.24882279999999998 0.235955696875 0.211097865625
5 0.700648228125 0.1717776234375 0.5352159109375 0.13794319531250002 0.5149710171875 0.2084380984375 0.6804033328125 0.24227252500000002 0.700648228125 0.1717776234375
5 0.6277061890625 0.28468390625 0.480702203125 0.254618465625 0.4576981765625 0.3347209625 0.6047021609375001 0.3647864046875 0.6277061890625 0.28468390625
1 0.41532835781250005 0.2365302828125 0.46687371874999994 0.24176416875 0.4755083546875 0.2118176421875 0.417543534375 0.199050334375 0.3763261109375 0.2470905328125 0.32657417187500004 0.180909303125 0.3124655015625 0.20250568906250002 0.4019143515625 0.3161845421875 0.4165197375 0.2956767046875 0.3888056640625 0.2640275671875 0.41532835781250005 0.2365302828125
1 0.1949462796875 0.25303123125 0.16686917343750002 0.264611325 0.0120306734375 0.8112373015625 0.0374197375 0.801956290625 0.1949462796875 0.25303123125
1 0.36879149375 0.564740859375 0.36135684375 0.5945380234375001 0.6541662781250001 0.44870069843750005 0.6629840703125 0.4146037265625 0.36879149375 0.564740859375
1 0.9454835296875 0.276049015625 0.6598076890625 0.41497483593749995 0.6532136687500001 0.4534424421875 0.936344909375 0.309865196875 0.9454835296875 0.276049015625
1 0.166603946875 0.6239167234375 0.9858083109375 0.21456485937499997 0.98775405 0.18115780312500002 0.17573531874999998 0.585695978125 0.166603946875 0.6239167234375
3 0.33490848125 0.2096760734375 0.2697209734375 0.1963438421875 0.2443099421875 0.2848277921875 0.3094974484375 0.298160025 0.33490848125 0.2096760734375
3 0.20167918437500001 0.6928277296875 0.13455947968749998 0.679100321875 0.11306043437499999 0.7539623125 0.1801801375 0.7676897203124999 0.20167918437500001 0.6928277296875
3 0.6641549609374999 0.4656920203125 0.6313559125 0.4589839171875 0.61649904375 0.5107171296875 0.6492980953124999 0.5174252328125 0.6641549609374999 0.4656920203125
3 0.949077546875 0.3280223390625 0.9205655593750001 0.3221910296875 0.9056363375 0.37417619062499996 0.9341483234375 0.380007496875 0.949077546875 0.3280223390625
3 0.3755018609375 0.6115880578125 0.346941571875 0.605746871875 0.3302131234375 0.6639971250000001 0.35877341406249996 0.6698383109375 0.3755018609375 0.6115880578125
0 0.2710836421875 0.62829690625 0.23536240468749997 0.644920009375 0.23852131718749997 0.684553609375 0.2735555984375 0.6676335156250001 0.2710836421875 0.62829690625