4 0.2387552375 0.16862543125 0.23913590624999997 0.170253575 0.308271540625 0.15873538125 0.29532719375 0.10337147499999999 0.2261915578125 0.1148896671875 0.22496332031250002 0.116785859375 0.2367656640625 0.16726533593749998 0.2387552375 0.16862543125
4 0.4525946109375 0.132999184375 0.4404115984375 0.0808915640625 0.43842360156250004 0.07953120625 0.372502625 0.0905138296875 0.38506630468749997 0.1442495921875 0.4525946109375 0.132999184375
4 0.5486768343749999 0.2438759375 0.5361131546875 0.1901401734375 0.46376128593750005 0.2021942015625 0.462534625 0.20409013125 0.47471763593749994 0.2561977515625 0.5486768343749999 0.2438759375
4 0.0432300890625 0.3111667296875 0.012885071875000001 0.31622229687500003 0.0154184796875 0.37839660468749997 0.057316714062499996 0.3714162390625 0.0432300890625 0.3111667296875
0 0.08957071875 0.10212337812500001 0.086354484375 0.10265921250000001 0.085127825 0.10455514218749999 0.08030426093750001 0.10535876250000001 0.0871573765625 0.1346700296875 0.1289605375 0.127705503125 0.12172675468750001 0.0967660921875 0.10564873749999999 0.0994447359375 0.10442049843750001 0.101340928125 0.091558715625 0.1034837359375 0.08957071875 0.10212337812500001
4 0.1060226125 0.22964990156249998 0.09155531875 0.1677722484375 0.017596120312499998 0.180094059375 0.0151414953125 0.18388735 0.028847179687500002 0.24250754687499998 0.1060226125 0.22964990156249998
0 0.36957927968750004 0.163747846875 0.35671749375 0.16589065625 0.3542625953125 0.169682778125 0.35997343437499996 0.19410844375 0.40499282968749994 0.1866080859375 0.39852065625 0.15892613125 0.385657296875 0.1610692046875 0.384430634375 0.1629651328125 0.371567275 0.1651082046875 0.36957927968750004 0.163747846875
0 0.17881266875 0.791040896875 0.222223159375 0.7838085875 0.21156309218749997 0.7382147125 0.1697599296875 0.7451792375 0.1701405984375 0.74680738125 0.1689139375 0.7487033109375 0.17881266875 0.791040896875
5 0.7553273765624999 0.1417762984375 0.5897220578125 0.1693666140625 0.6163723625 0.2833518875 0.78197768125 0.2557615703125 0.7553273765624999 0.1417762984375
5 0.10464836250000001 0.659594484375 0.10502902968750001 0.661222628125 0.10380236875 0.6631185578125 0.1049446453125 0.6680041578125 0.103716409375 0.66990035 0.10409707812499999 0.67152849375 0.1028706890625 0.67342559375 0.10325135625 0.6750537375000001 0.098343409375 0.6826388859375 0.0987240765625 0.68426703125 0.0962691796875 0.6880591515625001 0.09703051562500001 0.6913154390625 0.095804128125 0.6932125390625 0.09694613125 0.6980969703125 0.09571789375 0.6999931625 0.1177996375 0.7944383703125 0.1853295203125 0.7831877 0.152587709375 0.64314861875 0.109175640625 0.6503811921875 0.1067223203125 0.65417305 0.1071032609375 0.6558023625 0.10464836250000001 0.659594484375
5 0.046149365625 0.0807394421875 0.05868105 0.13433835624999999 0.092445990625 0.128713021875 0.07991430625 0.0751141078125 0.046149365625 0.0807394421875
0 0.4954987671875 0.1021669015625 0.48826498437500004 0.071227490625 0.4480707265625 0.0779239671875 0.44684249062500003 0.079820159375 0.45369560625 0.1091314265625 0.4954987671875 0.1021669015625
1 0.07617361406249999 0.6592625515625 0.0823084953125 0.649782640625 0.08391582343750001 0.6495148546875 0.0851437875 0.64761749375 0.083240175 0.63947560625 0.085693496875 0.6356837453125 0.08531282968750001 0.634055603125 0.08776745312499999 0.6302623109375001 0.0893747828125 0.6299945250000001 0.0918296796875 0.6262024046875 0.09144901250000001 0.624574259375 0.092675675 0.62267833125 0.09229500625 0.6210501859375 0.0959762921875 0.6153609671875 0.097585196875 0.61509291875 0.1037198046875 0.6056118390624999 0.10333913749999998 0.6039836953125 0.11070198281250002 0.5926064249999999 0.11032131406250001 0.59097828125 0.11277593906250001 0.587184990625 0.1123952703125 0.585556846875 0.1148485953125 0.5817649874999999 0.114467653125 0.5801356734375 0.11569588906249999 0.57823948125 0.11531522187500001 0.5766113374999999 0.12022316875000001 0.5690261890625 0.1218304984375 0.568758403125 0.125512059375 0.563070353125 0.1271193859375 0.562802565625 0.1393917546875 0.5438398828125 0.1390110859375 0.5422117390625 0.142690796875 0.5365227828125 0.142310128125 0.5348946359375 0.1484463125 0.5254132953124999 0.1480656453125 0.5237851515624999 0.156655153125 0.5105119515625 0.1558935421875 0.50725449375 0.15712020468750001 0.5053585640625 0.15635886875 0.5021022765625001 0.15758683281250002 0.500204915625 0.156825496875 0.496948628125 0.167869628125 0.4798821359375 0.16748896093750001 0.47825399218750003 0.1711705203125 0.472565940625 0.170789578125 0.47093662812500003 0.1891952515625 0.4424942984375 0.1888143109375 0.44086498281250003 0.1949504953125 0.431383640625 0.1945698265625 0.4297554984375 0.1994780484375 0.4221715171875 0.19909710625000002 0.420542203125 0.205233290625 0.4110608625 0.20485262343750002 0.40943271875000004 0.21712341406250002 0.390470296875 0.216742746875 0.38884215312500003 0.2191960703125 0.3850502953125 0.21881540312499997 0.3834221515625 0.22249668749999998 0.37773293125 0.22211602031250002 0.3761047875 0.2257973046875 0.3704155671875 0.22541663750000002 0.368787421875 0.23155282187499998 0.3593060796875 0.231172153125 0.3576779375 0.23239881406250001 0.35578200937500004 0.23400614531250002 0.355514221875 0.23523438125 0.3536180296875 0.23485344062500002 0.3519887171875 0.23608010156249998 0.3500927875 0.235699434375 0.34846464374999997 0.2430622796875 0.3370873734375 0.2426816109375 0.335459228125 0.25004445625 0.3240819578125 0.249663515625 0.32245264375 0.25334507500000003 0.3167645921875 0.2529644078125 0.31513645 0.257872353125 0.30755129999999997 0.2574916859375 0.30592315625 0.26730915624999996 0.2907525921875 0.2669284890625 0.28912445 0.2681551484375 0.28722851875 0.2677744796875 0.28560037656250004 0.27022753125 0.2818073484375 0.26984686406249997 0.280179203125 0.27230176250000004 0.2763870828125 0.27192109375 0.274758940625 0.275602378125 0.2690697171875 0.275221709375 0.267441575 0.27767633593749996 0.263648284375 0.2772956671875 0.262020140625 0.280977228125 0.256332090625 0.2805962859375 0.254702775 0.281822946875 0.252806846875 0.281442278125 0.2511787015625 0.288805125 0.23980143125 0.28842445781250003 0.2381732875 0.2957873015625 0.226796015625 0.2954063609375 0.22516670312499998 0.299087921875 0.21947865156250002 0.298707253125 0.2178505078125 0.3023869625 0.21216154999999998 0.301244959375 0.20727711875 0.3024729234375 0.20537975625 0.3017115875 0.20212346874999998 0.3029382484375 0.20022754062499998 0.301415303125 0.1937137953125 0.29544946250000004 0.1896318125 0.29223480468749996 0.1901673828125 0.29100684062500004 0.1920647453125 0.2893995125 0.1923325328125 0.2746738203125 0.21508707343750003 0.2730664921875 0.215354859375 0.2718398328125 0.2172507890625 0.27222050000000003 0.21887893281249998 0.2685392125 0.22456815312499998 0.26891988125 0.22619629687499998 0.26278369687500003 0.23567763749999998 0.2631643640625 0.23730578125 0.25825641718750003 0.24489093281250002 0.258637084375 0.246519075 0.2549558 0.252208296875 0.25533646718749997 0.2538364390625 0.25288157031249997 0.2576285625 0.2532622375 0.2592567046875 0.24589966406250002 0.270635146875 0.2462803328125 0.272263290625 0.240145725 0.2817443703125 0.240526390625 0.28337251406249997 0.2356184453125 0.2909576640625 0.2359991125 0.2925858078125 0.232317553125 0.29827385781250004 0.23269849531250003 0.299903171875 0.2277886984375 0.3074874140625 0.22816936562499998 0.3091155578125 0.2220347578125 0.3185966375 0.2224156984375 0.32022595 0.21750747812500001 0.32780993125 0.2178884203125 0.32943924375 0.2080706765625 0.3446086359375 0.2084513453125 0.3462367796875 0.2059967203125 0.3500300703125 0.2043893890625 0.35029785625 0.20477005781250002 0.351926 0.19863545 0.3614070796875 0.19901611875 0.363035225 0.19410659531250002 0.3706206359375 0.19448726249999998 0.3722487796875 0.1883526546875 0.3817298609375 0.188733321875 0.383358003125 0.18750508593749998 0.3852541953125 0.18589775625 0.38552198125000003 0.1846710953125 0.3874179109375 0.1850520359375 0.3890472234375 0.18014381562499998 0.396631203125 0.18052475625 0.3982605171875 0.1792965203125 0.40015670937500003 0.17967718906250002 0.4017848546875 0.1747692421875 0.409370003125 0.175149909375 0.410998146875 0.165333740625 0.42616727499999996 0.16571468125 0.42779659062500003 0.1620331234375 0.433484640625 0.162413790625 0.43511278593749997 0.1587325046875 0.4408020046875 0.15911317187500001 0.44243014843750006 0.156658275 0.44622227031249995 0.157039215625 0.44785158437500006 0.152130996875 0.4554355640625 0.1525116640625 0.45706370781250005 0.1512837 0.45896106875 0.1496763703125 0.4592288546875 0.1500570390625 0.46085699843750005 0.147602140625 0.46464912031249994 0.1479828078125 0.4662772640625 0.1443031 0.4719662234375 0.1446837671875 0.473594365625 0.1410024796875 0.4792835859375 0.1413831484375 0.48091172968749996 0.14015491093750002 0.482807921875 0.140535578125 0.484436065625 0.1393089171875 0.4863319953125 0.14007052656250002 0.48958945312499996 0.1339343421875 0.49907079374999996 0.1323270125 0.49933858124999997 0.1311003515625 0.5012345093749999 0.1294930234375 0.5015022953125 0.1282647859375 0.5033984859375 0.12665745625 0.5036662734374999 0.121749509375 0.5112514218750001 0.122130178125 0.512879565625 0.11722065468750001 0.5204649796874999 0.1176013234375 0.522093121875 0.1163746609375 0.5239890515625001 0.11675532968749999 0.5256171953125001 0.1143007046875 0.5294104859375001 0.1146813734375 0.5310386296875 0.11100008593749999 0.53672785 0.10939275781249999 0.5369956359375 0.11015409375 0.5402519234375001 0.10892743281249999 0.542147853125 0.10930809999999999 0.5437759984375 0.1068534765625 0.5475692875 0.105246146875 0.5478370734375 0.104019484375 0.549733003125 0.1044001515625 0.5513611468749999 0.10317191562500001 0.5532573390625 0.10355258437499999 0.5548854828125 0.10109953437500001 0.5586785109375 0.10186087031249999 0.5619347984374999 0.10063263281249998 0.563830990625 0.1013942421875 0.5670884484375 0.1001675828125 0.5689843781249999 0.10054825 0.570612521875 0.09073235625 0.585782821875 0.0911130234375 0.587410965625 0.082521940625 0.600684428125 0.082902609375 0.6023125703125001 0.071860053125 0.6193788015624999 0.07224072031249999 0.6210069453125 0.06978609531249999 0.6248002359375 0.07016676250000001 0.6264283796875 0.067711865625 0.6302205015625 0.0680925328125 0.6318486437499999 0.054595079687500006 0.6527069953125 0.05298775 0.65297478125 0.049306465625000004 0.6586640015625 0.0496871328125 0.660292146875 0.048855878125 0.6615754640625 0.0572316640625 0.69739930625 0.0580629203125 0.6961159859375 0.057682251562499995 0.69448784375 0.0589089125 0.6925919140625 0.058528245312500005 0.6909637703125 0.059754906249999996 0.6890678421875001 0.059373965625000004 0.6874385281250001 0.064282184375 0.679854546875 0.06390124375 0.6782252343749999 0.070037428125 0.6687438921875 0.069656759375 0.6671157484375 0.07456470781249999 0.6595306 0.07617361406249999 0.6592625515625
1 0.05836441875 0.5759489046875 0.0579837515625 0.574320759375 0.064118359375 0.5648396796874999 0.0637376921875 0.5632115359375 0.07355516250000001 0.5480409749999999 0.07317449375 0.5464128296874999 0.07685578125 0.540723609375 0.0764751125 0.539095465625 0.081383059375 0.5315103171875 0.08100239218750001 0.529882171875 0.08222905312499999 0.52798624375 0.081848384375 0.5263580984375 0.0916658546875 0.5111875375 0.0912851859375 0.50955939375 0.094966746875 0.50387134375 0.0945858046875 0.502242028125 0.0982673640625 0.49655397656250005 0.097886696875 0.49492583437500004 0.100339746875 0.4911328046875 0.0995784109375 0.48787651875 0.100806646875 0.48598032656249995 0.10042597812500001 0.4843521828125 0.1028790296875 0.4805591546875 0.1024983609375 0.4789310109375 0.107407884375 0.471345596875 0.10702721562499999 0.469717453125 0.1082538765625 0.4678215234375 0.10787320781250001 0.4661933796875 0.11400939375000001 0.4567120390625 0.11362872500000001 0.4550838953125 0.11853667187500001 0.4474987453125 0.11815600468750001 0.4458706015625 0.12060905156249999 0.44207757187499996 0.12022838437500001 0.4404494296875 0.12513790625000001 0.43286401718749995 0.124757240625 0.43123587187499995 0.1259839015625 0.42933994374999995 0.12560323281250002 0.42771179843749996 0.1268298953125 0.4258158703125 0.12644895312499999 0.42418655625 0.127677190625 0.4222903640625 0.12928452031249998 0.422022578125 0.144010209375 0.3992680359375 0.143629540625 0.3976398921875 0.1448562046875 0.3957439640625 0.1444752625 0.39411465 0.145701925 0.3922187203125 0.14532125625 0.3905905765625 0.1465494921875 0.3886943859375 0.1446458796875 0.3805524953125 0.12374429843750001 0.38403475781249996 0.1004291015625 0.42006250312500004 0.10081004375 0.421691815625 0.094673859375 0.43117315625 0.0954351953125 0.43442944375000003 0.090527246875 0.4420145953125 0.090907915625 0.4436427390625 0.08599996875 0.4512278875 0.0863806359375 0.4528560328125 0.0839257375 0.456648153125 0.08231840781250001 0.4569159390625 0.0810901703125 0.4588121296875 0.0814711140625 0.4604414453125 0.077789553125 0.46612949531250003 0.078170221875 0.4677576390625 0.0769435609375 0.46965356875 0.07732450156250001 0.47128288124999995 0.076097840625 0.47317881093749997 0.0764785078125 0.47480695468749995 0.074023609375 0.4785990765625 0.0724162796875 0.4788668625 0.072797221875 0.48049617656250004 0.07034232500000001 0.4842882984375 0.0687349953125 0.48455608281250007 0.0625988109375 0.494037425 0.06099148125 0.49430520937500005 0.057309921875 0.49999325937499994 0.0576908640625 0.5016225734375 0.052782643750000004 0.5092065546875 0.0531635859375 0.5108358671875 0.0482553640625 0.5184198484375 0.049016971874999996 0.5216773046875 0.0477887359375 0.523573496875 0.0481694046875 0.525201640625 0.044488117187499995 0.5308908609375 0.0448687859375 0.53251900625 0.0424154625 0.5363108640625 0.04279613125 0.5379390078124999 0.036659946875 0.54742035 0.0370408875 0.5490496625 0.026393375000000004 0.5655017265625 0.038196 0.6159823953125 0.039027065625 0.6146982703125 0.0386463984375 0.613070125 0.04478100625 0.603589046875 0.0444003390625 0.6019609015625 0.0468549640625 0.5981676125 0.046474295312500004 0.59653946875 0.047700954687500005 0.5946435390625 0.0493082859375 0.5943757546875 0.0489276171875 0.592747609375 0.0550638015625 0.5832662671875 0.0546828609375 0.5816369546875 0.05836441875 0.5759489046875
5 0.4347355234375 0.21379744843749998 0.4009721578125 0.21942252187500003 0.4173430640625 0.2894420625 0.45110642968750003 0.2838169890625 0.4347355234375 0.21379744843749998
1 0.2577514984375 0.1834140265625 0.21077339843749998 0.1853518328125 0.107413628125 0.3939446421875 0.1573808015625 0.3873273328125 0.2577514984375 0.1834140265625
3 0.18836099374999998 0.1888634203125 0.1353033765625 0.1977029703125 0.1478673296875 0.251439903125 0.20092494843750003 0.242600353125 0.18836099374999998 0.1888634203125
1 0.5359940078125 0.039590154687500004 0.5340044359375 0.038230059375 0.5018483984375 0.0435873453125 0.5006217375 0.045483275000000004 0.486151046875 0.047894132812500004 0.4849243875 0.049790060937500005 0.42543430156250006 0.0597012796875 0.4234463046875 0.05834092187499999 0.420230071875 0.0588767546875 0.41824207500000005 0.057516396875 0.3426739703125 0.07010625781249999 0.341447309375 0.07200218593749999 0.3366237484375 0.07280580625000001 0.34005030468749997 0.087461440625 0.5538912546875 0.051834929687499996 0.55122630625 0.04043675625 0.549236459375 0.0390754890625 0.5476291296875 0.039343275 0.5456411343750001 0.0379829171875 0.5359940078125 0.039590154687500004
3 0.1009391046875 0.3793751328125 0.052703475 0.3874113265625 0.058414312499999996 0.4118369921875 0.10664994218749999 0.40380079999999996 0.1009391046875 0.3793751328125
2 0.1877295859375 0.202576471875 0.4873302796875 0.1470430390625 0.5216656984375 0.179892025 0.54927065 0.16137158437500002 0.4913529125 0.12820677187500001 0.1973160515625 0.1761733765625 0.1613040734375 0.1945256234375 0.019046825 0.4674425765625 0.022184856250000003 0.544455353125 0.1877295859375 0.202576471875
1 0.5679251625 0.0862343046875 0.6591321140625 0.0191787859375 0.5949073828125 0.0173100375 0.531153353125 0.05665726875 0.5679251625 0.0862343046875