4 0.8771559296874999 0.4856430078125 0.8614397531250001 0.411506275 0.8076334390625 0.42231926406250003 0.8233496171875 0.49645599531249995 0.8771559296874999 0.4856430078125
4 0.9019491421874999 0.5860610296875 0.9032744953125 0.5840385265625 0.9004172 0.570560021875 0.898377346875 0.5692120734375 0.8976631968750001 0.565843271875 0.843856884375 0.576656259375 0.8425327375 0.578678521875 0.8575344156250001 0.6494448 0.9130219500000001 0.6382939515625 0.9143473046875 0.6362714515625 0.9079178640625001 0.6059423359375 0.905878359375 0.6045960390625 0.9019491421874999 0.5860610296875
4 0.7849926968750001 0.1914716328125 0.7227790703125 0.2039741640625 0.7399238968749999 0.2848501484375 0.802137521875 0.272347615625 0.799994375 0.26223791093750004 0.8013185203125 0.26021565 0.787030990625 0.19281817031249998 0.7849926968750001 0.1914716328125
4 0.65348228125 0.21614398124999998 0.63598003125 0.13358194375000002 0.5704039640625 0.146760196875 0.5879062140625 0.22932223437500002 0.65348228125 0.21614398124999998
4 0.7406694625 0.7431971374999999 0.8028818796875001 0.730694846875 0.786808628125 0.6548737140625 0.7847703328125 0.653527175 0.7242391375 0.665691603125 0.7406694625 0.7431971374999999
5 0.2845753296875 0.26217286562500003 0.2828929015625 0.26251096875 0.28085425625 0.26116277656250003 0.2791730359375 0.2615006375 0.277134740625 0.26015409843750004 0.27545351875 0.2604919578125 0.27137537031250003 0.2577974703125 0.266331709375 0.25881105 0.2642934140625 0.2574645109375 0.257567321875 0.2588161953125 0.2555290265625 0.2574696546875 0.252165378125 0.25814561875 0.2501267328125 0.25679742656250004 0.24844551093749997 0.2571352859375 0.24640721562499998 0.2557887484375 0.2413623453125 0.256802571875 0.23932404843750002 0.25545603125 0.22923551718750002 0.2574834375 0.22791137031250003 0.25950569843750004 0.22622894218749998 0.25984379999999996 0.22419064843749997 0.2584972609375 0.2174657625 0.2598487015625 0.2154262609375 0.2585024046875 0.1767533515625 0.26627416406250004 0.1754292046875 0.268296425 0.16534067187499998 0.2703238296875 0.1633023765625 0.2689772890625 0.14985019375 0.2716806578125 0.1485260484375 0.27370291875 0.1468448265625 0.274040778125 0.162561003125 0.3481775109375 0.30884653906250004 0.3187797765625 0.2984878796875 0.269915653125 0.2903331421875 0.2645280859375 0.28865192031250003 0.264865946875 0.2845753296875 0.26217286562500003
0 0.6393436796875 0.1329059796875 0.6307714421874999 0.0924688140625 0.5736014796875 0.10395776406249999 0.58217371875 0.14439493125 0.6393436796875 0.1329059796875
0 0.8667468671874999 0.2628776765625 0.8364812671875 0.26895989062500003 0.8457680046875 0.31276750937500003 0.8793960453125 0.3060095734375 0.8715379546875001 0.26894120625 0.8694996609375 0.26759466718749997 0.8687851609375 0.264224215625 0.8667468671874999 0.2628776765625
0 0.197409546875 0.3306339078125 0.1957283265625 0.33097176875 0.193688471875 0.32962382031250004 0.158378003125 0.336719859375 0.168022165625 0.382213528125 0.2134211671875 0.37309008593750004 0.20520600312499998 0.33433731875 0.2011290625 0.33164258593749996 0.199447840625 0.331980446875 0.197409546875 0.3306339078125
5 0.8636247234375001 0.9510721343749999 0.8302645156249999 0.793704559375 0.8261875765625 0.7910098265625 0.8245051484375001 0.79134793125 0.822466853125 0.7900013890625 0.82078563125 0.7903392499999999 0.8167086906250001 0.7876445203125 0.7645835984375 0.798119646875 0.7632594515625 0.8001419078125 0.7612199484375 0.798795609375 0.7040511953124999 0.81028431875 0.7391974734375 0.9760772 0.8636247234375001 0.9510721343749999
4 0.06549313906250001 0.0887616703125 0.070056690625 0.1102889671875 0.127226653125 0.0988000140625 0.1226631015625 0.07727271875 0.06549313906250001 0.0887616703125
0 0.18500505625000002 0.08191859375 0.182861909375 0.0718088875 0.18418605625 0.069786628125 0.18319429843749999 0.0651082875 0.14452138750000001 0.0728800484375 0.14622729375000001 0.0809271875 0.1479085140625 0.0805893265625 0.149947159375 0.0819375203125 0.15162838125 0.081599659375 0.1536678828125 0.08294595625 0.15534910468750002 0.08260809531249999 0.16758078437499999 0.0906903953125 0.16829528437500002 0.094060846875 0.17033357968750001 0.0954073875 0.18546698281250001 0.0923661578125 0.1836809109375 0.0839408546875 0.18500505625000002 0.08191859375
0 0.7975956625 0.598249528125 0.826180040625 0.592505175 0.8165358812499999 0.5470115046874999 0.814497584375 0.545664965625 0.787594428125 0.5510714578125 0.7975956625 0.598249528125
0 0.9230231859375 0.6854720249999999 0.914093525 0.64334880625 0.883827925 0.649431021875 0.8927575875 0.6915542390625 0.9230231859375 0.6854720249999999
5 0.6627657375 0.0192845140625 0.5667545406250001 0.0385790515625 0.580684646875 0.10429048125 0.7219265187499999 0.0759063265625 0.7102159984374999 0.020665175 0.6627657375 0.0192845140625
3 0.78071273125 0.369757115625 0.768925771875 0.31415539375 0.7168006796874999 0.3246305203125 0.7285876375 0.3802322453125 0.78071273125 0.369757115625
3 0.2814131484375 0.081867203125 0.2800893515625 0.083891115625 0.273363259375 0.0852427984375 0.28479314375000003 0.1391601234375 0.318422390625 0.13240194375 0.306278009375 0.07511416875 0.2844197234375 0.0795068390625 0.283095578125 0.0815291 0.2814131484375 0.081867203125
1 0.5768669562500001 0.29302518125 0.575185734375 0.2933630421875 0.57110879375 0.29066831249999997 0.57075171875 0.2889839125 0.5690692921875 0.2893220140625 0.5568376109375001 0.2812397140625 0.5564801875 0.2795536625 0.5360937671875 0.26608379531250004 0.5344125484375 0.2664216546875 0.532374253125 0.265075115625 0.5306930328125 0.2654129765625 0.5245765875 0.2613719484375 0.5228953656249999 0.26170980625 0.5208570703125 0.26036326718749997 0.5191758531249999 0.260701128125 0.5069441703125 0.25261882812500003 0.5052617421875001 0.25295693125 0.5011848031249999 0.2502621984375 0.4995035828125 0.250600059375 0.49338713749999996 0.24655903124999998 0.491705915625 0.24689689218750002 0.48355117812500004 0.2415093234375 0.48186995625 0.241847184375 0.4757547203125 0.2378059125 0.47539764531250006 0.23612151250000002 0.4672429078125 0.23073394375 0.466885484375 0.22904789218750002 0.4652042625 0.229385753125 0.463164759375 0.22803945625000002 0.462807684375 0.2263550546875 0.4607690390625 0.22500686406249998 0.45908781718749997 0.22534472499999997 0.4509330796875 0.21995715625 0.449251859375 0.2202950171875 0.44109711875 0.21490744843749998 0.4394159 0.2152453078125 0.43737760468750003 0.21389876874999997 0.4356963828125 0.21423662812500002 0.42957993906249997 0.21019559999999998 0.42789871875 0.21053346093749997 0.42178348281250005 0.2064921890625 0.4201010546875 0.20683029375 0.4180624078125 0.2054821 0.4163811875 0.2058199609375 0.41026474375 0.2017789328125 0.4085835234375 0.20211679375 0.39635219374999997 0.1940361453125 0.394670971875 0.19437400625 0.38243929374999996 0.18629170625 0.380758071875 0.18662956718749998 0.376679925 0.18393507656250002 0.37499870468749996 0.1842729375 0.36480531875 0.177537178125 0.36312409687499997 0.1778750390625 0.35904750937499996 0.175181959375 0.3573650796875 0.17552006250000002 0.33086342343749997 0.15800892187499999 0.32918220468750004 0.1583467828125 0.32510405625 0.15565229375 0.32342283437499997 0.1559901546875 0.3213845390625 0.154643615625 0.3197033171875 0.15498147499999998 0.31562517031250004 0.1522869875 0.31394394999999997 0.152624846875 0.3119056546875 0.15127830625 0.3085432125 0.151954028125 0.306503709375 0.15060773125 0.2964151765625 0.152635134375 0.3028442671875 0.1829625984375 0.30488377031249997 0.1843088953125 0.30824621093750004 0.18363317343750002 0.31232315312500003 0.1863279046875 0.31400437187499997 0.18599004375 0.32012081718749996 0.1900310734375 0.3218020390625 0.1896932140625 0.3279184796875 0.1937342421875 0.32959970156249996 0.1933963828125 0.3459095296875 0.20417316875 0.34759075 0.2038353078125 0.3659373171875 0.2159572296875 0.36761974531249997 0.215619125 0.36965839218749996 0.2169673171875 0.370015465625 0.218651715625 0.372053759375 0.21999825781250001 0.37373497968749997 0.219660396875 0.379851425 0.223701425 0.381532646875 0.22336356406250002 0.38560958749999996 0.226058296875 0.38729080625 0.22572043593750002 0.39340725 0.2297614640625 0.39376432499999997 0.23144586562499997 0.41415074374999994 0.2449157328125 0.41583196562499997 0.24457787187500002 0.417870259375 0.24592441250000002 0.4195514796875 0.24558655156250003 0.42159133281249994 0.2469345 0.42327255468749997 0.24659663906249998 0.429387790625 0.2506379109375 0.43107021874999996 0.2502998078125 0.43922375 0.25568761875 0.4409061796875 0.25534951562499997 0.4429444734375 0.25669605624999997 0.4446256953125 0.2563581953125 0.45889567031249995 0.26578703593749997 0.46057689062499996 0.2654491765625 0.4687319796875 0.2708383953125 0.47041320000000003 0.270500534375 0.48060623593749996 0.27723464375 0.4822874546875 0.2768967828125 0.4884038984375 0.2809378109375 0.49008512031249996 0.28059995 0.49416326875000005 0.28329443906249996 0.49584449062499997 0.28295657812499997 0.49788278437500005 0.28430311875 0.49956400624999997 0.2839652578125 0.5036409453124999 0.2866599890625 0.505323375 0.28632188593749996 0.509399965625 0.289014965625 0.5110811875 0.28867710468749996 0.515159334375 0.2913715953125 0.5168405546875 0.291033734375 0.51887885 0.2923802734375 0.519236275 0.2940663265625 0.5209174953125 0.293728465625 0.5229557921875 0.29507500625 0.5246382203125 0.2947369015625 0.5266765171875 0.2960834421875 0.528357734375 0.2957455828125 0.5385511203125 0.302481340625 0.5402323421874999 0.30214348125 0.54430928125 0.3048382125 0.545991709375 0.304500109375 0.5622999796875 0.31527548906249997 0.5639812015625 0.314937628125 0.5741745875 0.3216733890625 0.590989209375 0.3182943 0.586702915625 0.29807489062500003 0.58466461875 0.2967283515625 0.5829834 0.297066209375 0.5768669562500001 0.29302518125
3 0.558520040625 0.2809016125 0.5854219890625 0.2754953609375 0.5729205312500001 0.216523184375 0.5493810265625 0.2212537140625 0.5467327328125 0.22529823593749998 0.558520040625 0.2809016125
5 0.93780498125 0.21522040156250002 0.834738415625 0.23593279531250003 0.8429535781249999 0.2746855625 0.94602014375 0.25397316875 0.93780498125 0.21522040156250002
5 0.7655439921875 0.5959064390625 0.76518691875 0.5942220390624999 0.7631474140625001 0.5928757421874999 0.6908452578125 0.607405678125 0.698702996875 0.6444723953125 0.7726875828125 0.62960435625 0.7676871390625 0.6060161453124999 0.7690112859375 0.6039938828125 0.7675826375 0.59725463125 0.7655439921875 0.5959064390625
3 0.861837915625 0.7276311984375 0.8652003562499999 0.7269554796875 0.8672386515625 0.72830201875 0.8689210812500001 0.727963915625 0.8709597265625 0.7293121078125 0.8743221671875 0.7286363859375 0.8521765484375001 0.624170540625 0.8050963281250001 0.63363184375 0.827241946875 0.7380976890625 0.854145103125 0.7326911968750001 0.8567930453124999 0.7286450234374999 0.8584742640625 0.7283071640625 0.85979961875 0.726284659375 0.861837915625 0.7276311984375
4 0.6490307109375 0.1537962078125 0.6493881359375 0.155482259375 0.65142643125 0.1568287984375 0.6951442109375 0.148043215625 0.6947871359375 0.146358815625 0.6961109328124999 0.14433490468750002 0.695039359375 0.139280053125 0.6963635046875 0.1372577921875 0.6949348578125 0.1305185375 0.6962602125 0.1284960359375 0.6955457140625 0.12512558437500002 0.6968698609375 0.1231033234375 0.68651155 0.07424085 0.6226167046875 0.08708124375000001 0.6379754578125 0.159531925 0.644701546875 0.158180240625 0.6439870484375 0.1548097890625 0.6453111953125 0.15278752812500002 0.6469924171875 0.15244966875 0.6490307109375 0.1537962078125
1 0.793109684375 0.419967778125 0.791071390625 0.418621240625 0.790713965625 0.4169351875 0.7825592265625 0.4115476203125 0.7822021515625 0.40986321875 0.78016350625 0.40851502812499996 0.77980643125 0.4068306265625 0.7777681359375 0.4054840875 0.7774107124999999 0.4037980359375 0.7692559734375 0.3984104671875 0.7688989 0.396726065625 0.7627836625 0.392684796875 0.7624265875 0.39100039531249997 0.7522332031250001 0.38426463437499997 0.750551984375 0.3846024953125 0.7464738343749999 0.3819080078125 0.7461167609375 0.38022360625 0.7440784640625 0.3788770671875 0.7423972437499999 0.3792149265625 0.738320303125 0.37652019531250003 0.7379632296875 0.3748357953125 0.7359237265624999 0.3734894984375 0.73424250625 0.373827359375 0.726087415625 0.3684381390625 0.7244061953125 0.368776 0.7182909609375 0.364734728125 0.7166097390624999 0.3650725890625 0.7125319390625 0.36237975312500004 0.7108507203125 0.3627176109375 0.708812075 0.361369421875 0.7084550000000001 0.359685021875 0.7043768515625 0.35699053125 0.7040197781249999 0.3553061328125 0.70198148125 0.3539595921875 0.7003002609375 0.354297453125 0.6901068765625 0.3475616921875 0.68842565625 0.347899553125 0.680270915625 0.342511984375 0.67858969375 0.3428498453125 0.672473253125 0.3388088171875 0.67079203125 0.3391466765625 0.6626372921875 0.3337591078125 0.660956071875 0.33409696875 0.6589177765625001 0.332750428125 0.6572365546875 0.3330882890625 0.6490814671875 0.32769906875 0.6474002453125001 0.3280369296875 0.6249755312499999 0.313220521875 0.6232943109375 0.31355838281250004 0.615139571875 0.3081708125 0.6134583515625 0.308508671875 0.61141970625 0.30716048281249997 0.6097372765625 0.3074985859375 0.60769898125 0.3061520453125 0.6060177609374999 0.3064899046875 0.6039794656249999 0.305143365625 0.603622040625 0.3034573140625 0.6019408203125 0.303795175 0.5999013171875001 0.3024488765625 0.598220096875 0.3027867375 0.592104859375 0.29874546562500004 0.5904224328125001 0.2990835703125 0.5883841359375 0.29773702968750004 0.586702915625 0.29807489062500003 0.58466461875 0.2967283515625 0.5829834 0.297066209375 0.5809447546875 0.2957180203125 0.5805876796875 0.29403361875 0.5683547921875001 0.2859515625 0.566673571875 0.2862894234375 0.56259663125 0.283594690625 0.5697405718749999 0.31729425624999996 0.571778865625 0.318640796875 0.5721359406250001 0.320325196875 0.5782523828125 0.324366225 0.5799336046875 0.3240283640625 0.58197225 0.32537655781249997 0.583653471875 0.325038696875 0.5897695656249999 0.329078071875 0.591450784375 0.32874021249999996 0.5955277265625 0.33143494375000004 0.597208946875 0.33109708437499996 0.603325390625 0.33513811250000003 0.6050066125 0.334800253125 0.60704490625 0.3361467921875 0.6087273359375 0.3358086890625 0.622997309375 0.345237528125 0.6246785312500001 0.3448996671875 0.6307949749999999 0.3489406953125 0.6311523984375 0.35062674843749997 0.6328336203125 0.3502888875 0.634871915625 0.351635428125 0.635228990625 0.35331982812499996 0.645422375 0.3600555890625 0.6457794484375 0.36173998749999997 0.6518958921875 0.3657810171875 0.6522529671874999 0.367465415625 0.666523290625 0.3768959078125 0.6682045125 0.376558046875 0.6702428078125 0.3779045875 0.6719240281250001 0.3775667265625 0.6760021765625 0.380261215625 0.6776833984375 0.3799233546875 0.6817599890625 0.3826164359375 0.6834424171875 0.38227833125 0.6854810625 0.383626521875 0.6871622828125 0.3832886625 0.6932783765625 0.3873280390625 0.6949595984375 0.3869901796875 0.69699824375 0.38833837031249996 0.7003606859375 0.3876626484375 0.7023989796875 0.389009190625 0.7040814078125 0.3886710875 0.7081583484375 0.3913658203125 0.7098395703125 0.391027959375 0.7179943093750001 0.396415528125 0.7196755296874999 0.39607766718750004 0.7319072109375 0.404159965625 0.7322642859374999 0.40584436718749994 0.7339455046875 0.40550650624999995 0.7482166875 0.41493510312500004 0.7485741140625 0.41662115312500003 0.7506124062499999 0.4179676953125 0.7522936265625 0.417629834375 0.7665636015625 0.4270586734375 0.76824603125 0.4267205703125 0.77436126875 0.43076184062499995 0.7760424890625 0.43042398125 0.7780819921875 0.43177027656250005 0.7797632125 0.43143241874999994 0.78180185625 0.43278060937499996 0.783483078125 0.43244274843749997 0.7895995234375001 0.43648377812500005 0.7929619640625 0.4358080578125 0.7942857609375 0.4337841453125 0.7935716125 0.43041534375 0.7948954078125 0.42839143125 0.793109684375 0.419967778125
3 0.6616101453125001 0.30410222343750004 0.6541091328124999 0.26871825781249997 0.6272059750000001 0.27412475000000003 0.6347069890625 0.3095087171875 0.6616101453125001 0.30410222343750004
1 0.8164722984375 0.515532228125 0.806109134375 0.46826849218750005 0.08203244531250001 0.0854379078125 0.0391774890625 0.094050096875 0.0402743453125 0.1105545 0.8164722984375 0.515532228125
1 0.911704578125 0.7647507328125001 0.9855281609375 0.8581880953125 0.9866608671874999 0.7932954671875 0.9490890421874999 0.722293790625 0.911704578125 0.7647507328125001
1 0.9320337984375 0.729016615625 0.969561159375 0.7556512859375 0.8940540515625001 0.40974362031249995 0.8642493640625 0.41194713906249997 0.8611841124999999 0.4104488609375 0.9320337984375 0.729016615625
2 0.8124971546875001 0.7153864750000001 0.8323775484375 0.74413503125 0.8686047234375 0.6964149171875 0.8027421562500001 0.37817067187500003 0.7694181578125 0.33765439062499997 0.2280773015625 0.056088540625 0.169964371875 0.0677669921875 0.7726990484375 0.371093803125 0.8429151156250001 0.6832274 0.8124971546875001 0.7153864750000001