2 1 0.2314555296875 0.48698478593749994 0.9492571765625 0.341943778125 0.9537820890625 0.32950763437499997 0.9366582515624999 0.3077285890625 0.9386861640624999 0.33365298125 0.9688158390625 0.49754794062499996 0.9620420031249999 1 0.252715796875 1 0.2314555296875
5 0.5775149640625 0.7379553828125001 0.572788675 0.6703250109375001 0.5390982421875 0.671502225 0.5438245328125 0.739132596875 0.5775149640625 0.7379553828125001
5 0.6988992828125 0.41036176874999997 0.7003901109374999 0.4087028078125 0.6977012031250001 0.3702261578125 0.6448166484375 0.3720740546875 0.6504184671875 0.4522326875 0.7000973234375001 0.45049680312499996 0.6999853015624999 0.44889385 0.7014761296875001 0.4472348890625 0.6988992828125 0.41036176874999997
0 0.54389630625 0.6904247875 0.5424280421875001 0.6694148046875 0.520195496875 0.67019165625 0.5216637609375 0.6912016375000001 0.54389630625 0.6904247875
3 0.3682385140625 0.963819896875 0.3664974390625 0.93890616875 0.3169513015625 0.9406374156249999 0.3186923765625 0.9655511406249999 0.3682385140625 0.963819896875
3 0.7935369453125001 0.5624853671875 0.7918683 0.5386080328125 0.7712456734375001 0.5393286296875 0.7729143203125 0.5632059640625 0.7935369453125001 0.5624853671875
0 0.6720048953125 0.7029492312500001 0.6803208390625 0.68832035625 0.66539935625 0.682844271875 0.6520932609375001 0.6998638796875001 0.6720048953125 0.7029492312500001
5 0.388288584375 0.9300671109374999 0.3857665015625 0.8939776203124999 0.3644999078125 0.89472071875 0.3670219921875 0.9308102109374999 0.388288584375 0.9300671109374999
4 0.39161003125 0.9915072609375001 0.389926496875 0.9674168921874999 0.3514220265625 0.9687623203125 0.3531055609375 0.9928526874999999 0.39161003125 0.9915072609375001
4 0.35733879218750003 0.9302452765625 0.35548585781250003 0.9037309 0.318685540625 0.9050167796874999 0.320538475 0.9315311578125 0.35733879218750003 0.9302452765625
4 0.606505409375 0.9052999234374999 0.6044790515625 0.8763039625 0.5667834625 0.8776211265624999 0.5688098203124999 0.9066170859374999 0.606505409375 0.9052999234374999
4 0.6900406171875 0.67370534375 0.688005809375 0.6445884703125 0.6536871203125 0.6457876390624999 0.6557219265625001 0.674904509375 0.6900406171875 0.67370534375
5 0.6632438734375 0.9479650953125001 0.658391640625 0.8785325500000001 0.623248359375 0.8797605296875 0.6281005921875 0.9491930749999999 0.6632438734375 0.9479650953125001
1 0.811397190625 0.6214810625 0.8081838296875 0.575499778125 0.7911579890625 0.576094696875 0.79437135 0.62207598125 0.811397190625 0.6214810625
5 0.9320534234375 0.5658816640625 0.9272921265624999 0.4977503671875 0.89616185625 0.49883812499999997 0.9009231515625 0.566969421875 0.9320534234375 0.5658816640625
5 1 0.64292949375 0.9873530234375 0.46195885312499996 0.9362755015625 0.463743609375 0.9523825515625 0.6942258015625 1 0.692561946875 1 0.64292949375
1 0.7747881015625 0.6757788265625 0.7848068015624999 0.6736308390625 0.7788709484375 0.665756003125 0.7537159250000001 0.6670476546875 0.749742690625 0.6775687968749999 0.760362471875 0.6775896218749999 0.7585337109375 0.7282369703125 0.77933764375 0.7308317062499999 0.7747881015625 0.6757788265625
1 0.3112765078125 0.993341159375 0.3101444953125 0.9955011890625001 0.46553349062500005 0.9927888640625 0.46698053906250003 0.9893094281250001 0.3112765078125 0.993341159375
1 0.6530794921874999 0.6371153890625 0.65343456875 0.6362822328125 0.4243149875 0.9556811812499999 0.4398009140625 0.954691025 0.6715735828125 0.6368477968749999 0.6530794921874999 0.6371153890625
1 1 0.1688615875 0.9824728765625 0.169395984375 0.650684578125 0.6371136484375 0.67079530625 0.6375393265625 1 0.1748846859375 1 0.1688615875
0 0.8124521 0.20678392343750002 0.8240920359375 0.2182145765625 0.84019824375 0.2114107484375 0.82799676875 0.1978814671875 0.8124521 0.20678392343750002
0 0.355569525 0.991837334375 0.35459899687499996 0.977949671875 0.3330889515625 0.9787012781250001 0.3340594796875 0.992588940625 0.355569525 0.991837334375
0 0.513826753125 0.9879207125 0.5141077078125 0.9919409984374999 0.5327898 0.9916149000000001 0.5324860703125001 0.9872687156250001 0.513826753125 0.9879207125
0 0.62796951875 0.9065383062500001 0.6260345015625 0.8788493515625 0.60567103125 0.8795608953125 0.6076060484375 0.90724985 0.62796951875 0.9065383062500001
0 0.796300053125 0.587322978125 0.7952494546875 0.5722895265625 0.7747917453125 0.5730043609375 0.77584234375 0.5880378125 0.796300053125 0.587322978125
2 1 0.162191421875 0.8135424796875 0.1690808125 0.8047609343750001 0.1756616 0.8516877984375 0.2323037453125 0.862847503125 0.223468509375 0.8221700546875 0.1792782421875 1 0.17436683749999998 1 0.162191421875
4 0.839143896875 0.164398790625 0.8744002671875 0.163166859375 0.8726076890625001 0.1375161453125 0.83735131875 0.1387480765625 0.839143896875 0.164398790625
5 0.7820902281250001 0.1985337703125 0.7835810546875 0.1968748078125 0.783356971875 0.193668325 0.7848470125 0.192009390625 0.78025350625 0.12627907031250002 0.69531828125 0.129246884375 0.700696015625 0.20619903593750002 0.78082426875 0.2033991859375 0.7807122484375 0.20179623124999999 0.7822022890625 0.2001372984375 0.7820902281250001 0.1985337703125
1 0.899398284375 0.35996470468749997 0.8992862234375 0.35836117343749996 0.902267875 0.35504325312499996 0.9038699390625 0.354987275 0.9053607250000001 0.3533277359375 0.9052487046875 0.35172478281249997 0.9156820140624999 0.34011041249999996 0.9155699921875 0.33850745937500004 0.9230224765624999 0.330211559375 0.9229104546875 0.32860860468749997 0.9244012421875001 0.32694906874999996 0.9242892203125 0.32534611562500004 0.925780046875 0.32368715312499996 0.9273821078125 0.323631175 0.9272700468749999 0.3220276453125 0.928760875 0.320368684375 0.9286488140625 0.3187651546875 0.9316296812499999 0.3154472609375 0.9332325296875 0.315391253125 0.9347225296874999 0.31373174531250003 0.9344984875 0.3105258375 0.9389701031250001 0.3055478296875 0.9388580828125 0.3039448765625 0.940348909375 0.3022859171875 0.940236846875 0.30068238593749996 0.9417276734375 0.29902342656249997 0.9416156125 0.29741989687500003 0.943105653125 0.2957609625 0.9447085015625 0.29570495625 0.9461985437499999 0.2940460234375 0.94608648125 0.29244249375 0.9490681359375 0.2891245734375 0.9506701968750001 0.2890685921875 0.9505581375000001 0.2874650640625 0.9535389640625 0.28414659375 0.95342694375 0.28254364062500004 0.9593894234375 0.275907246875 0.9609922734375 0.275851240625 0.9639730999999999 0.272532771875 0.963861078125 0.27092981875 0.9683326937500001 0.2659518109375 0.9679965906250001 0.2611423734375 0.9694866328125 0.259483440625 0.9690384671875 0.2530704734375 0.9673243843750001 0.2515234984375 0.9577088671875 0.25185948593749996 0.956218040625 0.2535184453125 0.9546159781249999 0.2535744265625 0.9531251921875 0.2552339625 0.9532372125 0.256836915625 0.9472755562499999 0.26347385624999997 0.947387578125 0.265076809375 0.9458967515625 0.2667357703125 0.9460088125 0.2683393 0.943027984375 0.27165776875000003 0.9414251374999999 0.271713775 0.9399350953125 0.27337271093750004 0.9400471171874999 0.2749756625 0.934084675 0.28161263124999997 0.9343087171875 0.28481853749999997 0.93281793125 0.286478075 0.9329299531249999 0.2880810296875 0.9224966421874999 0.29969539843750004 0.9226086625000001 0.3012983515625 0.9196278359375001 0.3046168234375 0.9180249875 0.3046728296875 0.9165349453125 0.3063317625 0.9166470062500001 0.3079352921875 0.91366539375 0.3112537890625 0.9120633328125001 0.31130976875 0.91057250625 0.3129687296875 0.9107965874999999 0.3161752125 0.9063249328125 0.32115264374999997 0.906436953125 0.322755596875 0.9049469515625 0.32441510625 0.9050589734375001 0.326018059375 0.9005873187500001 0.330995490625 0.8989844703125 0.331051496875 0.8990964921875 0.33265445 0.8871723546875 0.34592778125 0.8872844171875001 0.3475313109375 0.8798319343750001 0.3558272125 0.87994395625 0.3574301640625 0.8784531281250001 0.359089125 0.8790133140625 0.367105046875 0.891833740625 0.3666570734375 0.89630539375 0.3616796453125 0.8979082421875001 0.3616236359375 0.899398284375 0.35996470468749997
5 0.764224015625 0.3566524796875 0.7962746890625 0.3555325640625 0.7908969531250001 0.278580415625 0.7588462812500001 0.2797003328125 0.764224015625 0.3566524796875
0 0.9386102640624999 0.392343403125 0.9401002640625 0.39068389375 0.9387558500000001 0.37144614374999996 0.91792275625 0.37217409687499997 0.91937923125 0.393015375 0.9289947484375001 0.3926793890625 0.9307096171874999 0.3942263359375 0.9387222843749999 0.3939463578125 0.9386102640624999 0.392343403125
0 0.9176748984374999 0.46057204531249996 0.9196915593749999 0.489429246875 0.9389218046875 0.48875730156249997 0.9404126328125001 0.48709834062499996 0.93850799375 0.45984409375 0.9176748984374999 0.46057204531249996
4 0.9546699125 0.369282628125 0.9947332531249999 0.36788273125000004 0.9927166328125001 0.3390261078125 0.952653290625 0.3404260046875 0.9546699125 0.369282628125
5 0.8556034140625 0.330960453125 0.8516821546875001 0.27484958437499996 0.8499680296875001 0.273302034375 0.8497439484375 0.27009555 0.8144875796875001 0.27132748125 0.8190810859375001 0.3370578015625 0.85273460625 0.33588187812500003 0.85422539375 0.334222340625 0.8541133734375 0.3326193875 0.8556034140625 0.330960453125
3 0.7974777093750001 0.1658546953125 0.7996063906249999 0.1963148484375 0.8412725796875 0.1948589453125 0.842763365625 0.193199409375 0.840746746875 0.164342784375 0.7974777093750001 0.1658546953125
5 0.8054805859374999 0.0964704953125 0.8091777640625001 0.14937488125 0.821998190625 0.1489269078125 0.82497901875 0.1456084390625 0.8215059218749999 0.0959105359375 0.8054805859374999 0.0964704953125
0 0.79991871875 0.2927287203125 0.8175461171875 0.29211278281249997 0.8157535390625 0.2664620640625 0.7981261390625 0.2670780015625 0.79991871875 0.2927287203125
0 0.6866544703125 0.7868475546875 0.7074875640625 0.7861196046875001 0.7061431109375 0.7668812796875 0.6853100171875 0.76760923125 0.6866544703125 0.7868475546875
1 0.724121384375 0.610366096875 0.7240093234375 0.608762565625 0.729971803125 0.602126175 0.7298597828125 0.600523221875 0.731349784375 0.5988637125 0.7329526328125 0.59880770625 0.7344434578125 0.5971487453125001 0.734331396875 0.595545215625 0.7358214375000001 0.5938862828125 0.7357094171874999 0.592283328125 0.741671859375 0.5856463625 0.7415598375 0.5840434078125 0.74752149375 0.5774064671875 0.7474094734375 0.5758035140625 0.7503910859375 0.5724850171875 0.7519931468750001 0.5724290375 0.753483975 0.5707700765625 0.7533719125 0.569166546875 0.7593336093749999 0.5625301828125 0.7592215484375 0.560926653125 0.7607123734375 0.5592676921875 0.760600353125 0.5576647390625 0.7650720093750001 0.552687309375 0.7648479265625 0.5494808250000001 0.7678287546875 0.54616235625 0.7694316 0.54610635 0.77092164375 0.5444474140625 0.7708095828125 0.5428438859375 0.7767720625 0.5362074953125 0.776660040625 0.534604540625 0.7781508296874999 0.5329450046875001 0.778038809375 0.53134205 0.7869813328124999 0.5213872171875 0.7868692703125 0.5197836890625 0.788360096875 0.5181247265625 0.7882480359375 0.5165211968750001 0.7942097312499999 0.5098848328125001 0.7940976703125 0.5082813046875 0.798569325 0.5033038734375 0.7983452828125001 0.500097965625 0.7823199468750001 0.500657925 0.7614525000000001 0.523886115625 0.761564521875 0.5254890703124999 0.75858369375 0.5288075390625 0.7586957140624999 0.53041049375 0.7527340578125 0.5370474328125 0.7528460796875 0.5386503859375 0.7409219421875 0.55192371875 0.7410340046874999 0.553527246875 0.73805235 0.55684516875 0.7364502890625 0.556901146875 0.7365623484375 0.558504678125 0.7350715218749999 0.5601636375 0.7352956046875 0.563370121875 0.7293331234375 0.5700065125 0.729445184375 0.5716100421875 0.7279551421875 0.5732689765625001 0.7280672046875 0.5748725046875001 0.722104725 0.581508896875 0.7222167453125 0.5831118515625 0.7177458750000001 0.5880892546875 0.7178579359375 0.5896927828125 0.7104046687500001 0.5979887109375001 0.7105166890625 0.5995916640625001 0.7090266875 0.601251171875 0.707423840625 0.6013071812499999 0.7075358609375 0.602910134375 0.7060450359375 0.6045690953125 0.706157096875 0.606172625 0.7046670546875 0.607831559375 0.70556334375 0.6206569156249999 0.7135760125 0.6203769359375 0.72102849375 0.6120810375 0.7226313421875 0.6120250296874999 0.724121384375 0.610366096875
5 0.9433493171875 0.4371758875 0.973797928125 0.43611195 0.9693164843750001 0.371985159375 0.9388678718750001 0.37304909999999997 0.9433493171875 0.4371758875
0 0.38435176875 0.9436552656250001 0.38524805624999997 0.956480625 0.40127339375000004 0.9559206671875 0.405745046875 0.9509432359375 0.40518486249999996 0.942927315625 0.38435176875 0.9436552656250001
1 0.8177219015625001 0.47852873437500004 0.8176098406250001 0.47692520624999996 0.8220814953125 0.47194777343750005 0.8219694750000001 0.4703448203125 0.8234603015624999 0.46868586093750003 0.8233482390625 0.46708232968749996 0.8278198937499999 0.46210490000000004 0.8277078734375 0.4605019453125 0.829197875 0.4588424375 0.829085853125 0.45723948124999997 0.832067465625 0.4539209859375 0.8336695296875 0.45386500625000004 0.83516035625 0.4522060453125 0.8350482953125 0.450602515625 0.8410099890625 0.443966153125 0.84089796875 0.442363196875 0.8438795828125001 0.4390447015625 0.8454816453125 0.43898872187500004 0.845369584375 0.43738519374999996 0.8468604109375001 0.43572623125 0.8467483890624999 0.43412327812499996 0.8527100453124999 0.4274863390625 0.852598025 0.42588338437499995 0.8585604671875 0.4192464171875 0.8584484453125001 0.41764346406249997 0.8688817546875001 0.40602909531250003 0.8687697343749999 0.40442613906249997 0.8702605609375 0.40276717968750003 0.8701484984375 0.40116365 0.8761101953124999 0.3945272859375 0.8759981343750001 0.39292375625 0.8819606171875 0.386287365625 0.8818485546874999 0.3846838375 0.884829421875 0.38136594218750003 0.8864322703124999 0.381309934375 0.8879222718750001 0.379650425 0.8875861671875 0.3748409890625 0.8890769953125 0.373182028125 0.8889649343749999 0.3715784984375 0.8934365874999999 0.3666010671875 0.8710006453125001 0.3673850265625 0.8711127078124999 0.36898855625000004 0.8696226640625 0.370647490625 0.869846746875 0.37385397187499997 0.8668651359374999 0.3771724703125 0.8652630734375 0.37722845 0.86537509375 0.378831403125 0.8519601296875001 0.39376369375000003 0.852072190625 0.39536722343749997 0.8461104953125 0.40200358906250006 0.8462225546875001 0.40360711718750003 0.8417509015625001 0.4085845484375 0.8418629234375 0.41018750156249995 0.8403720968749999 0.4118464640625 0.8404841578125 0.4134499921875 0.83005080625 0.4250637859375 0.8301628671874999 0.42666731562500004 0.828672040625 0.42832627656250005 0.8287840609374999 0.42992922968749997 0.8272932765625001 0.4315887671875 0.8274052968750001 0.433191721875 0.8259152953125 0.43485123124999997 0.8243124484375001 0.43490723750000004 0.8228224046875001 0.4365661703125 0.8229344265625 0.43816912500000005 0.8169719875 0.44480609062500004 0.8170840078125 0.44640904375 0.814103178125 0.4497275140625 0.8125003312500001 0.449783521875 0.8110102906250001 0.45144245312500003 0.8112343718749999 0.4546489375 0.8052719312500001 0.4612859046875 0.805383953125 0.4628888578125 0.8038931249999999 0.4645478203125 0.8040051859374999 0.4661513484375 0.8025151453125 0.46781028124999996 0.8009122968750001 0.4678662875 0.8010243593749999 0.46946981875000005 0.7995343187499999 0.4711287515625 0.7996463406250001 0.47273170468750003 0.7981555515625 0.47439124374999997 0.7982675718750001 0.4759941953125 0.796776746875 0.47765315781249995 0.7951746843749999 0.47770913750000005 0.795958953125 0.488931540625 0.8071765296875 0.488539575 0.810157359375 0.4852211046875 0.81176020625 0.48516509843750005 0.8177219015625001 0.47852873437500004
0 0.9396570796875 0.15445802343749998 0.9204260484375 0.155129996875 0.921434359375 0.169558309375 0.9358576328125 0.16905432812500001 0.9373476734375 0.1673953953125 0.9405533687500001 0.16728338125 0.9396570796875 0.15445802343749998
5 0.20187514062499998 0.88414055625 0.20613254374999998 0.9450614375 0.29106777031250003 0.942093621875 0.29255855625 0.9404340859375001 0.2884132140625 0.881116734375 0.20187514062499998 0.88414055625
0 0.7619056046875 0.3004856046875 0.760337109375 0.278041371875 0.7411060765624999 0.27871334375 0.7428986140625 0.3043634859375 0.7573218890625 0.3038595046875 0.7588119296875 0.302200571875 0.7604147765625 0.3021445640625 0.7619056046875 0.3004856046875
1 1 0.12342185000000001 0.8270643421875 0.129464584375 0.8274004843749999 0.1342745984375 0.8259096593749999 0.13593355625 0.826133740625 0.1391400421875 0.8246429140625 0.1407990015625 0.8470788578124999 0.1400150421875 0.848569684375 0.1383560828125 0.8742105359375 0.1374601359375 0.87592461875 0.1390071109375 0.8774154453125 0.1373481515625 0.95113309375 0.1347723015625 0.9528471765625 0.13631927500000002 0.9543380031250001 0.1346603171875 0.9591457625 0.1344923234375 0.9608598453124999 0.136039296875 1 0.13467165781249998 1 0.12342185000000001
0 1 0.20377622187500002 0.9993316999999999 0.2037995734375 0.997840871875 0.205458534375 0.9979529328125001 0.2070620625 0.9964621062499999 0.20872102343750001 0.9970222921874999 0.21673694375000002 0.9987372015625 0.21828446875 1 0.21824034375 1 0.20377622187500002
0 0.7860262578125 0.0939359578125 0.7870345671875 0.10836426875 0.8030599046875 0.107804309375 0.8060407328125001 0.1044858390625 0.8052565046875 0.09326401250000001 0.7860262578125 0.0939359578125
3 0.4812111296875 0.9274141218749999 0.48333981093749995 0.9578742765625 0.51699333125 0.9566983515624999 0.5184841578125 0.9550393906249999 0.516467496875 0.9261821906250001 0.4812111296875 0.9274141218749999
1 0.799504159375 0.26381611718750003 0.8011070078125 0.263760109375 0.8025970078125001 0.2621006 0.8090076140625 0.2618766 0.8081113249999999 0.24905124218750002 0.8096021515625 0.24739228125 0.8093780703125001 0.2441857984375 0.8108681125 0.2425268640625 0.81075605 0.240923334375 0.8122468765624999 0.239264375 0.8120227953124999 0.23605789062500002 0.8135128359375001 0.2343989578125 0.8134007750000001 0.23279542812499998 0.816382428125 0.22947750625 0.8195873390624999 0.22936552031250002 0.8213014218750001 0.23091249375 0.8229042703125 0.2308564875 0.829763 0.2370448796875 0.8298750609375001 0.238648409375 0.8333040531250001 0.24174290625 0.8334160734375 0.24334586093750002 0.83684506875 0.24644035625 0.8369570890625001 0.24804331093749998 0.8385599375 0.2479873046875 0.8415407640625 0.244668834375 0.840980578125 0.2366529140625 0.8392657109374999 0.235105965625 0.8390416265624999 0.23189948437500002 0.8373275437500001 0.230352509375 0.835724696875 0.23040851562500003 0.8340106109375001 0.228861540625 0.8324077640624999 0.22891754843749998 0.827263903125 0.22427610312500001 0.8271518421874999 0.22267257499999998 0.8254369718750001 0.22112562656249998 0.8251008703125 0.2163161890625 0.8233867453125001 0.21476863906250002 0.8231626640625 0.21156215625 0.8197329265625 0.2084682625 0.819620865625 0.2068647328125 0.8127629203125 0.2006763140625 0.8126509000000001 0.1990733609375 0.8109359906250001 0.1975258390625 0.81082396875 0.1959228828125 0.8039659828125 0.1897338890625 0.7911455593750001 0.1901818609375 0.7914816609375 0.19499129843750002 0.794910653125 0.198085796875 0.7965135 0.1980297890625 0.7999424937499999 0.20112428593749998 0.8000545140625 0.20272724062499997 0.8016573625 0.2026712328125 0.8068012234375 0.207312678125 0.8072493875 0.21372564375 0.8089634718750001 0.21527261874999998 0.8094116375 0.22168558593749998 0.8079215953125001 0.22334451875 0.8063187468749999 0.22340052500000002 0.8048279624999999 0.22506006250000002 0.8016230515625 0.2251720484375 0.8001322234374999 0.22683100937499998 0.7985301609375 0.2268869875 0.797039334375 0.22854595 0.7971513953125 0.23014947968750002 0.7956613546875 0.2318084125 0.795773375 0.233411365625 0.7942825906250001 0.235070903125 0.7943946109375 0.23667385625 0.79141378125 0.2399923265625 0.792646175 0.2576271203125 0.794360259375 0.2591740953125 0.7944723203125 0.26077762656250003 0.7961871890625 0.26232457187499997 0.7977900359375 0.262268565625 0.799504159375 0.26381611718750003
0 0.20175604218749998 0.0548893828125 0.1857307046875 0.055449339062500005 0.18696309687499998 0.0730841359375 0.198180675 0.0726921703125 0.1996715046875 0.07103320937499999 0.20287641406249998 0.0709212234375 0.20175604218749998 0.0548893828125
5 0.7094706578125 0.837477015625 0.739918484375 0.8364131046875001 0.7346527703125 0.7610639109374999 0.70420494375 0.7621278218749999 0.7094706578125 0.837477015625
1 0.5453034703124999 0.8560700375 0.5469063171874999 0.85601403125 0.5467942546875 0.8544105015625 0.549775084375 0.85109203125 0.5496630640625 0.8494890765625 0.551153890625 0.847830115625 0.5527559531249999 0.8477741375000001 0.552643890625 0.84617060625 0.5541347171875 0.8445116484374999 0.5540226968749999 0.8429086921875 0.555513484375 0.84124915625 0.5554014640625 0.8396462031249999 0.5568915046875 0.8379872687500001 0.5584943515624999 0.8379312625 0.5599843515625 0.836271753125 0.55987233125 0.8346688 0.5658347734375 0.828031834375 0.5657227515625001 0.826428878125 0.5746660609375 0.8164740187499999 0.5762681234375 0.8164180375000001 0.577758909375 0.8147585015625 0.5776468890625 0.81315555 0.5850993718749999 0.8048596484375 0.58498735 0.8032566953125 0.59094900625 0.7966197546875 0.5908369859375 0.7950168015625 0.5953086390625 0.7900393703125 0.595196578125 0.7884358406249999 0.601159059375 0.7817994515625 0.6010469984375 0.7801959203125 0.6114803484375 0.768582125 0.6113682875 0.766978596875 0.614349940625 0.763660675 0.6142378796875 0.7620571453125 0.6216903625 0.7537612453125 0.6211301765624999 0.7457453234375 0.6018991453125 0.7464172984374999 0.6020112078125 0.7480208265625 0.596049509375 0.7546571890625 0.596161571875 0.756260721875 0.5946707453125 0.75791968125 0.5948948265625 0.761126165625 0.590423171875 0.7661035953125 0.588820325 0.766159603125 0.5813678421875 0.7744555015625 0.5814798624999999 0.77605845625 0.5799898625 0.7777179640624999 0.578387015625 0.7777739718750001 0.576896971875 0.7794329046875 0.57700899375 0.781035859375 0.571046553125 0.7876728265625 0.5711585734375 0.7892757796875001 0.56519691875 0.7959127171875 0.5653089390625 0.7975156734375 0.560837284375 0.8024931046875 0.5609493453125001 0.8040966328125 0.55945851875 0.8057555921875 0.5595705390625 0.8073585484375 0.547646403125 0.8206318765624999 0.5477584656250001 0.8222354062499999 0.5417967671875 0.828871771875 0.541908828125 0.8304753015624999 0.5374371734375 0.83545273125 0.5375491953125 0.837055684375 0.536058409375 0.838715221875 0.5361704296875 0.8403181765625 0.5302079484375 0.846954565625 0.530320009375 0.8485580953125 0.525849140625 0.8535354984374999 0.526633409375 0.864757903125 0.5394538343749999 0.86430993125 0.5424346625 0.8609914609375 0.5423226015625 0.8593879328125 0.5453034703124999 0.8560700375
4 0.5323128953125 0.9690197312500001 0.569171325 0.9677318187499999 0.567378746875 0.942081103125 0.5305203171875 0.9433690125 0.5323128953125 0.9690197312500001
5 0.8650879437500001 0.719543071875 0.8649759234375001 0.7179401171875 0.8664667500000001 0.71628115625 0.8663546875 0.7146776265625 0.8678455140624999 0.7130186671875001 0.8668372046874999 0.6985903546875 0.8651222953125 0.69704283125 0.86422600625 0.6842174734375 0.8657168328125 0.6825585125 0.862355759375 0.6344635640625 0.7662021703125 0.6378233718749999 0.77247619375 0.7276008796875 0.8654240874999999 0.7243530859375 0.865312025 0.7227495546875 0.8635979421875 0.7212025796875 0.8650879437500001 0.719543071875
4 0.4308698578125 0.9886353515625 0.46772828750000006 0.987347440625 0.46593570937499995 0.961696725 0.429077278125 0.9629846359374999 0.4308698578125 0.9886353515625
1 0.4777477859375 0.9468198640625 0.477635765625 0.9452169093749999 0.47912655 0.9435573734375 0.48072939843749996 0.943501365625 0.4941435765625 0.9285691015624999 0.495746425 0.9285130953125 0.5017081218749999 0.92187673125 0.501596059375 0.9202732031249999 0.507558540625 0.9136368109375 0.5073344578125 0.9104303281250001 0.5118061125 0.9054528984375001 0.5116940921875 0.9038499421875 0.51318409375 0.902190434375 0.513072071875 0.90058748125 0.5190345140625 0.8939505140625 0.51892249375 0.892347559375 0.5219033203125 0.889029090625 0.5235061671875 0.888973084375 0.5249962078125 0.8873141499999999 0.5248841468750001 0.8857106218749999 0.529355803125 0.8807331906250001 0.52924378125 0.8791302375000001 0.5352062234375 0.8724932687500001 0.535094203125 0.8708903156250001 0.5410558984375 0.864253953125 0.5409438375 0.8626504203125 0.5424346625 0.8609914609375 0.5420985593750001 0.8561820234375 0.5244703765625001 0.8567979890625 0.522979546875 0.8584569500000001 0.5213774859375 0.8585129296874999 0.518396659375 0.8618314 0.5185086796875 0.8634343515625 0.5170178921875 0.865093890625 0.5171299140625 0.86669684375 0.5111674328125 0.873333234375 0.5112794953125 0.874936765625 0.50084614375 0.8865505593749999 0.5009582046875 0.8881540875 0.49797737656249996 0.8914725578124999 0.49637452812499994 0.8915285640624999 0.49488448749999997 0.8931874984375 0.49499650937500006 0.8947904515625 0.49052485625 0.8997678828125 0.490636915625 0.9013714125 0.4891460875 0.9030303734375 0.489370171875 0.9062368578125 0.48340847499999995 0.9128732203125001 0.4835205359375 0.9144767484375 0.482029709375 0.9161357109375 0.4821417296875 0.9177386640625 0.47767011718749997 0.9227166718750001 0.47778213750000004 0.9243196234375001 0.4718196953125 0.930956590625 0.4719317171875 0.9325595453125001 0.4659700203125 0.9391959078125 0.466194103125 0.9424023921875 0.4647032765625 0.944061353125 0.46537552499999996 0.9536808046875 0.47018328125000003 0.9535128109375 0.4746549375 0.9485353796875 0.4762577828125 0.9484793734375 0.4777477859375 0.9468198640625
4 0.7768784484375 0.23889277656250002 0.7800833578125 0.238780790625 0.7815741843749999 0.237121828125 0.7863819421875 0.236953834375 0.78436528125 0.2080966359375 0.7443011546875 0.2094965609375 0.7464298375 0.23995671562499998 0.7704678421875 0.23911677656250002 0.7719586671875 0.237457815625 0.775163578125 0.237345828125 0.7768784484375 0.23889277656250002
0 0.898263928125 0.5046415171875 0.899754753125 0.50298255625 0.8995306718749999 0.4997760734375 0.8978158031250001 0.49822912500000005 0.8753798609375 0.499013084375 0.8769483578124999 0.5214573171875 0.8977814515625001 0.5207293640625 0.8973333265625 0.5143169734375 0.8988241125 0.5126574374999999 0.898263928125 0.5046415171875