2 0.9029696968750001 0.27556355312499997 0.90321829375 0.127568146875 0.8814579124999999 0.11040964843750001 0.8761122328125 0.1214563546875 0.8946621765625 0.1357496171875 0.892632996875 0.280536753125 0.15602974218750001 0.874201378125 0.15568181875 0.655605665625 0.1996217734375 0.6899701375 0.2047693609375 0.6808215921875 0.1545634125 0.6407465546875 0.1457441078125 0.6522511484375 0.14822895625000002 0.884541346875 0.15874410781249998 0.888072740625 0.8977788999999999 0.291933384375 0.9029696968750001 0.27556355312499997
5 0.12847362499999998 0.6464854515625 0.0733557796875 0.6464854515625 0.0733557796875 0.6640199078125 0.12847362499999998 0.6640199078125 0.12847362499999998 0.6464854515625
5 0.3199859703125 0.5907044406249999 0.256141975 0.5907044406249999 0.256141975 0.6231852984375 0.3199859703125 0.6231852984375 0.3199859703125 0.5907044406249999
5 0.5364983171875 0.70883996875 0.47079685781249997 0.70883996875 0.47079685781249997 0.7366883609375 0.5364983171875 0.7366883609375 0.5364983171875 0.70883996875
5 0.662368125 0.749858346875 0.4365207625 0.749858346875 0.4365207625 0.7959915765625001 0.662368125 0.7959915765625001 0.662368125 0.749858346875
0 0.49127384999999996 0.68833078125 0.46838945 0.68833078125 0.46838945 0.7085758046875 0.49127384999999996 0.7085758046875 0.49127384999999996 0.68833078125
0 0.93199214375 0.1288055125 0.9163355781250001 0.1288055125 0.9163355781250001 0.1481163859375 0.93199214375 0.1481163859375 0.93199214375 0.1288055125
0 0.9490600453125 0.30027565156249997 0.931972503125 0.30027565156249997 0.931972503125 0.32113323125000004 0.9490600453125 0.32113323125000004 0.9490600453125 0.30027565156249997
0 0.8563973062500001 0.398725115625 0.8297530859375 0.398725115625 0.8297530859375 0.4192534453125 0.8563973062500001 0.4192534453125 0.8563973062500001 0.398725115625
0 0.5514983171875001 0.5849578859375 0.5375364765625 0.5849578859375 0.5375364765625 0.60216309375 0.5514983171875001 0.60216309375 0.5514983171875001 0.5849578859375
0 0.6439253640625 0.3306240421875 0.6235157124999999 0.3306240421875 0.6235157124999999 0.35053981562500003 0.6439253640625 0.35053981562500003 0.6439253640625 0.3306240421875
0 0.1690151515625 0.8942534453125001 0.1527244671875 0.8942534453125001 0.1527244671875 0.9163437984374999 0.1690151515625 0.9163437984374999 0.1690151515625 0.8942534453125001
5 0.3234377109375 0.925 0.3234377109375 0.8796875953125 0.25625028125 0.8796875953125 0.25625028125 0.9265627875 0.321874859375 0.9265627875 0.3234377109375 0.925
5 0.18124971875 0.5375 0.1015622890625 0.5375 0.1015622890625 0.6203124046874999 0.165625140625 0.6203124046874999 0.1671874296875 0.6187503828125 0.16875028125 0.6187503828125 0.1703125703125 0.6171875953125 0.1796874296875 0.6171875953125 0.18124971875 0.6156248078125001 0.18124971875 0.5375
5 0.0734377109375 0.9437503828124999 0.0734377109375 0.9781248078125 0.140625140625 0.9781248078125 0.140625140625 0.9437503828124999 0.0734377109375 0.9437503828124999
5 0.6 0.5765627875 0.6 0.6640627875 0.6609377109375 0.6640627875 0.6625 0.6625 0.690625140625 0.6625 0.6921874296875 0.6640627875 0.69374971875 0.6640627875 0.69374971875 0.5765627875 0.6 0.5765627875
4 0.1171874296875 0.6765627875 0.1171874296875 0.7109372125 0.1421874296875 0.7109372125 0.1421874296875 0.7093751921875 0.14374971875 0.7078124046875 0.14374971875 0.7015627875 0.1421874296875 0.7 0.1421874296875 0.6765627875 0.1171874296875 0.6765627875
4 0.1171874296875 0.8609372125 0.1171874296875 0.8953124046875001 0.1375 0.8953124046875001 0.1375 0.8609372125 0.1171874296875 0.8609372125
0 0.25 0.5718751921874999 0.25 0.5890627875 0.2734377109375 0.5890627875 0.2734377109375 0.5718751921874999 0.25 0.5718751921874999
0 0.7234377109375 0.48437519218749997 0.7234377109375 0.5046875953125001 0.725 0.5062503828125 0.7328125703125 0.5062503828125 0.734374859375 0.5046875953125001 0.7421874296875 0.5046875953125001 0.74375028125 0.5031248078125 0.74375028125 0.48437519218749997 0.7234377109375 0.48437519218749997
0 0.253125140625 0.8640627875 0.253125140625 0.8828124046875001 0.2734377109375 0.8828124046875001 0.2734377109375 0.8640627875 0.253125140625 0.8640627875
5 0.240625140625 0.6437503828125 0.240625140625 0.6796875953125 0.309374859375 0.6796875953125 0.309374859375 0.6437503828125 0.240625140625 0.6437503828125
0 0.434374859375 0.7312496171875 0.434374859375 0.7515627874999999 0.4609377109375 0.7515627874999999 0.4609377109375 0.7312496171875 0.434374859375 0.7312496171875
1 0.3140622890625 0.7171875953125 0.3109377109375 0.7203124046875 0.309374859375 0.7203124046875 0.3046874296875 0.725 0.303125140625 0.725 0.296874859375 0.7312496171875 0.2953125703125 0.7312496171875 0.2890622890625 0.7375 0.2875 0.7375 0.2859377109375 0.7390627875 0.284374859375 0.7390627875 0.2796874296875 0.7437503828125 0.278125140625 0.7437503828125 0.265625140625 0.7562496171875 0.2640622890625 0.7562496171875 0.2625 0.7578124046875 0.2625 0.7593751921874999 0.259374859375 0.7625 0.2578125703125 0.7625 0.253125140625 0.7671875953125 0.2515622890625 0.7671875953125 0.2484377109375 0.7703124046875 0.246874859375 0.7703124046875 0.2421874296875 0.775 0.240625140625 0.775 0.234374859375 0.7812503828125 0.2328125703125 0.7812503828125 0.2328125703125 0.7828124046875 0.23125028125 0.7843751921875 0.23125028125 0.7859372125 0.2296874296875 0.7875 0.2296874296875 0.7906248078125 0.23125028125 0.7921875953125 0.2328125703125 0.7921875953125 0.234374859375 0.7937503828125 0.2421874296875 0.7937503828125 0.24374971875 0.7921875953125 0.246874859375 0.7921875953125 0.259374859375 0.7796875953125 0.2609377109375 0.7796875953125 0.2671874296875 0.7734372125 0.26874971875 0.7734372125 0.275 0.7671875953125 0.2765622890625 0.7671875953125 0.2828125703125 0.7609372125 0.284374859375 0.7609372125 0.2890622890625 0.7562496171875 0.290625140625 0.7562496171875 0.2921874296875 0.7546875953125001 0.29375028125 0.7546875953125001 0.3 0.7484372125000001 0.3015622890625 0.7484372125000001 0.3046874296875 0.7453124046874999 0.3046874296875 0.7437503828125 0.30625028125 0.7421875953125 0.3078125703125 0.7421875953125 0.3140622890625 0.7359372125 0.315625140625 0.7359372125 0.3171874296875 0.7343751921874999 0.3171874296875 0.7328124046875 0.3203125703125 0.7296875953125 0.321874859375 0.7296875953125 0.328125140625 0.7234372125 0.3296874296875 0.7234372125 0.3296874296875 0.7218751921875 0.334374859375 0.7171875953125 0.3359377109375 0.7171875953125 0.3421874296875 0.7109372125 0.3421874296875 0.7 0.334374859375 0.7 0.328125140625 0.7062503828125 0.3265622890625 0.7062503828125 0.3203125703125 0.7125 0.31874971875 0.7125 0.3171874296875 0.7140627875 0.3171874296875 0.7156248078125 0.315625140625 0.7171875953125 0.3140622890625 0.7171875953125
5 0.8859377109375 0.0875 0.8859377109375 0.0046875953125 0.8203125703125 0.0046875953125 0.8203125703125 0.0906248078125 0.8828125703125 0.0906248078125 0.8859377109375 0.0875
0 0.0734377109375 0.9265627875 0.0734377109375 0.9437503828124999 0.0984377109375 0.9437503828124999 0.0984377109375 0.9265627875 0.0734377109375 0.9265627875
5 0.3484377109375 0.7578124046875 0.3484377109375 0.7890627875 0.4125 0.7890627875 0.4125 0.7578124046875 0.3484377109375 0.7578124046875
1 0.41875028125 0.6312496171875 0.4125 0.6375 0.4109377109375 0.6375 0.4046874296875 0.6437503828125 0.403125140625 0.6437503828125 0.396874859375 0.65 0.3953125703125 0.65 0.390625140625 0.6546875953125 0.3890622890625 0.6546875953125 0.3859377109375 0.6578124046875 0.384374859375 0.6578124046875 0.3796874296875 0.6625 0.378125140625 0.6625 0.365625140625 0.675 0.3640622890625 0.675 0.359374859375 0.6796875953125 0.3578125703125 0.6796875953125 0.35625028125 0.6812503828125 0.3546874296875 0.6812503828125 0.3484377109375 0.6875 0.346874859375 0.6875 0.3390622890625 0.6953124046875 0.3390622890625 0.7125 0.3421874296875 0.7125 0.3453125703125 0.7093751921875 0.346874859375 0.7093751921875 0.3484377109375 0.7078124046875 0.35 0.7078124046875 0.3515622890625 0.7062503828125 0.353125140625 0.7062503828125 0.359374859375 0.7 0.3609377109375 0.7 0.3625 0.6984372125 0.3640622890625 0.6984372125 0.3703125703125 0.6921875953125001 0.371874859375 0.6921875953125001 0.3828125703125 0.6812503828125 0.384374859375 0.6812503828125 0.3859377109375 0.6796875953125 0.3875 0.6796875953125 0.3890622890625 0.6781248078125001 0.390625140625 0.6781248078125001 0.396874859375 0.6718751921874999 0.3984377109375 0.6718751921874999 0.3984377109375 0.6703124046875 0.4015622890625 0.6671875953125 0.403125140625 0.6671875953125 0.4046874296875 0.6656248078125 0.4046874296875 0.6640627875 0.4078125703125 0.6609372125 0.409374859375 0.6609372125 0.415625140625 0.6546875953125 0.4171874296875 0.6546875953125 0.4234377109375 0.6484372125 0.425 0.6484372125 0.4265622890625 0.6468751921875 0.428125140625 0.6468751921875 0.428125140625 0.6453124046875 0.43125028125 0.6421875953125 0.4328125703125 0.6421875953125 0.440625140625 0.6343751921874999 0.4421874296875 0.6343751921874999 0.4421874296875 0.6328124046875 0.44374971875 0.6312496171875 0.4453125703125 0.6312496171875 0.4515622890625 0.625 0.453125140625 0.625 0.4546874296875 0.6234372125000001 0.4546874296875 0.6125 0.4453125703125 0.6125 0.44374971875 0.6140627875 0.4421874296875 0.6140627875 0.4375 0.6187503828125 0.434374859375 0.6187503828125 0.428125140625 0.625 0.4265622890625 0.625 0.4203125703125 0.6312496171875 0.41875028125 0.6312496171875
0 0.203125140625 0.9359372125000001 0.203125140625 0.9171875953124999 0.1765622890625 0.9171875953124999 0.1765622890625 0.9375 0.2015622890625 0.9375 0.203125140625 0.9359372125000001
0 0.2671874296875 0.6453124046875 0.2671874296875 0.6281248078125 0.240625140625 0.6281248078125 0.240625140625 0.6468751921875 0.265625140625 0.6468751921875 0.2671874296875 0.6453124046875
5 0.621874859375 0.3812496171875 0.6234377109375 0.3828124046875 0.690625140625 0.3828124046875 0.690625140625 0.3812496171875 0.69374971875 0.3781248078125 0.69374971875 0.34375038281250003 0.621874859375 0.34375038281250003 0.621874859375 0.3812496171875
5 0.1765622890625 0.9328124046875 0.1765622890625 0.9984372125000001 0.24374971875 0.9984372125000001 0.24374971875 0.9328124046875 0.1765622890625 0.9328124046875
4 0.184374859375 0.6187503828125 0.209374859375 0.6187503828125 0.2109377109375 0.6171875953125 0.2109377109375 0.5953124046875 0.2125 0.5937503828125 0.2125 0.5812503828125 0.184374859375 0.5812503828125 0.184374859375 0.6187503828125
0 0.0703125703125 0.6296875953125001 0.0703125703125 0.6468751921875 0.0859377109375 0.6468751921875 0.0859377109375 0.6296875953125001 0.0703125703125 0.6296875953125001
1 0.5453125703125 0.5312503828125 0.54375028125 0.5328124046875 0.54375028125 0.5343751921875 0.540625140625 0.5375 0.5390622890625 0.5375 0.5328125703125 0.5437496171875 0.5296874296875 0.5437496171875 0.528125140625 0.5453124046875 0.5265622890625 0.5453124046875 0.521874859375 0.55 0.5203125703125 0.55 0.5140622890625 0.5562503828125 0.5125 0.5562503828125 0.50624971875 0.5625 0.5046874296875 0.5625 0.4984377109375 0.5687503828125 0.496874859375 0.5687503828125 0.490625140625 0.575 0.4890622890625 0.575 0.4828125703125 0.5812503828125 0.48125028125 0.5812503828125 0.4796874296875 0.5828124046875 0.4796874296875 0.5843751921875 0.478125140625 0.5859372125 0.4765622890625 0.5859372125 0.46875028125 0.5937503828125 0.46875028125 0.6109372125 0.4703125703125 0.6093751921874999 0.471874859375 0.6093751921874999 0.4765622890625 0.6046875953125 0.478125140625 0.6046875953125 0.4828125703125 0.6 0.484374859375 0.6 0.4875 0.5968751921875 0.4890622890625 0.5968751921875 0.49375028125 0.5921875953125 0.496874859375 0.5921875953125 0.503125140625 0.5859372125 0.5046874296875 0.5859372125 0.5046874296875 0.5843751921875 0.5078125703125 0.5812503828125 0.509374859375 0.5812503828125 0.5109377109375 0.5796875953125 0.5125 0.5796875953125 0.5140622890625 0.5781248078125001 0.515625140625 0.5781248078125001 0.5203125703125 0.5734372125 0.521874859375 0.5734372125 0.528125140625 0.5671875953125001 0.5296874296875 0.5671875953125001 0.5359377109375 0.5609372125000001 0.5375 0.5609372125000001 0.5390622890625 0.5593751921875 0.540625140625 0.5593751921875 0.540625140625 0.5578124046874999 0.5421874296875 0.5562503828125 0.54375028125 0.5562503828125 0.5515622890625 0.5484372125 0.553125140625 0.5484372125 0.559374859375 0.5421875953125 0.5609377109375 0.5421875953125 0.56874971875 0.5343751921875 0.56874971875 0.5328124046875 0.5703125703125 0.5312503828125 0.571874859375 0.5312503828125 0.5734377109375 0.5296875953125 0.575 0.5296875953125 0.5765622890625 0.5281248078125 0.578125140625 0.5281248078125 0.578125140625 0.5265627875 0.5796874296875 0.525 0.58124971875 0.525 0.584374859375 0.5218751921875 0.5859377109375 0.5218751921875 0.5859377109375 0.5203124046875 0.5875 0.5187503828125 0.5875 0.5171875953125 0.565625140625 0.5171875953125 0.5640622890625 0.5187503828125 0.5625 0.5187503828125 0.5609377109375 0.5203124046875 0.559374859375 0.5203124046875 0.5546874296875 0.525 0.553125140625 0.525 0.546874859375 0.5312503828125 0.5453125703125 0.5312503828125
3 0.14374971875 0.8921875953124999 0.171874859375 0.8921875953124999 0.1734377109375 0.8906248078125 0.1734377109375 0.8890627875 0.1765622890625 0.8859372125 0.1765622890625 0.8546875953124999 0.14374971875 0.8546875953124999 0.14374971875 0.8921875953124999
1 0.1890622890625 0.6406248078125001 0.1859377109375 0.6375 0.184374859375 0.6375 0.1796874296875 0.6328124046875 0.1796874296875 0.6312496171875 0.178125140625 0.6312496171875 0.175 0.6281248078125 0.1734377109375 0.6281248078125 0.1703125703125 0.625 0.1703125703125 0.6390627875 0.178125140625 0.6468751921875 0.1796874296875 0.6468751921875 0.1875 0.6546875953125 0.1875 0.6578124046875 0.1890622890625 0.6593751921875 0.190625140625 0.6593751921875 0.1921874296875 0.6609372125 0.196874859375 0.6609372125 0.1984377109375 0.6625 0.2 0.6625 0.2015622890625 0.6640627875 0.203125140625 0.6640627875 0.20624971875 0.6671875953125 0.2078125703125 0.6671875953125 0.2140622890625 0.6734372125 0.21875028125 0.6734372125 0.2203125703125 0.675 0.225 0.675 0.2265622890625 0.6734372125 0.228125140625 0.6734372125 0.2296874296875 0.6718751921874999 0.2296874296875 0.6671875953125 0.228125140625 0.6656248078125 0.228125140625 0.6640627875 0.2265622890625 0.6625 0.225 0.6625 0.2203125703125 0.6578124046875 0.2171874296875 0.6578124046875 0.215625140625 0.6562503828125 0.2140622890625 0.6562503828125 0.2125 0.6546875953125 0.2109377109375 0.6546875953125 0.209374859375 0.6531248078125 0.209374859375 0.6468751921875 0.2125 0.6437503828125 0.2140622890625 0.6437503828125 0.215625140625 0.6421875953125 0.221874859375 0.6421875953125 0.2234377109375 0.6406248078125001 0.2296874296875 0.6406248078125001 0.2328125703125 0.6375 0.2328125703125 0.6359372125 0.234374859375 0.6343751921874999 0.234374859375 0.6265627874999999 0.2328125703125 0.6265627874999999 0.2265622890625 0.6203124046874999 0.21875028125 0.6203124046874999 0.2140622890625 0.625 0.2125 0.625 0.20624971875 0.6312496171875 0.2046874296875 0.6312496171875 0.196874859375 0.6390627875 0.1953125703125 0.6390627875 0.19375028125 0.6406248078125001 0.1890622890625 0.6406248078125001
5 0.71875028125 0.5 0.71875028125 0.5343751921875 0.79374971875 0.5343751921875 0.79374971875 0.5 0.71875028125 0.5
3 0.1421874296875 0.6796875953125 0.1734377109375 0.6796875953125 0.175 0.6781248078125001 0.175 0.6421875953125 0.1734377109375 0.6406248078125001 0.1734377109375 0.6328124046875 0.1421874296875 0.6328124046875 0.1421874296875 0.6796875953125
0 0.896874859375 0.1984372125 0.896874859375 0.1796875953125 0.8828125703125 0.1796875953125 0.8828125703125 0.2 0.8953125703125 0.2 0.896874859375 0.1984372125
0 0.4171874296875 0.46875038281250003 0.3375 0.46875038281250003 0.3375 0.5265627875 0.359374859375 0.5265627875 0.3609377109375 0.525 0.403125140625 0.525 0.4046874296875 0.5265627875 0.4140622890625 0.5265627875 0.4171874296875 0.5234372125 0.4171874296875 0.46875038281250003
0 0.2 0.825 0.1875 0.825 0.1859377109375 0.8265627875 0.1859377109375 0.8468751921875001 0.1875 0.8484372125 0.196874859375 0.8484372125 0.203125140625 0.8421875953125 0.203125140625 0.8312503828125 0.2 0.8281248078125 0.2 0.825
3 0.33124971875 0.7468751921875 0.34375028125 0.7468751921875 0.3484377109375 0.7421875953125 0.3484377109375 0.7406248078125001 0.35 0.7390627875 0.35 0.7203124046875 0.33124971875 0.7203124046875 0.33124971875 0.7468751921875
1 0.5296874296875 0.5109372125 0.528125140625 0.5109372125 0.5203125703125 0.5187503828125 0.51874971875 0.5187503828125 0.5171874296875 0.5203124046875 0.5171874296875 0.5218751921875 0.515625140625 0.5234372125 0.5140622890625 0.5234372125 0.5125 0.525 0.5109377109375 0.525 0.503125140625 0.5328124046875 0.5015622890625 0.5328124046875 0.496874859375 0.5375 0.4953125703125 0.5375 0.4828125703125 0.55 0.48125028125 0.55 0.4765622890625 0.5546875953125 0.475 0.5546875953125 0.4734377109375 0.5562503828125 0.471874859375 0.5562503828125 0.4703125703125 0.5578124046874999 0.46875028125 0.5578124046874999 0.4640622890625 0.5625 0.4625 0.5625 0.45624971875 0.5687503828125 0.4546874296875 0.5687503828125 0.45 0.5734372125 0.4484377109375 0.5734372125 0.446874859375 0.575 0.4453125703125 0.575 0.428125140625 0.5921875953125 0.4265622890625 0.5921875953125 0.425 0.5937503828125 0.421874859375 0.5937503828125 0.415625140625 0.6 0.4140622890625 0.6 0.4125 0.6015627875 0.4125 0.6031248078125 0.409374859375 0.6062496171875 0.4078125703125 0.6062496171875 0.4 0.6140627875 0.3984377109375 0.6140627875 0.3859377109375 0.6265627874999999 0.384374859375 0.6265627874999999 0.384374859375 0.6281248078125 0.3828125703125 0.6296875953125001 0.3828125703125 0.6328124046875 0.38124971875 0.6343751921874999 0.38124971875 0.6359372125 0.378125140625 0.6390627875 0.3765622890625 0.6390627875 0.375 0.6406248078125001 0.375 0.6468751921875 0.3734377109375 0.6484372125 0.3703125703125 0.6484372125 0.36875028125 0.65 0.359374859375 0.65 0.35625028125 0.6531248078125 0.3546874296875 0.6531248078125 0.353125140625 0.6546875953125 0.3515622890625 0.6546875953125 0.35 0.6562503828125 0.3484377109375 0.6562503828125 0.34375028125 0.6609372125 0.3421874296875 0.6609372125 0.3390622890625 0.6640627875 0.3375 0.6640627875 0.33124971875 0.6703124046875 0.33124971875 0.6718751921874999 0.3265622890625 0.6765627875 0.3265622890625 0.6781248078125001 0.3171874296875 0.6875 0.3140622890625 0.6875 0.3125 0.6890627874999999 0.3109377109375 0.6890627874999999 0.3046874296875 0.6953124046875 0.303125140625 0.6953124046875 0.2984377109375 0.7 0.296874859375 0.7 0.290625140625 0.7062503828125 0.2890622890625 0.7062503828125 0.284374859375 0.7109372125 0.2828125703125 0.7109372125 0.28124971875 0.7125 0.2796874296875 0.7125 0.278125140625 0.7140627875 0.2765622890625 0.7140627875 0.271874859375 0.7187503828125 0.2703125703125 0.7187503828125 0.265625140625 0.7234372125 0.2640622890625 0.7234372125 0.259374859375 0.7281248078125 0.2578125703125 0.7281248078125 0.2546874296875 0.7312496171875 0.253125140625 0.7312496171875 0.2515622890625 0.7328124046875 0.25 0.7328124046875 0.246874859375 0.7359372125 0.2453125703125 0.7359372125 0.2390622890625 0.7421875953125 0.2375 0.7421875953125 0.2359377109375 0.7437503828125 0.234374859375 0.7437503828125 0.228125140625 0.75 0.2265622890625 0.75 0.2203125703125 0.7562496171875 0.21875028125 0.7562496171875 0.2125 0.7625 0.2109377109375 0.7625 0.20624971875 0.7671875953125 0.2046874296875 0.7671875953125 0.203125140625 0.7687503828125 0.2015622890625 0.7687503828125 0.196874859375 0.7734372125 0.1953125703125 0.7734372125 0.1890622890625 0.7796875953125 0.1875 0.7796875953125 0.184374859375 0.7828124046875 0.1828125703125 0.7828124046875 0.1828125703125 0.7843751921875 0.171874859375 0.7953124046875 0.1703125703125 0.7953124046875 0.16875028125 0.7968751921874999 0.16875028125 0.7984372125 0.165625140625 0.8015627875 0.165625140625 0.8031248078125 0.1640622890625 0.8046875953124999 0.1640622890625 0.8062496171875001 0.1578125703125 0.8125 0.1578125703125 0.8171875953125 0.1609377109375 0.8171875953125 0.1625 0.8156248078124999 0.165625140625 0.8156248078124999 0.16875028125 0.8125 0.1703125703125 0.8125 0.171874859375 0.8109372125000001 0.1734377109375 0.8109372125000001 0.175 0.8093751921875001 0.1765622890625 0.8093751921875001 0.178125140625 0.8078124046875 0.1796874296875 0.8078124046875 0.1828125703125 0.8046875953124999 0.184374859375 0.8046875953124999 0.1859377109375 0.8031248078125 0.1875 0.8031248078125 0.1921874296875 0.7984372125 0.19375028125 0.7984372125 0.1984377109375 0.7937503828125 0.2 0.7937503828125 0.2015622890625 0.7921875953125 0.203125140625 0.7921875953125 0.215625140625 0.7796875953125 0.2171874296875 0.7796875953125 0.2296874296875 0.7671875953125 0.23125028125 0.7671875953125 0.2375 0.7609372125 0.2390622890625 0.7609372125 0.2453125703125 0.7546875953125001 0.246874859375 0.7546875953125001 0.2546874296875 0.7468751921875 0.2546874296875 0.7453124046874999 0.2578125703125 0.7421875953125 0.2609377109375 0.7421875953125 0.2625 0.7406248078125001 0.2640622890625 0.7406248078125001 0.26874971875 0.7359372125 0.26874971875 0.7343751921874999 0.2734377109375 0.7296875953125 0.275 0.7296875953125 0.2875 0.7171875953125 0.2890622890625 0.7171875953125 0.290625140625 0.7156248078125 0.29375028125 0.7156248078125 0.2953125703125 0.7140627875 0.296874859375 0.7140627875 0.3 0.7109372125 0.3015622890625 0.7109372125 0.315625140625 0.6968751921874999 0.3171874296875 0.6968751921874999 0.3171874296875 0.6953124046875 0.3234377109375 0.6890627874999999 0.3234377109375 0.6875 0.325 0.6859372125000001 0.3265622890625 0.6859372125000001 0.328125140625 0.6843751921875 0.3359377109375 0.6843751921875 0.3375 0.6828124046874999 0.3390622890625 0.6828124046874999 0.3484377109375 0.6734372125 0.35 0.6734372125 0.3515622890625 0.6718751921874999 0.353125140625 0.6718751921874999 0.3578125703125 0.6671875953125 0.359374859375 0.6671875953125 0.3609377109375 0.6656248078125 0.3625 0.6656248078125 0.365625140625 0.6625 0.365625140625 0.6609372125 0.371874859375 0.6546875953125 0.375 0.6546875953125 0.3765622890625 0.6531248078125 0.378125140625 0.6531248078125 0.378125140625 0.6468751921875 0.3796874296875 0.6453124046875 0.3796874296875 0.6437503828125 0.38124971875 0.6421875953125 0.3828125703125 0.6421875953125 0.384374859375 0.6406248078125001 0.3890622890625 0.6406248078125001 0.39374971875 0.6359372125 0.3953125703125 0.6359372125 0.4015622890625 0.6296875953125001 0.403125140625 0.6296875953125001 0.4078125703125 0.625 0.409374859375 0.625 0.4125 0.6218751921875 0.4140622890625 0.6218751921875 0.41875028125 0.6171875953125 0.4203125703125 0.6171875953125 0.421874859375 0.6156248078125001 0.4234377109375 0.6156248078125001 0.434374859375 0.6046875953125 0.4359377109375 0.6046875953125 0.440625140625 0.6 0.4421874296875 0.6 0.446874859375 0.5953124046875 0.4484377109375 0.5953124046875 0.45 0.5937503828125 0.4515622890625 0.5937503828125 0.453125140625 0.5921875953125 0.4546874296875 0.5921875953125 0.4671874296875 0.5796875953125 0.46875028125 0.5796875953125 0.4734377109375 0.575 0.475 0.575 0.4828125703125 0.5671875953125001 0.4859377109375 0.5671875953125001 0.4921874296875 0.5609372125000001 0.4921874296875 0.5593751921875 0.496874859375 0.5546875953125 0.4984377109375 0.5546875953125 0.509374859375 0.5437496171875 0.5109377109375 0.5437496171875 0.5125 0.5421875953125 0.5140622890625 0.5421875953125 0.515625140625 0.5406248078125 0.5171874296875 0.5406248078125 0.5171874296875 0.5390627875 0.51874971875 0.5375 0.5203125703125 0.5375 0.5265622890625 0.5312503828125 0.528125140625 0.5312503828125 0.5296874296875 0.5296875953125 0.53124971875 0.5296875953125 0.5328125703125 0.5281248078125 0.534374859375 0.5281248078125 0.5390622890625 0.5234372125 0.540625140625 0.5234372125 0.540625140625 0.5218751921875 0.5453125703125 0.5171875953125 0.546874859375 0.5171875953125 0.5484377109375 0.5156248078125001 0.55 0.5156248078125001 0.553125140625 0.5125 0.5546874296875 0.5125 0.5578125703125 0.5093751921874999 0.559374859375 0.5093751921874999 0.559374859375 0.5078124046875 0.5609377109375 0.5062503828125 0.5625 0.5062503828125 0.584374859375 0.48437519218749997 0.5859377109375 0.48437519218749997 0.5875 0.4828124046875 0.5609377109375 0.4828124046875 0.54375028125 0.5 0.5421874296875 0.5 0.5359377109375 0.5062503828125 0.534374859375 0.5062503828125 0.5328125703125 0.5078124046875 0.53124971875 0.5078124046875 0.53124971875 0.5093751921874999 0.5296874296875 0.5109372125
0 0.3671874296875 0.7578124046875 0.3671874296875 0.7562496171875 0.36875028125 0.7546875953125001 0.36875028125 0.7390627875 0.3484377109375 0.7390627875 0.3484377109375 0.7578124046875 0.3671874296875 0.7578124046875
5 0.8046874296875 0.85 0.8046874296875 0.8734372125000001 0.8640622890625 0.8734372125000001 0.8640622890625 0.85 0.8046874296875 0.85
0 0.1484377109375 0.7562496171875 0.15 0.7546875953125001 0.15 0.7515627874999999 0.1359377109375 0.7515627874999999 0.1359377109375 0.775 0.146874859375 0.775 0.1484377109375 0.7734372125 0.1484377109375 0.7718751921875 0.15 0.7703124046875 0.15 0.7640627875 0.1484377109375 0.7625 0.1484377109375 0.7562496171875