2 0.809522946875 0.043645459375 0.829623475 0.054262735937499994 0.8444290515624999 0.1969840109375 0.181176784375 0.9170366375000001 0.1554324546875 0.7021916265625 0.20310430156249998 0.7278400890625 0.20715836250000003 0.7178926234375 0.1525942203125 0.6877901890625 0.1451639890625 0.700733875 0.1746237078125 0.9286467359374999 0.1854867375 0.9301714531249999 0.8508685671875 0.207235571875 0.8541265453125 0.190180596875 0.8371781921875 0.044634867187499996 0.8135533796875001 0.0317951609375 0.809522946875 0.043645459375
5 0.0745728671875 0.7257085562500001 0.129363453125 0.715502203125 0.1273261375 0.6982634390625 0.0725355515625 0.7084697906249999 0.0745728671875 0.7257085562500001
5 0.2515292375 0.6517154421875 0.3149941625 0.639893240625 0.3112202359375 0.6079601234374999 0.247755309375 0.6197823234375 0.2515292375 0.6517154421875
5 0.4780974546875 0.723556109375 0.543408815625 0.7113899546875 0.54017313125 0.6840111828125 0.47486177031250004 0.6961773359375 0.4780974546875 0.723556109375
5 0.4509152671875 0.788206284375 0.6754216734375 0.746385390625 0.6700614890625001 0.7010301265625001 0.4455550828125 0.7428510203124999 0.4509152671875 0.788206284375
0 0.4724379640625 0.6963634140625 0.4951864890625 0.692125834375 0.49283423437499996 0.6722222125 0.470085709375 0.6764597921875 0.4724379640625 0.6963634140625
0 0.852605078125 0.062407621875 0.8681686828125 0.059508445312500005 0.8659249671874999 0.040523220312500004 0.8503613624999999 0.043422396875000005 0.852605078125 0.062407621875
0 0.8882518578124999 0.22961126874999999 0.9052379421875001 0.2264471125 0.9028145171874999 0.20594126406250002 0.8858284296875001 0.20910541875000002 0.8882518578124999 0.22961126874999999
0 0.798039875 0.3450051421875 0.8245258968750001 0.34007134375 0.822140725 0.31988919375 0.7956547031250001 0.32482299062500003 0.798039875 0.3450051421875
0 0.5288104203125 0.5789410078125 0.5426893625 0.576355646875 0.5406903015625 0.559440578125 0.526811359375 0.5620259375 0.5288104203125 0.5789410078125
0 0.5850432390625 0.3156399078125 0.6053317093749999 0.311860584375 0.6030177125 0.2922806609375 0.582729240625 0.29605998125 0.5850432390625 0.3156399078125
0 0.18278763125 0.959080440625 0.198981590625 0.9560638406249999 0.196414928125 0.93434600625 0.1802209703125 0.93736260625 0.18278763125 0.959080440625
5 0.2868861015625 0.9499568890625 0.3521210390625 0.9378049718750001 0.35349303125 0.9359791390625001 0.3482282171875 0.8914308578125001 0.28143970937499996 0.9038721734375 0.2868861015625 0.9499568890625
5 0.1671259390625 0.5813431359375001 0.0879116484375 0.5960991171875001 0.097533559375 0.6775150203125 0.161216040625 0.6656522921875 0.162587565625 0.6638273171875 0.1641411359375 0.66353791875 0.1655125703125 0.6617121921875 0.1748317671875 0.65997621875 0.1762032015625 0.658150490625 0.1671259390625 0.5813431359375001
5 0.6586710453125 0.61694625 0.6600424796875 0.615120521875 0.6880006296875 0.6099124984375 0.6897352203125 0.6111596375 0.691288234375 0.61087034375 0.681121675 0.5248458953124999 0.5879285890625 0.5422058359374999 0.5980951484375 0.6282302859375 0.6586710453125 0.61694625
4 0.1484471203125 0.7590888921875 0.14826562968749998 0.7575532140625 0.1496370640625 0.755727484375 0.148910925 0.7495832578125 0.1471763328125 0.74833611875 0.14445318125 0.7252941390625 0.119601615625 0.72992346875 0.12359555468750001 0.7637182234375001 0.1484471203125 0.7590888921875
4 0.1652099359375 0.9412228718750001 0.16121590937500002 0.9074273640625 0.14102394375 0.9111887078124999 0.14501797031250002 0.9449842171875 0.1652099359375 0.9412228718750001
0 0.2647576109375 0.6149656453125 0.2627605984375 0.5980678921875 0.239462046875 0.6024079312499999 0.24145906093749997 0.619305684375 0.2647576109375 0.6149656453125
0 0.7040168640625 0.44993248125 0.711783046875 0.44848580312499997 0.7131544812499999 0.44666007656250006 0.7209206640625 0.44521339531250004 0.722292659375 0.44338756406249996 0.7201141546875001 0.42495413125 0.6999221890625 0.4287154765625 0.7022822718749999 0.44868534374999997 0.7040168640625 0.44993248125
0 0.2988881578125 0.9037616359375 0.2967096546875 0.8853282 0.27651768906249996 0.8890895453125 0.2786961921875 0.90752298125 0.2988881578125 0.9037616359375
5 0.3110110140625 0.697407609375 0.306835496875 0.6620764218749999 0.2384939734375 0.6748070312500001 0.24266949218749997 0.7101382203125 0.3110110140625 0.697407609375
0 0.4700250921875 0.7400053515625 0.467664921875 0.72003473125 0.441259784375 0.7249534609375 0.44361995624999995 0.74492408125 0.4700250921875 0.7400053515625
1 0.269376784375 0.7883714687500001 0.2652618328125 0.793848003125 0.2637082625 0.7941374015625 0.260965303125 0.797788103125 0.25941173281249996 0.7980775015625 0.25529678125 0.8035540359375 0.25374376875000004 0.8038433296875 0.248256825 0.81114569375 0.2467038125 0.8114349890625 0.246885303125 0.81297066875 0.24551386874999998 0.8147963953125 0.24569535937500003 0.816332075 0.24432336562499998 0.8181579078125001 0.244686434375 0.8212300203125 0.2464215859375 0.82247705625 0.2479746 0.8221877609374999 0.24970919062500002 0.8234349 0.257475375 0.821988221875 0.258846809375 0.82016249375 0.26195339375 0.8195838015625 0.272926809375 0.8049799296875 0.2744803828125 0.8046905296875 0.279966765625 0.79738826875 0.2815197796875 0.7970989765625001 0.2870068125 0.7897973625 0.288559825 0.78950806875 0.29404676875 0.7822057046875 0.29559978125 0.7819164093750001 0.2997147328125 0.7764398781249999 0.30126830312499997 0.7761504796875001 0.302639828125 0.7743255046875 0.3041933984375 0.77403610625 0.309679784375 0.7667338453125 0.311232796875 0.7664445515625 0.3139763109375 0.7627937453125 0.313794821875 0.7612580640625 0.315166815625 0.759432234375 0.316719828125 0.7591429390625 0.3222062125 0.751840678125 0.323759784375 0.7515512796875 0.3251313078125 0.74972630625 0.324949728125 0.7481898734375 0.32769324375000003 0.7445390671875 0.3292462578125 0.7442497718750001 0.3347332015625 0.73694740625 0.3362862140625 0.7366581140624999 0.336104725 0.735122434375 0.3402196734375 0.7296458984374999 0.341773246875 0.7293565 0.3472596296875 0.7220542390625 0.34598884375 0.7113014671875 0.3382226609375 0.7127481453125 0.33273627656250004 0.72005040625 0.3311827046875 0.7203398046875 0.32569623124999997 0.7276413125000001 0.324142659375 0.7279307109375 0.322771225 0.7297564390625 0.322952715625 0.73129211875 0.32158128124999996 0.7331178453125 0.3200277078125 0.73340724375 0.3172847515625 0.737057946875 0.31573117968750003 0.7373473453125 0.31161622968749997 0.7428238781250001 0.310063215625 0.7431131734374999 0.3045761828125 0.750414784375 0.30302317031250003 0.750704078125 0.2975362265625 0.75800644375 0.2959832140625 0.7582957375 0.29461178125 0.7601214640625 0.2930582078125 0.7604108625 0.2889432578125 0.765887396875 0.2873902453125 0.7661766906249999 0.276416740625 0.7807798109374999 0.27486316718750003 0.7810692078125 0.2734917328125 0.7828949374999999 0.2736733140625 0.7844313703125 0.270929796875 0.788082175 0.269376784375 0.7883714687500001
5 0.74767534375 0 0.7504722968750001 0.02366644375 0.8126012078124999 0.0120931140625 0.8153447234375 0.008442309375 0.8143469921875001 0 0.74767534375 0
0 0.105158971875 0.9838088890625001 0.10656589999999999 0.9957136359375 0.131877528125 0.9949771421875001 0.1300105359375 0.9791795562500001 0.105158971875 0.9838088890625001
5 0.42623207656249995 0.7858423421875 0.42260111718750004 0.7551189468749999 0.35891919375 0.7669815703125 0.362550153125 0.7977049640625 0.42623207656249995 0.7858423421875
1 0.356236121875 0.6905533671875 0.3507496484375 0.697854875 0.349196078125 0.6981442734375001 0.3423376109375 0.7072716125 0.344334625 0.724169365625 0.347441209375 0.7235906734374999 0.350184725 0.7199398687499999 0.3517377390625 0.719650575 0.3531097328125 0.7178247421874999 0.3546627453125 0.7175354484375001 0.3560342671875 0.7157104734375 0.35758784062500004 0.715421075 0.363074225 0.708118815625 0.364627796875 0.707829415625 0.3659992296875 0.7060036875 0.36755224375 0.70571439375 0.3730392765625 0.6984127828125 0.37459228906250003 0.6981234875 0.3841942703125 0.6853453421875 0.385747284375 0.6850560484375 0.3871192765625 0.683230215625 0.3886722890625 0.6829409234375 0.3900437234375 0.68111519375 0.391597296875 0.680825796875 0.3970837703125 0.673524290625 0.3986373421875 0.6732348921875 0.3984557625 0.6716984578125 0.4011987203125 0.6680477546875 0.40275229218749997 0.66775835625 0.4041237265625 0.6659326296875 0.4039422359375 0.66439695 0.4066856625 0.660745390625 0.40823867500000005 0.6604560953124999 0.41372570781249995 0.653154484375 0.41527872187500003 0.652865190625 0.42076566406250004 0.6455628250000001 0.422318678125 0.64527353125 0.4236902015625 0.6434485578125 0.42524377343750003 0.643159159375 0.42506219375 0.6416227265625001 0.42780571093750003 0.6379719203125 0.4293587234375 0.637682625 0.43621718906250007 0.6285552859375 0.4377702015625 0.6282659921875 0.4375886234375 0.626729559375 0.4389600578125 0.6249038328125 0.44051362968749996 0.6246144328125001 0.44600010156250003 0.617312925 0.447553675 0.6170235265625 0.448925109375 0.6151978 0.447654321875 0.604445025 0.43833512499999994 0.6061809984375001 0.4369631328125 0.6080068296875 0.43541012031250004 0.6082961250000001 0.43129516875 0.6137726578125 0.42818858281249994 0.61435135 0.42270211093750004 0.6216528593749999 0.42114853906249994 0.62194225625 0.415662065625 0.6292437640624999 0.41410905312499996 0.629533059375 0.408622109375 0.6368354234375 0.40706909687500004 0.6371247171875 0.401582153125 0.6444270828125 0.40002914062499995 0.6447163765624999 0.3945421078125 0.6520179875000001 0.39298909375 0.6523072828125 0.38887414531250003 0.657783815625 0.387320571875 0.6580732140625 0.384577615625 0.6617239171875 0.3830240421875 0.662013315625 0.37890909375000004 0.6674898484375 0.3773560796875 0.66777914375 0.3663826640625 0.6823830156249999 0.364829090625 0.6826724140625 0.36071414062499996 0.6881489453125 0.359161128125 0.688438240625 0.3577896953125 0.69026396875 0.356236121875 0.6905533671875
0 0.2089420390625 0.9754657484375 0.2337936046875 0.9708364156249999 0.235165596875 0.9690105843750001 0.23298709374999999 0.95057715 0.20658195625000003 0.9554958796875 0.2089420390625 0.9754657484375
0 0.23885704375 0.677879146875 0.2637086078125 0.6732498140625001 0.26508004218750003 0.6714240874999999 0.263083028125 0.6545263328125001 0.23667845 0.6594449578125 0.23885704375 0.677879146875
5 0.658065315625 0.32975426093750004 0.6540713765625 0.29595950625 0.58262326875 0.309268809375 0.586980278125 0.346135678125 0.5887154296875 0.3473827125 0.6555039375 0.334941396875 0.6553223578125 0.3334049640625 0.658065315625 0.32975426093750004
5 0.20839739062499998 0.9708572 0.21097593906249998 0.9926756140625 0.27900086874999996 0.990696290625 0.2751859 0.9584158859375 0.20839739062499998 0.9708572
4 0.20472636406250003 0.6308582281249999 0.203273996875 0.6185690203124999 0.1753158484375 0.6237770453125 0.1796729453125 0.660644665625 0.20452450781249998 0.6560153328125 0.2058965015625 0.654189503125 0.20335483906250001 0.6326832015625 0.20472636406250003 0.6308582281249999
0 0.08508806249999999 0.706523121875 0.08309104687499999 0.6896253671875 0.06755868125 0.692518725 0.0695556953125 0.7094164796875 0.08508806249999999 0.706523121875
1 0.47746798593750006 0.5612121 0.47198160156249996 0.5685143609375001 0.4704285890625 0.5688036546874999 0.46905650625 0.570628734375 0.469238084375 0.5721651671875 0.46786656249999997 0.573990140625 0.466312990625 0.5742795390625 0.459455171875 0.583407528125 0.461452096875 0.600304528125 0.46282362031249996 0.5984795546874999 0.46437663437500004 0.5981902609375 0.4684915828125 0.5927137250000001 0.47004515625 0.592424328125 0.47416010468750003 0.5869477953125 0.47571311875 0.5866585015625 0.47845663437499997 0.5830076953125001 0.480009646875 0.5827184015625 0.48412515625 0.5772417625 0.48723118281250005 0.5766631734375001 0.4927181265625 0.569360809375 0.4942711390625 0.5690715156249999 0.49408965 0.5675358359375 0.496833165625 0.563885028125 0.4983861796875 0.563595734375 0.49975817187500005 0.561769903125 0.501311184375 0.561480609375 0.50268261875 0.5596548796875 0.504236190625 0.5593654828125 0.5083511421875 0.5538889499999999 0.5099041546875 0.5535996562500001 0.5153911875 0.5462980421875 0.5169442 0.5460087484375 0.52243114375 0.538706384375 0.5239841562499999 0.5384170890625 0.5253556796875001 0.5365921171875 0.5269092515625 0.53630271875 0.526727671875 0.5347662843750001 0.5280991953124999 0.5329413109375001 0.5296527671875 0.5326519109375 0.5365105859375 0.5235239234375 0.5380641578125 0.523234525 0.54355063125 0.5159330171875001 0.545104203125 0.51564361875 0.5519621109374999 0.506516384375 0.5517805296875 0.5049799515625 0.5531526125 0.503154871875 0.554705625 0.5028655765625001 0.5560776203125 0.501039746875 0.5576306328125 0.5007504515625001 0.559002065625 0.4989247234375 0.5605556390624999 0.49863532499999996 0.5603741484375 0.497099646875 0.5617455812500001 0.49527391875 0.5632985953125 0.49498462343750005 0.5660421109375 0.49133381875 0.567595684375 0.491044421875 0.56741410625 0.48950798593749995 0.568785628125 0.48768301249999996 0.5686040484375 0.48614657968749997 0.5468590703125 0.49019721718750003 0.5454870781250001 0.49202304999999996 0.5439340640625 0.49231234375 0.542562540625 0.49413731875 0.54100896875 0.49442671718750003 0.53689401875 0.49990325 0.53534100625 0.5001925453125 0.5298540625 0.507494909375 0.5283010499999999 0.507784203125 0.5269295265625 0.5096091781250001 0.52711110625 0.5111456125 0.5243675890625 0.5147964171875 0.5228140171875 0.515085815625 0.51732754375 0.5223873234374999 0.514220959375 0.522966015625 0.512849525 0.52479174375 0.5112959515625 0.5250811421875 0.507181003125 0.5305576750000001 0.5056279890625001 0.5308469687499999 0.5001410468749999 0.538149334375 0.49858803281249997 0.538438628125 0.49310099999999996 0.545740240625 0.4915479875 0.546029534375 0.486061603125 0.5533317953125 0.48450803125 0.55362119375 0.4790215578125 0.5609227015625 0.47746798593750006 0.5612121
3 0.20295099843750003 0.9247724859374999 0.199320128125 0.8940498453125001 0.16670238125 0.9001258562500001 0.171059478125 0.9369934765625001 0.19901762812499998 0.9317854515624999 0.20038962031250002 0.9299596203125 0.20020813125 0.9284239421875 0.20295099843750003 0.9247724859374999
1 0.198735534375 0.7010524499999999 0.20028854687500003 0.7007631562500001 0.20202313906249997 0.70201029375 0.2035767125 0.701720896875 0.20704580625000002 0.7042144203125 0.2085993796875 0.7039250234375001 0.215538128125 0.7089119687500001 0.22019828593750002 0.708043878125 0.22193287968750003 0.7092910171875 0.22659247656249998 0.70842303125 0.22796391093750001 0.7065973046875 0.2295174828125 0.7063079046875 0.23088900625000003 0.70448293125 0.2303443578125 0.6998743828125 0.228609765625 0.6986272437500001 0.22842827500000001 0.6970915640625 0.22669312343749998 0.6958445296875 0.22514011093750003 0.6961338234375 0.21993586406249999 0.6923932640625 0.216829278125 0.69297195625 0.21509477656249998 0.6917255703125 0.213541203125 0.69201496875 0.2118066125 0.6907678296875 0.21025359843750002 0.6910571234375 0.208518446875 0.6898100875 0.20779230937499998 0.6836658625 0.210535825 0.68001505625 0.2120888375 0.6797257625 0.21346083125 0.6778999296875 0.2196734421875 0.6767426484375 0.22104543593749998 0.6749168156249999 0.227258046875 0.6737595359374999 0.2300015640625 0.6701087296875 0.229819984375 0.6685722968750001 0.23119150624999998 0.6667473234375 0.230283790625 0.6590666625 0.228730778125 0.6593559578125 0.221791378125 0.6543683609375 0.2140257546875 0.6558149375 0.20991024687499998 0.6612915734375 0.2083572328125 0.66158086875 0.2028702 0.6688824796875 0.2013171875 0.6691717749999999 0.19445880937499999 0.6782998671875 0.192905796875 0.6785891625 0.191534275 0.680414134375 0.186874115625 0.6812822265625 0.18340502187500002 0.6787887015625 0.1818514484375 0.6790781 0.17664720312499999 0.6753375390625 0.17646562187499998 0.67380110625 0.174912609375 0.6740904 0.17144295625 0.671596978125 0.1698899421875 0.6718862734375 0.1664202890625 0.6693928515625001 0.1680542328125 0.6832184921875 0.17672813437499998 0.6894524750000001 0.17828114687500002 0.68916318125 0.186955046875 0.6953971609375 0.1873181171875 0.698469275 0.18905270937500002 0.6997164140625001 0.19060628125 0.699427015625 0.19234078593749998 0.7006734015625 0.1970003828125 0.699805415625 0.198735534375 0.7010524499999999
5 0.7756261859375 0.4648524015625 0.7716321578125 0.43105689375 0.6970780249999999 0.4449447828125 0.701072053125 0.47874029218749997 0.7756261859375 0.4648524015625
3 0.17134230781249998 0.6841754796874999 0.170434590625 0.6764948203125 0.1393698578125 0.6822815375 0.14481625 0.7283662515625 0.175880984375 0.722579534375 0.17725241875 0.7207538062500001 0.1730769 0.68542261875 0.17134230781249998 0.6841754796874999
0 0.8253094296875 0.119623865625 0.8377352109375 0.1173092 0.8391066453124999 0.11548347031249999 0.836928140625 0.09705003749999999 0.8229493453125001 0.099653996875 0.8253094296875 0.119623865625
0 0.3936748171875 0.47006351874999996 0.3144605265625 0.48481949999999996 0.32117770625 0.5416569890625 0.342922684375 0.5376063484375 0.3442946765625 0.5357805171875001 0.38623162187500004 0.5279685328125 0.3879662140625 0.5292156734375 0.3972854109375 0.5274797 0.40002883906250003 0.5238281406249999 0.3936748171875 0.47006351874999996
0 0.21916929999999998 0.8605228468749999 0.20674351875000002 0.8628375125 0.20537208437499999 0.8646632406249999 0.2077321671875 0.8846331078125 0.20946667031250002 0.8858794921875001 0.21878586718749998 0.8841435203125 0.22427290000000003 0.8768419078124999 0.2230021125 0.8660891328125 0.21953236875 0.8635949593750001 0.21916929999999998 0.8605228468749999
3 0.35829370312500003 0.7482588406249999 0.356115109375 0.7298246546875 0.3374761578125 0.73329670625 0.34056246875 0.7594115546875 0.352988809375 0.757096784375 0.357103759375 0.7516202484375001 0.35692218124999997 0.750083815625 0.35829370312500003 0.7482588406249999
1 0.459757675 0.54567191875 0.4582041015625 0.54596131875 0.4568325796875 0.5477862921875001 0.455279565625 0.5480755859374999 0.45116405625 0.5535522234375 0.4496110421875 0.55384151875 0.44412409999999997 0.5611438828125 0.4425710859375 0.5614331765625 0.4384560484375 0.5669089578125 0.43690303437500005 0.567198253125 0.4355310421875 0.5690240828124999 0.43397802968750004 0.569313378125 0.4188896625 0.589393784375 0.417336090625 0.5896831812500001 0.41596465625 0.591508909375 0.41285807031250005 0.592087603125 0.407371596875 0.5993891109375 0.40581802656250004 0.5996785078125 0.4044465921875 0.6015042359375 0.40462808125 0.6030399156249999 0.40188456562499997 0.606690721875 0.400331553125 0.6069800171875 0.393473175 0.6161081078125 0.3919201625 0.616397403125 0.3809467453125 0.631001275 0.3793931734375 0.631290675 0.3795746640625 0.632826353125 0.37820322968750003 0.6346520796874999 0.3785662984375 0.6377241953125 0.37719430625 0.6395500265625 0.3773757953125 0.6410857062499999 0.3746329265625 0.6447371609375 0.37307935625 0.6450265609375 0.37170783125 0.6468515328125 0.3724340609375 0.652996515625 0.3710625359375 0.6548214875 0.3679559515625 0.65540018125 0.3665845171875 0.6572259093749999 0.35726476093750004 0.6589619859375 0.3545218046875 0.6626126875 0.3529682328125 0.6629020859375 0.3515967984375 0.6647278140624999 0.35004322656250003 0.6650172109375 0.3486717921875 0.6668429390624999 0.3471187796875 0.6671322328125 0.343003740625 0.6726080140625 0.3414501671875 0.6728974109375 0.338706740625 0.676548971875 0.337153728125 0.676838265625 0.331666696875 0.684139878125 0.33184827499999997 0.6856763109374999 0.32773332499999996 0.6911528437500001 0.32791481562499997 0.6926885234375 0.319684915625 0.703641590625 0.3165783296875 0.7042202828125 0.3152068953125 0.7060460109375 0.31365388125 0.7063353046875 0.30816685 0.7136369171875 0.3066138375 0.7139262125 0.3024988875 0.71940274375 0.30094531406249997 0.7196921421875 0.2954589296875 0.726994403125 0.2939053578125 0.7272838015625 0.28979031875 0.7327595828125 0.28823730625 0.7330488765625 0.28686531249999997 0.734874709375 0.2853123 0.735164003125 0.283940865625 0.7369897296875 0.2823872921875 0.737279128125 0.27827234375 0.7427556625 0.27671933125 0.74304495625 0.2726042921875 0.7485207359375 0.27105071875000003 0.748810134375 0.26693576874999997 0.7542866671875 0.2653827546875 0.7545759609375 0.262639240625 0.7582267671875 0.26108622812500004 0.7585160625 0.2597142328125 0.7603418953125 0.2581612203125 0.7606311890625 0.255417703125 0.7642819937499999 0.253864690625 0.7645712875 0.248377746875 0.771873653125 0.246824734375 0.772162946875 0.2454533015625 0.773988675 0.243899728125 0.774278071875 0.23841325625 0.7815795796875 0.23685968281249997 0.7818689796875 0.231373209375 0.7891704875000001 0.229820196875 0.7894597812499999 0.22433325312500002 0.796762146875 0.222780240625 0.797051440625 0.21866473125 0.8025280765625 0.21711171875000002 0.8028173703125001 0.21574028437499998 0.8046431000000001 0.21418671250000001 0.8049324984374999 0.21007167343750002 0.8104082781249999 0.2085186609375 0.810697571875 0.20303171718750002 0.8179999375 0.2014787046875 0.81828923125 0.19873518750000002 0.8219400374999999 0.197182175 0.8222293328125 0.197363753125 0.823765765625 0.187761771875 0.8365439109375 0.186208759375 0.8368332046875 0.184837325 0.8386589328125 0.185018815625 0.8401946125 0.1822753875 0.843846171875 0.182456878125 0.8453818500000001 0.181084884375 0.8472076828124999 0.18126637343750002 0.8487433640625 0.175779990625 0.8560456234375 0.1763246390625 0.8606541703125 0.1794312234375 0.860075478125 0.1808026578125 0.85824975 0.18390924375 0.8576710578125001 0.186652759375 0.854020253125 0.1882057734375 0.8537309578125001 0.18957720625000002 0.85190523125 0.19113077812499998 0.85161583125 0.19250230156249998 0.8497908593749999 0.1940553140625 0.8495015640625001 0.1954273078125 0.8476757328125 0.196980321875 0.8473864375 0.1997238375 0.8437356312500001 0.20127685 0.8434463375 0.20264884374999997 0.84162050625 0.20420185625 0.8413312124999999 0.20831680625 0.835854678125 0.20987037812499998 0.8355652796875 0.21398541718750003 0.8300895 0.21553842968749998 0.8298002046875 0.2169098640625 0.827974478125 0.2184634375 0.8276850796874999 0.229436853125 0.8130812078125 0.2309898671875 0.8127919125 0.2419632828125 0.798188040625 0.2435168546875 0.7978986406249999 0.24900323906250002 0.79059638125 0.25055625312499996 0.7903070875 0.256043284375 0.7830054750000001 0.25759629687499996 0.7827161796875 0.2644547640625 0.7735888421875 0.2642731859375 0.7720524078125 0.2670167 0.7684016015624999 0.2701232859375 0.767822909375 0.2714947203125 0.7659971828125001 0.2730477328125 0.7657078875 0.2771626828125 0.7602313546875 0.27698119375 0.7586956765624999 0.281096703125 0.7532190375 0.28264971562499996 0.7529297421875001 0.29362313125 0.7383258703125 0.2951761453125 0.738036575 0.2965481375 0.73621074375 0.2996547234375 0.7356320515625 0.3010262453125 0.7338070765625 0.30257925937499996 0.733517784375 0.3053226859375 0.729866225 0.3068756984375 0.7295769296875 0.3192211984375 0.7131479796875 0.32077421093749997 0.7128586859375 0.32059263125 0.7113222515625 0.3260796640625 0.7040206390625 0.32589808593749997 0.7024842062500001 0.32726951875 0.700658478125 0.32882253125 0.7003691843750001 0.330194615625 0.6985441078125 0.33796079843750004 0.6970974265625001 0.33933223125 0.6952716999999999 0.34088524375 0.6949824062500001 0.34911570468750003 0.684029234375 0.3506687171875 0.683739940625 0.352040240625 0.681914965625 0.3535938125 0.68162556875 0.3577087625 0.6761490343750001 0.3592617765625 0.675859740625 0.36063376874999997 0.6740339078125 0.36218678125000003 0.6737446140625 0.36493029843749997 0.6700938078124999 0.36474871875 0.6685573734375 0.3702351921875 0.661255865625 0.3733417765625 0.6606771734375 0.3747132109375 0.658851446875 0.376266784375 0.6585620484375 0.3755406453125 0.6524178234375 0.37691207968749996 0.65059209375 0.3767305890625 0.6490564140624999 0.3781020234375 0.6472306875 0.3796555953125 0.6469412875 0.3810270296875 0.6451155609375 0.385686628125 0.6442475734374999 0.389801578125 0.638771040625 0.39135515 0.6384816421874999 0.396841621875 0.631180134375 0.3983951953125 0.6308907359375 0.4025101453125 0.625414203125 0.404063159375 0.6251249078125001 0.4068066734375 0.621474103125 0.40835968749999996 0.621184809375 0.4124751953125 0.6157081718749999 0.41402820937499996 0.6154188765625 0.41539964375 0.6135931484375 0.416953215625 0.61330375 0.42655464062500004 0.6005257109375 0.4281082109375 0.6002363109375 0.4322231625 0.594759778125 0.43377617500000004 0.594470484375 0.437891125 0.58899395 0.439444696875 0.588704553125 0.44081621875000004 0.586879578125 0.4423692328125 0.5865902843749999 0.44374122656250004 0.5847644515625 0.4452942390625 0.5844751578125 0.45626765625 0.569871284375 0.457821228125 0.5695818874999999 0.46193617812500004 0.564105353125 0.463489190625 0.563816059375 0.47034765624999997 0.5546887203125 0.4734542421875 0.554110028125 0.47894062656249997 0.5468077671875 0.4787591375 0.5452720875 0.48287408593750003 0.539795553125 0.484427659375 0.5395061546875 0.49402899375000003 0.5267273609374999 0.4955825640625 0.5264379625 0.4969540890625 0.5246129875000001 0.49850710156250005 0.5243236921875 0.49987909375 0.5224978625000001 0.5014321078124999 0.5222085671875 0.5012506171875 0.5206728875 0.50262205 0.5188471609375 0.5041756234375 0.5185577625 0.509662096875 0.5112562546875 0.51121566875 0.5109668546874999 0.5125871015625 0.509141128125 0.514140115625 0.5088518343749999 0.515512109375 0.507026003125 0.517065121875 0.5067367078125 0.521180071875 0.501260175 0.5227336453125 0.5009707765625 0.522552153125 0.499435096875 0.5266671046875 0.49395856250000003 0.5282201171875001 0.49366926875 0.5295921109374999 0.4918434359375 0.5311451234375 0.4915541421875 0.5338886390625001 0.4879033375 0.535441653125 0.48761404218750004 0.53818516875 0.4839632375 0.5397381828125 0.48367394375000006 0.539556603125 0.4821375109375 0.5409286859375 0.48031243124999995 0.5424816984375 0.48002313750000003 0.5616850140625 0.45446619843749997 0.5632385875 0.45417680000000005 0.5646100203125 0.452351071875 0.53820544375 0.4572696984375 0.5231170765625001 0.47735010468750005 0.5215635062499999 0.4776395015625 0.5160771203125 0.4849417640625 0.51452355 0.48523116093749996 0.513152025 0.4870561359375 0.5115984546875 0.487345534375 0.5117800328125 0.4888819671875 0.510408509375 0.4907069421875 0.508855496875 0.490996234375 0.5019971203125 0.500124328125 0.5004435468749999 0.5004137265625 0.499072025 0.5022387015625001 0.499253603125 0.503775134375 0.4978820796875 0.505600109375 0.4963285078125 0.5058895062500001 0.49495707343750006 0.507715234375 0.4934040609375 0.5080045281250001 0.4865455953125 0.5171318687500001 0.484992021875 0.5174212671875 0.48087707343749997 0.5228977984375 0.4793240609375 0.52318709375 0.46835064375 0.5377909671875 0.46679763124999996 0.538080259375 0.4626821203125 0.543556896875 0.46112910781250005 0.5438461921875 0.459757675 0.54567191875
0 0.3775575875 0.763509625 0.377376009375 0.7619731890625 0.3787480921875 0.7601481125 0.37693265625 0.7447867921875 0.356740690625 0.7485481359375 0.35891919375 0.7669815703125 0.3775575875 0.763509625
5 0.8849166390625 0.7851766609374999 0.8821934875 0.76213468125 0.8231711640625001 0.77312931875 0.825894315625 0.7961712984375 0.8849166390625 0.7851766609374999
0 0.161740628125 0.8178418625000001 0.16311206250000002 0.8160161359375 0.1623859234375 0.8098719078125001 0.16065133125 0.80862476875 0.1599251046875 0.8024797890625001 0.1612966265625 0.8006548140625 0.16093355781250002 0.7975827015625 0.14695476406250002 0.8001866609375 0.149677915625 0.8232286421874999 0.16055012500000002 0.8212033734374999 0.1619221171875 0.8193775421874999 0.161740628125 0.8178418625000001