2 0.760150125 0 0.1814751078125 0.676746003125 0.7179108375000001 0.68444126875 0.6476086234375 0.5735399875 0.6270029140625 0.5885332703125 0.6852342984375001 0.6689352937499999 0.21801431093749998 0.6622173015625 0.796121565625 0 0.760150125 0
0 0.6868681578125 0.8122413734375 0.684727915625 0.8457005484375 0.7266240234375 0.846188946875 0.7287642671875 0.8127297703125 0.6868681578125 0.8122413734375
0 0.427542265625 0.6749481671875001 0.42539288124999997 0.7085502296875 0.4721836234375 0.7090956859374999 0.4743330078125 0.6754936234375 0.427542265625 0.6749481671875001
0 0.1359359390625 0.6317849203125 0.1336646921875 0.6672921296875 0.1746531875 0.6677699484375 0.176924434375 0.6322627359374999 0.1359359390625 0.6317849203125
0 0.21387470312499998 0.40718802500000006 0.21091720625 0.4534236046875 0.2555199515625 0.4539435546875 0.258477446875 0.407707975 0.21387470312499998 0.40718802500000006
0 0.4924762578125 0.2133441671875 0.4895446578125 0.259174903125 0.53341806875 0.2596863515625 0.5363496671875 0.213855615625 0.4924762578125 0.2133441671875
0 0.7138450046875 0.430312515625 0.71004740625 0.489681715625 0.7561250203125 0.490218859375 0.75992261875 0.4308496578125 0.7138450046875 0.430312515625
0 0.8337045609375 0.4195732546875 0.8307089828124999 0.46640419375000003 0.8729778593749999 0.46689693749999994 0.8759734390625 0.420065996875 0.8337045609375 0.4195732546875
0 0.059293390625 0.7805869609375 0.055597092187499995 0.8383725046875 0.10097778906249999 0.8389015234375 0.1046740875 0.7811159796875 0.059293390625 0.7805869609375
0 0.09193720625 0.5591917703125 0.0883193578125 0.6157508765624999 0.13089617656250002 0.6162472109375 0.13451402343750002 0.5596881046875 0.09193720625 0.5591917703125
4 0.5647349703125 0.6926937328125 0.5613562812499999 0.7455139828124999 0.6299783796875 0.746313934375 0.63335706875 0.693493684375 0.5647349703125 0.6926937328125
4 0.1741087921875 0.6946641046875001 0.17087253125 0.7452577125000001 0.24156917656250002 0.7460818484375 0.2448054375 0.695488240625 0.1741087921875 0.6946641046875001
4 0.1380916859375 0.539383140625 0.1343451171875 0.597954559375 0.205722471875 0.5987866296875 0.209469040625 0.5402152124999999 0.1380916859375 0.539383140625
4 0.37693428125 0.258011115625 0.37327225625 0.3152608359375 0.45165120312499996 0.316174528125 0.45531322812499997 0.2589248078125 0.37693428125 0.258011115625
4 0.771064478125 0.5495324140625 0.767486234375 0.6054723453124999 0.8432882078124999 0.6063559953125 0.8468664515625001 0.5504160625 0.771064478125 0.5495324140625
0 0.297908584375 0.5583767078124999 0.2755010328125 0.5870095546874999 0.30884451875 0.60103975625 0.33142249375 0.5721515109374999 0.297908584375 0.5583767078124999
0 0.520441978125 0.01601850625 0.516763959375 0.073518278125 0.5587248984375 0.07400743125 0.5624029187499999 0.016507659375 0.520441978125 0.01601850625
3 0.64129685625 0.6283219859375 0.637206784375 0.69226354375 0.7217931640625 0.693249596875 0.7258832375 0.629308040625 0.64129685625 0.6283219859375
3 0.1944791390625 0.614051109375 0.190045559375 0.68336280625 0.25539376406250003 0.68412459375 0.25982734375 0.614812896875 0.1944791390625 0.614051109375
3 0.3282423125 0.4795171265625 0.3264669 0.5072727625 0.36978925937499996 0.5077777875 0.371564671875 0.48002215000000004 0.3282423125 0.4795171265625
3 0.525735421875 0.24920598906250002 0.5236187906249999 0.2822960421875 0.5695343328125 0.2828312953125 0.5716509640625 0.2497412421875 0.525735421875 0.24920598906250002
1 0.1210159296875 0.7384551421875 0.1076179171875 0.7602983859375 0.6387320984375 0.768880134375 0.651031740625 0.7497802734375 0.1210159296875 0.7384551421875
1 0.8967124765625 0 0.3073190953125 0.67121351875 0.3457436515625 0.6720153546875001 0.929467684375 0 0.8967124765625 0
1 0.6223965734375 0.2698024515625 0.5871967984375 0.26628202343749996 0.3828186734375 0.493471921875 0.41958886250000005 0.49782333124999995 0.6223965734375 0.2698024515625
5 0.584143921875 0.2652228453125 0.6238149484375 0.26809115625 0.8160226515625 0.04177820625 0.7764189218750001 0.042447365625 0.584143921875 0.2652228453125
5 0.12882196875000002 0.310165015625 0.12001193437499999 0.4478953671875 0.22074087812499998 0.44906959999999996 0.22955091093750002 0.3113392484375 0.12882196875000002 0.310165015625
5 0 0.6102885312499999 0.0968927734375 0.611418046875 0.1054994453125 0.4768669109375 0 0.4756370671875 0 0.6102885312499999
5 0 0.8325051546875001 0.0649095890625 0.8332618296875 0.07341648437500001 0.7002705375 0.002201203125 0.69944035625 0 0.733852546875 0 0.8325051546875001
5 0.66161055625 0.7230471796875 0.654121228125 0.8401304796875 0.6898261125 0.8405467046874999 0.697315440625 0.723463403125 0.66161055625 0.7230471796875
5 0.7622737015625 0.625472265625 0.7528467296875 0.7728474328125 0.9267844625 0.7748750859375 0.9362114328125 0.6274999203125 0.7622737015625 0.625472265625
5 0.780450946875 0.314549909375 0.7713278734375 0.4571741109375 0.8360764046875 0.4579289078125 0.8451994765625 0.31530470625 0.780450946875 0.314549909375
5 0.65831654375 0.34158169374999997 0.6495819140625 0.4781332328125 0.7191116281250001 0.47894376406249994 0.72784625625 0.342392225 0.65831654375 0.34158169374999997
5 0.43775004375000004 0.12005884687499999 0.42932235937499996 0.25181179375 0.4943950375 0.2525703703125 0.502822721875 0.12081742343749999 0.43775004375000004 0.12005884687499999
5 0.427612609375 0 0.4233805140625 0.066161828125 0.5220511171875 0.067312065625 0.5263567874999999 0 0.427612609375 0