4 0.86406285 0.662499234375 0.865625140625 0.662499234375 0.8671874296875 0.6640627875 0.915625140625 0.6640627875 0.9171874296875 0.662499234375 0.9171874296875 0.5953124046875 0.86406285 0.5953124046875 0.86406285 0.662499234375
4 0.9171874296875 0.4562496171875 0.915625140625 0.4546875953125 0.865625140625 0.4546875953125 0.865625140625 0.5203124046875 0.9171874296875 0.5203124046875 0.9171874296875 0.4562496171875
4 0.8 0.45937519218749995 0.8 0.3890627875 0.7484377109375 0.3890627875 0.7484377109375 0.4609372125 0.7984377109375 0.4609372125 0.8 0.45937519218749995
4 0.70625028125 0.876562021875 0.70625028125 0.9546875953124999 0.76406285 0.9546875953124999 0.76406285 0.876562021875 0.70625028125 0.876562021875
0 0.95 0.771874425 0.95 0.7562496171875 0.920312009375 0.7562496171875 0.920312009375 0.796874425 0.9484377109375 0.796874425 0.9484377109375 0.7921868296875 0.95 0.7906248078125 0.95 0.787499234375 0.9484377109375 0.7859372125 0.9484377109375 0.773437978125 0.95 0.771874425
4 0.88906285 0.871874425 0.88906285 0.8 0.829687990625 0.8 0.829687990625 0.875 0.88593715 0.875 0.88906285 0.871874425
0 0.76406285 0.9921868296874999 0.765625140625 0.9906248078125 0.7671874296875 0.9906248078125 0.7671874296875 0.95 0.71406285 0.95 0.71406285 0.9921868296874999 0.76406285 0.9921868296874999
0 0.85 0.5109372125 0.8234377109375 0.5109372125 0.8234377109375 0.5546875953125 0.8468754203125 0.5546875953125 0.85 0.5515620218749999 0.85 0.5390627875 0.8484377109375 0.537500765625 0.8484377109375 0.525 0.85 0.523437978125 0.85 0.5109372125
0 0.340625140625 0.8546875953124999 0.3421874296875 0.853125575 0.34374971875 0.853125575 0.34374971875 0.8125007656250001 0.3 0.8125007656250001 0.3 0.8546875953124999 0.340625140625 0.8546875953124999
5 0.7015622890625 0.173437978125 0.7015622890625 0.3343751921875 0.81093715 0.3343751921875 0.81093715 0.173437978125 0.7015622890625 0.173437978125
5 0.4124994390625 0.9062496171875001 0.41874971875 0.9 0.420312009375 0.9 0.4218754203125 0.898437978125 0.4234377109375 0.898437978125 0.425 0.896874425 0.429687990625 0.896874425 0.43125028125 0.8953124046875001 0.4328125703125 0.8953124046875001 0.43593715 0.8921868296875 0.4375005609375 0.8921868296875 0.440625140625 0.8890627875 0.440625140625 0.846874425 0.30625028125 0.846874425 0.30625028125 0.912500765625 0.3968754203125 0.912500765625 0.3984377109375 0.9109372125 0.4031245796875 0.9109372125 0.404687990625 0.9093751921875001 0.4078125703125 0.9093751921875001 0.41093715 0.9062496171875001 0.4124994390625 0.9062496171875001
5 0.925 0.7906248078125 0.925 0.8234379781250001 0.9984377109375 0.8234379781250001 0.9984377109375 0.7906248078125 0.925 0.7906248078125
0 0.9171874296875 0.446874425 0.9171874296875 0.4078131703125 0.8874994390625 0.4078131703125 0.8874994390625 0.448437978125 0.915625140625 0.448437978125 0.9171874296875 0.446874425
4 0.79374971875 0.9937503828124999 0.795312009375 0.9953124046875 0.7984377109375 0.9953124046875 0.8 0.996874425 0.815625140625 0.996874425 0.8171874296875 0.9953124046875 0.8171874296875 0.9937503828124999 0.81874971875 0.9921868296874999 0.81874971875 0.9890627875 0.820312009375 0.987500765625 0.820312009375 0.9453124046875001 0.81874971875 0.9437503828124999 0.81874971875 0.9296875953124999 0.8171874296875 0.9281255749999999 0.8171874296875 0.9265620218749999 0.7765622890625 0.9265620218749999 0.7718754203125 0.9312496171875001 0.770312009375 0.9312496171875001 0.7671874296875 0.9281255749999999 0.7671874296875 0.9265620218749999 0.765625140625 0.9265620218749999 0.765625140625 0.9921868296874999 0.7671874296875 0.9921868296874999 0.76874971875 0.9906248078125 0.7734377109375 0.9906248078125 0.775 0.9921868296874999 0.78125028125 0.9921868296874999 0.7828125703125 0.9937503828124999 0.79374971875 0.9937503828124999
1 0.804687990625 0.621874425 0.8031245796875 0.621874425 0.79374971875 0.6312496171875 0.7921874296875 0.6312496171875 0.7828125703125 0.6406248078125001 0.78125028125 0.6406248078125001 0.779687990625 0.6421868296875 0.7781245796875 0.6421868296875 0.7734377109375 0.646874425 0.7718754203125 0.646874425 0.76874971875 0.65 0.7671874296875 0.65 0.7624994390625 0.6546875953125 0.76093715 0.6546875953125 0.7578125703125 0.6578131703125 0.75625028125 0.6578131703125 0.7531245796875 0.6609372125 0.7515622890625 0.6609372125 0.75 0.662499234375 0.7484377109375 0.662499234375 0.73593715 0.675 0.734374859375 0.675 0.7281245796875 0.6812496171875 0.7265622890625 0.6812496171875 0.7218754203125 0.6859372125000001 0.720312009375 0.6859372125000001 0.71093715 0.6953124046875 0.709374859375 0.6953124046875 0.7 0.7046875953125 0.6984377109375 0.7046875953125 0.6968754203125 0.7062496171875 0.695312009375 0.7062496171875 0.69374971875 0.7078131703125 0.69374971875 0.7093751921875 0.6921874296875 0.7109372125 0.690625140625 0.7109372125 0.6828125703125 0.7187503828125 0.68125028125 0.7187503828125 0.6765622890625 0.723437978125 0.675 0.723437978125 0.670312009375 0.728125575 0.66874971875 0.728125575 0.665625140625 0.7312496171875 0.66406285 0.7312496171875 0.6484377109375 0.746874425 0.6468754203125 0.746874425 0.63906285 0.7546875953125001 0.6374994390625 0.7546875953125001 0.63125028125 0.7609372125 0.629687990625 0.7609372125 0.6218754203125 0.7687503828125 0.620312009375 0.7687503828125 0.5968754203125 0.7921868296875 0.595312009375 0.7921868296875 0.590625140625 0.796874425 0.58906285 0.796874425 0.575 0.8109372125000001 0.5718754203125 0.8109372125000001 0.570312009375 0.8125007656250001 0.5671874296875 0.8125007656250001 0.565625140625 0.8140627874999999 0.5624994390625 0.8140627874999999 0.5515622890625 0.825 0.55 0.825 0.5421874296875 0.8328131703125001 0.540625140625 0.8328131703125001 0.53593715 0.837499234375 0.534374859375 0.837499234375 0.51874971875 0.853125575 0.51874971875 0.8546875953124999 0.51406285 0.8593751921875 0.51406285 0.8609372125 0.5078125703125 0.8671868296874999 0.50625028125 0.8671868296874999 0.504687990625 0.8687503828124999 0.5031245796875 0.8687503828124999 0.5 0.871874425 0.4984377109375 0.871874425 0.495312009375 0.875 0.49374971875 0.875 0.484374859375 0.8843751921875 0.4828125703125 0.8843751921875 0.475 0.8921868296875 0.475 0.8937503828125 0.470312009375 0.898437978125 0.46874971875 0.898437978125 0.4671874296875 0.9 0.465625140625 0.9 0.4625005609375 0.903125575 0.4625005609375 0.9046875953125 0.459374859375 0.9078131703125001 0.4578125703125 0.9078131703125001 0.454687990625 0.9109372125 0.4468754203125 0.9109372125 0.445312009375 0.912500765625 0.445312009375 0.9140627875 0.4375005609375 0.921874425 0.4375005609375 0.9234379781250001 0.43125028125 0.9296875953124999 0.429687990625 0.9296875953124999 0.4218754203125 0.9375007656250001 0.420312009375 0.9375007656250001 0.41406285 0.9437503828124999 0.4124994390625 0.9437503828124999 0.41093715 0.9453124046875001 0.409374859375 0.9453124046875001 0.4078125703125 0.9468744250000001 0.40625028125 0.9468744250000001 0.404687990625 0.9484379781250001 0.4015622890625 0.9484379781250001 0.4 0.95 0.3984377109375 0.95 0.395312009375 0.953125575 0.395312009375 0.9546875953124999 0.3828125703125 0.9671868296874999 0.38125028125 0.9671868296874999 0.379687990625 0.9687503828124999 0.3781245796875 0.9687503828124999 0.375 0.971874425 0.3734377109375 0.971874425 0.3718754203125 0.973437978125 0.370312009375 0.973437978125 0.365625140625 0.978125575 0.36406285 0.978125575 0.35625028125 0.9859372125 0.35625028125 0.987500765625 0.354687990625 0.9890627875 0.354687990625 0.9906248078125 0.35 0.9953124046875 0.3828125703125 0.9953124046875 0.3875005609375 0.9906248078125 0.38906285 0.9906248078125 0.3921874296875 0.987500765625 0.39374971875 0.987500765625 0.395312009375 0.9859372125 0.3968754203125 0.9859372125 0.41093715 0.971874425 0.4124994390625 0.971874425 0.4124994390625 0.9703124046875 0.41406285 0.9687503828124999 0.415625140625 0.9687503828124999 0.41874971875 0.9656248078124999 0.420312009375 0.9656248078124999 0.4218754203125 0.9640627875 0.4218754203125 0.962499234375 0.4328125703125 0.9515620218749999 0.434374859375 0.9515620218749999 0.4375005609375 0.9484379781250001 0.43906285 0.9484379781250001 0.440625140625 0.9468744250000001 0.4421874296875 0.9468744250000001 0.4468754203125 0.9421868296874999 0.4468754203125 0.9406248078124999 0.46406285 0.9234379781250001 0.465625140625 0.9234379781250001 0.46874971875 0.9203124046875001 0.470312009375 0.9203124046875001 0.4734377109375 0.9171868296874999 0.475 0.9171868296874999 0.48906285 0.903125575 0.490625140625 0.903125575 0.5015622890625 0.8921868296875 0.5031245796875 0.8921868296875 0.515625140625 0.8796875953125 0.5171874296875 0.8796875953125 0.51874971875 0.878125575 0.5218754203125 0.878125575 0.5234377109375 0.876562021875 0.5265622890625 0.876562021875 0.529687990625 0.873437978125 0.53125028125 0.873437978125 0.5328125703125 0.871874425 0.534374859375 0.871874425 0.53593715 0.8703124046875 0.53593715 0.8687503828124999 0.53906285 0.8656248078125 0.540625140625 0.8656248078125 0.5421874296875 0.8640627875 0.545312009375 0.8640627875 0.545312009375 0.862500765625 0.55 0.8578131703125 0.5515622890625 0.8578131703125 0.554687990625 0.8546875953124999 0.55625028125 0.8546875953124999 0.5578125703125 0.853125575 0.559374859375 0.853125575 0.565625140625 0.846874425 0.5671874296875 0.846874425 0.5734377109375 0.8406248078124999 0.5734377109375 0.8390627875 0.575 0.837499234375 0.575 0.8359372125 0.5765622890625 0.8343751921875 0.5765622890625 0.8328131703125001 0.584374859375 0.825 0.5875005609375 0.825 0.58906285 0.8234379781250001 0.590625140625 0.8234379781250001 0.5921874296875 0.8218744250000001 0.59374971875 0.8218744250000001 0.5984377109375 0.8171868296874999 0.6 0.8171868296874999 0.604687990625 0.8125007656250001 0.60625028125 0.8125007656250001 0.609374859375 0.8093751921875001 0.61093715 0.8093751921875001 0.61093715 0.8078131703125001 0.6125005609375 0.8062496171875001 0.61406285 0.8062496171875001 0.620312009375 0.8 0.6218754203125 0.8 0.625 0.796874425 0.6265622890625 0.796874425 0.63125028125 0.7921868296875 0.6328125703125 0.7921868296875 0.6374994390625 0.787499234375 0.63906285 0.787499234375 0.6515622890625 0.775 0.6531245796875 0.775 0.659374859375 0.7687503828125 0.66093715 0.7687503828125 0.6624994390625 0.7671868296875 0.66406285 0.7671868296875 0.670312009375 0.7609372125 0.6718754203125 0.7609372125 0.6734377109375 0.7593751921874999 0.6734377109375 0.7578131703125 0.675 0.7562496171875 0.6765622890625 0.7562496171875 0.684374859375 0.748437978125 0.68593715 0.748437978125 0.6921874296875 0.7421868296875 0.69374971875 0.7421868296875 0.7015622890625 0.7343751921874999 0.7031245796875 0.7343751921874999 0.7031245796875 0.7328131703125 0.70625028125 0.7296875953125 0.7078125703125 0.7296875953125 0.720312009375 0.7171868296875 0.7218754203125 0.7171868296875 0.7281245796875 0.7109372125 0.729687990625 0.7109372125 0.7375005609375 0.703125575 0.73906285 0.703125575 0.745312009375 0.6968744250000001 0.7468754203125 0.6968744250000001 0.7515622890625 0.6921868296875 0.7531245796875 0.6921868296875 0.759374859375 0.6859372125000001 0.76093715 0.6859372125000001 0.76874971875 0.6781255749999999 0.770312009375 0.6781255749999999 0.779687990625 0.6687503828125 0.78125028125 0.6687503828125 0.784374859375 0.6656248078125 0.78593715 0.6656248078125 0.790625140625 0.6609372125 0.7921874296875 0.6609372125 0.7984377109375 0.6546875953125 0.8 0.6546875953125 0.8078125703125 0.646874425 0.809374859375 0.646874425 0.81406285 0.6421868296875 0.815625140625 0.6421868296875 0.8171874296875 0.6406248078125001 0.8171874296875 0.6390627875 0.83593715 0.6203124046874999 0.83593715 0.6187503828125 0.8375005609375 0.6171868296875 0.8375005609375 0.6140627875 0.8328125703125 0.6093751921874999 0.8265622890625 0.6093751921874999 0.825 0.6109372125 0.8218754203125 0.6109372125 0.820312009375 0.612500765625 0.815625140625 0.612500765625 0.81093715 0.6171868296875 0.809374859375 0.6171868296875 0.804687990625 0.621874425
1 0.6484377109375 0.8218744250000001 0.6468754203125 0.8234379781250001 0.645312009375 0.8234379781250001 0.64374971875 0.825 0.6421874296875 0.825 0.640625140625 0.8265620218749999 0.63906285 0.8265620218749999 0.6328125703125 0.8328131703125001 0.63125028125 0.8328131703125001 0.6281245796875 0.8359372125 0.6265622890625 0.8359372125 0.620312009375 0.8421868296874999 0.61874971875 0.8421868296874999 0.61093715 0.85 0.609374859375 0.85 0.6078125703125 0.851562021875 0.60625028125 0.851562021875 0.6 0.8578131703125 0.5984377109375 0.8578131703125 0.595312009375 0.8609372125 0.59374971875 0.8609372125 0.5921874296875 0.862500765625 0.58906285 0.862500765625 0.58593715 0.8656248078125 0.584374859375 0.8656248078125 0.579687990625 0.8703124046875 0.5781245796875 0.8703124046875 0.5734377109375 0.875 0.5718754203125 0.875 0.559374859375 0.887500765625 0.5578125703125 0.887500765625 0.55625028125 0.8890627875 0.554687990625 0.8890627875 0.5484377109375 0.8953124046875001 0.5468754203125 0.8953124046875001 0.5421874296875 0.9 0.540625140625 0.9 0.5281245796875 0.912500765625 0.5265622890625 0.912500765625 0.51874971875 0.9203124046875001 0.5171874296875 0.9203124046875001 0.5125005609375 0.925 0.51093715 0.925 0.5031245796875 0.9328131703125001 0.5015622890625 0.9328131703125001 0.5015622890625 0.9343751921875001 0.5 0.9359372125000001 0.4984377109375 0.9359372125000001 0.495312009375 0.9390627874999999 0.49374971875 0.9390627874999999 0.48593715 0.9468744250000001 0.484374859375 0.9468744250000001 0.4765622890625 0.9546875953124999 0.475 0.9546875953124999 0.46874971875 0.9609372125 0.46874971875 0.962499234375 0.4671874296875 0.9640627875 0.4671874296875 0.973437978125 0.46874971875 0.975 0.46874971875 0.978125575 0.4718754203125 0.9812496171875 0.475 0.9812496171875 0.4765622890625 0.9828131703125 0.4828125703125 0.9828131703125 0.484374859375 0.9812496171875 0.4874994390625 0.9812496171875 0.48906285 0.9796875953124999 0.4921874296875 0.9796875953124999 0.49374971875 0.978125575 0.495312009375 0.978125575 0.5171874296875 0.9562496171875001 0.51874971875 0.9562496171875001 0.5218754203125 0.953125575 0.5234377109375 0.953125575 0.5265622890625 0.95 0.5281245796875 0.95 0.529687990625 0.9484379781250001 0.53125028125 0.9484379781250001 0.545312009375 0.9343751921875001 0.5468754203125 0.9343751921875001 0.554687990625 0.9265620218749999 0.55625028125 0.9265620218749999 0.559374859375 0.9234379781250001 0.56093715 0.9234379781250001 0.565625140625 0.9187503828124999 0.5671874296875 0.9187503828124999 0.56874971875 0.9171868296874999 0.5718754203125 0.9171868296874999 0.5781245796875 0.9109372125 0.579687990625 0.9109372125 0.58593715 0.9046875953125 0.5875005609375 0.9046875953125 0.5921874296875 0.9 0.5921874296875 0.898437978125 0.6 0.8906248078125 0.6 0.8890627875 0.6031245796875 0.8859372125 0.604687990625 0.8859372125 0.604687990625 0.8843751921875 0.6078125703125 0.8812496171875001 0.609374859375 0.8812496171875001 0.61093715 0.8796875953125 0.6125005609375 0.8796875953125 0.61406285 0.878125575 0.615625140625 0.878125575 0.620312009375 0.873437978125 0.6218754203125 0.873437978125 0.6234377109375 0.871874425 0.6234377109375 0.8703124046875 0.6265622890625 0.8671868296874999 0.6281245796875 0.8671868296874999 0.634374859375 0.8609372125 0.63593715 0.8609372125 0.6421874296875 0.8546875953124999 0.645312009375 0.8546875953124999 0.6531245796875 0.846874425 0.654687990625 0.846874425 0.684374859375 0.8171868296874999 0.684374859375 0.796874425 0.6765622890625 0.796874425 0.675 0.7984379781250001 0.6734377109375 0.7984379781250001 0.6718754203125 0.8 0.670312009375 0.8 0.66874971875 0.8015620218749999 0.6671874296875 0.8015620218749999 0.6484377109375 0.8203124046875001 0.6484377109375 0.8218744250000001
5 0.7265622890625 0.4890627875 0.7265622890625 0.521874425 0.79374971875 0.521874425 0.79374971875 0.4890627875 0.7265622890625 0.4890627875
1 0.6761582484375 0.7864441046875 0.6777351296874999 0.834629403125 0.854482603125 0.69233078125 0.8490437703125 0.647964778125 0.6761582484375 0.7864441046875
3 0.8031245796875 0.7140627875 0.8031245796875 0.7656248078125001 0.854687990625 0.7656248078125001 0.854687990625 0.7140627875 0.8031245796875 0.7140627875
1 0.9375005609375 0.46406278749999996 0.9375005609375 0.40624961718749997 0.93906285 0.40468759531250004 0.93906285 0.3906248078125 0.940625140625 0.3890627875 0.940625140625 0.3578131703125 0.93906285 0.3562496171875 0.93906285 0.346874425 0.9375005609375 0.3453124046875 0.9375005609375 0.34375038281250003 0.93593715 0.3421868296875 0.925 0.3421868296875 0.925 0.55 0.93906285 0.55 0.93906285 0.5453124046875 0.940625140625 0.5437503828125 0.940625140625 0.47031240468749996 0.93906285 0.46875038281250003 0.93906285 0.46562480781250004 0.9375005609375 0.46406278749999996
3 0.66874971875 0.837499234375 0.66874971875 0.8843751921875 0.6921874296875 0.8843751921875 0.6921874296875 0.837499234375 0.66874971875 0.837499234375
2 0.8245454546875 0.3704640125 0.8116879906250001 0.40033537499999994 0.8473097640624999 0.42526799375 0.8421200890625 0.7176523734375 0.4871111109375 0.99846860625 0.545701459375 0.99846860625 0.8536217734375 0.7406094953125 0.8650303031250001 0.7029111796875 0.8640875421875001 0.4173859109375 0.8245454546875 0.3704640125
1 0.991885521875 0.20659724375000002 0.9507833890624999 0.21194027499999998 0.8910701281250001 0.33658282968750003 0.92404489375 0.3645099546875 0.9616689109375001 0.2677366 0.9922581375 0.2648866765625 0.991885521875 0.20659724375000002