0 0.29463219230769233 0.5026645833333333 0.29270932692307694 0.5032027788461538 0.29318998076923075 0.5054902788461538 0.29424751923076925 0.5154475705128204 0.29280530769230767 0.5201572916666667 0.2852100705128205 0.5267506955128205 0.2838340769230769 0.5263069455128205 0.28540228205128204 0.5293072916666667 0.29415128846153843 0.5210993044871796 0.29559350320512817 0.5162552083333334 0.29463219230769233 0.5026645833333333
5 0.2961644358974359 0.4990086794871795 0.2917720737179487 0.4990086794871795 0.2917720737179487 0.505671875 0.2961644358974359 0.505671875 0.2961644358974359 0.4990086794871795
5 0.28705233012820514 0.5260538205128206 0.2819456858974359 0.5260538205128206 0.2819456858974359 0.5316128461538461 0.28705233012820514 0.5316128461538461 0.28705233012820514 0.5260538205128206
2 0.26944320512820513 0.5342083333333333 0.26297495192307696 0.5390295128205128 0.26882539743589745 0.5463145833333334 0.276703125 0.5404777788461538 0.26944320512820513 0.5342083333333333
2 0.25461458333333337 0.5465305544871795 0.24834920512820516 0.5513961794871794 0.25353348076923077 0.5588531250000001 0.26125669551282055 0.5525836794871795 0.25461458333333337 0.5465305544871795
2 0.2465632435897436 0.5638045128205128 0.23961235256410257 0.5581836794871795 0.2335786217948718 0.5633572916666666 0.2385310032051282 0.5700736121794872 0.24594543589743592 0.5655340288461539 0.2465632435897436 0.5638045128205128
2 0.2253050608974359 0.5696434038461539 0.21837351282051282 0.57531875 0.22391492948717948 0.5823982628205128 0.23179266025641027 0.5756965288461539 0.2253050608974359 0.5696434038461539
2 0.1604293141025641 0.6219250000000001 0.15440476282051283 0.6258361121794872 0.16106770833333334 0.6333163205128205 0.16793030769230768 0.6270621538461538 0.1604293141025641 0.6219250000000001
2 0.14614856089743591 0.633840625 0.13954315384615384 0.6386045128205128 0.1455081858974359 0.6450465288461539 0.15271428525641026 0.6395555544871795 0.14614856089743591 0.633840625
2 0.1308206858974359 0.6456763878205128 0.1245302564102564 0.6504795128205129 0.13074057692307692 0.65721875 0.1378665673076923 0.6518399294871795 0.1308206858974359 0.6456763878205128
2 0.1153675608974359 0.658003125 0.10951760897435897 0.6626697916666666 0.11568799679487181 0.669096875 0.12265376923076922 0.6637180544871795 0.1153675608974359 0.658003125
5 0.28424479166666666 0.33193055448717945 0.28052703525641026 0.33193055448717945 0.28052703525641026 0.3376388878205128 0.28424479166666666 0.3376388878205128 0.28424479166666666 0.33193055448717945
2 0.2871882435897436 0.3503413205128205 0.27977951282051283 0.3564413205128205 0.28009052564102566 0.36552708333333334 0.2879226185897436 0.35947569551282055 0.2871882435897436 0.3503413205128205
2 0.2890486121794872 0.374184375 0.28163963141025644 0.380284375 0.2819508942307692 0.3893704871794872 0.2897827371794872 0.38331875 0.2890486121794872 0.374184375
2 0.2907455352564103 0.39825590384615384 0.28333680448717946 0.40435590384615383 0.28364781730769234 0.41344201282051285 0.2914796634615385 0.40739027884615386 0.2907455352564103 0.39825590384615384
2 0.2921160705128205 0.42301249999999996 0.28470733974358975 0.42911250000000006 0.2850183525641026 0.43819861217948713 0.2928504455128205 0.432146875 0.2921160705128205 0.42301249999999996
2 0.2938132435897436 0.44696979166666667 0.286404266025641 0.45306979166666667 0.2867155256410256 0.46215590384615385 0.2945473717948718 0.45610416666666664 0.2938132435897436 0.44696979166666667
2 0.295591766025641 0.47138367948717946 0.28818303525641026 0.4774840288461539 0.2884940480769231 0.4865697916666667 0.2963258942307692 0.48051840384615385 0.295591766025641 0.47138367948717946