0 0.15643154807692308 0.8216697916666666 0.15877951282051284 0.8184680544871795 0.1594675096153846 0.8147638878205128 0.1594675096153846 0.8030833333333334 0.16080282692307693 0.8019152788461538 0.15859871153846156 0.8019527788461539 0.1584660224358974 0.8133621538461538 0.15715401923076924 0.8185520833333333 0.14962822435897435 0.824871875 0.14787723076923076 0.8245638878205128 0.1496884935897436 0.8290006955128205 0.15029042628205128 0.8260513878205128 0.15643154807692308 0.8216697916666666
0 0.37226810576923075 0.1128149294871795 0.37922147756410257 0.10794930448717949 0.3805126474358974 0.11045138782051282 0.38071131089743593 0.12032222115384617 0.37922147756410257 0.12199027884615384 0.3827973717948718 0.12199027884615384 0.3818040673076923 0.12004409615384616 0.381701141025641 0.10963194551282052 0.38044891025641026 0.10762882051282051 0.3783020833333333 0.10637708333333333 0.37114633012820514 0.11188541666666667 0.3694692467948718 0.11077708333333333 0.37067882051282053 0.116290625 0.37187078525641026 0.11490034615384616 0.37226810576923075 0.1128149294871795
0 0.1711173108974359 0.2779486121794872 0.16915352243589746 0.27355173717948716 0.16820659615384614 0.27490416666666667 0.16804737179487178 0.27691111217948716 0.16023983012820514 0.28282083333333335 0.15896502884615385 0.28716944551282053 0.15848710256410256 0.2943055544871795 0.15848710256410256 0.29999201282051285 0.15761061538461538 0.30110729166666667 0.1607973717948718 0.30099548717948715 0.15978968269230767 0.299940625 0.15972817307692308 0.28784236217948717 0.1611026794871795 0.28371979166666667 0.16876091346153846 0.2779486121794872 0.1711173108974359 0.2779486121794872
5 0.1503534230769231 0.8243090288461539 0.1463430064102564 0.8243090288461539 0.1463430064102564 0.82959375 0.1503534230769231 0.82959375 0.1503534230769231 0.8243090288461539
5 0.16143477243589743 0.7976875 0.15706721153846154 0.7976875 0.15706721153846154 0.8037361121794871 0.16143477243589743 0.8037361121794871 0.16143477243589743 0.7976875
2 0.11648858974358973 0.8468802083333333 0.1098206858974359 0.8517531250000001 0.1159526282051282 0.8588854166666666 0.12319022756410256 0.8525076378205129 0.11648858974358973 0.8468802083333333
4 0.37854439423076924 0.15205277884615384 0.3790235608974359 0.15382083333333332 0.3797204871794872 0.1542475705128205 0.3774553557692308 0.16180763782051283 0.37741170512820515 0.16296597115384615 0.3848608621794872 0.15711319551282052 0.382595733974359 0.15186979166666667 0.38303125000000005 0.15095520833333334 0.3832490064102564 0.1490045128205128 0.3865505961538461 0.1467774294871795 0.38799305448717947 0.14966145833333333 0.3887142852564103 0.14908472115384613 0.3865505961538461 0.14519132051282052 0.3833566474358974 0.14793125000000001 0.38273858974358976 0.1472100705128205 0.3850052083333333 0.13682812500000002 0.37757415705128206 0.14277291666666667 0.3800255448717949 0.1483336794871795 0.37871850320512823 0.15052847115384616 0.37854439423076924 0.15205277884615384
5 0.3726227692307692 0.11174132051282051 0.36835441346153847 0.11174132051282051 0.36835441346153847 0.1170086794871795 0.3726227692307692 0.1170086794871795 0.3726227692307692 0.11174132051282051
5 0.3836507948717949 0.12018576282051281 0.3789781730769231 0.12018576282051281 0.3789781730769231 0.12586979166666667 0.3836507948717949 0.12586979166666667 0.3836507948717949 0.12018576282051281
1 0.07806795512820514 0.8899274294871794 0.07987574358974359 0.8881965288461539 0.07892410576923077 0.8867315961538461 0.08082713141025641 0.8835361121794872 0.08282490064102564 0.8836690961538463 0.08330059615384615 0.8807399294871795 0.08282490064102564 0.8788756955128206 0.08092212179487179 0.8778104166666666 0.07959027884615384 0.8802072916666668 0.07411979166666666 0.8828107628205129 0.07245461217948718 0.8815385416666667 0.07007614102564103 0.8835361121794872 0.07806795512820514 0.8899274294871794
1 0.3854144358974359 0.1290975705128205 0.3854144358974359 0.12632222115384617 0.38366939423076923 0.12776527884615385 0.38271750961538464 0.12543402884615384 0.3832728173076923 0.12221492948717949 0.38208308653846157 0.12021666666666665 0.38049677564102563 0.1198836794871795 0.3790689487179487 0.12254791666666666 0.3798621025641026 0.12465694551282051 0.3785634935897436 0.13187777884615384 0.37676884935897437 0.1334267371794872 0.3770860608974359 0.13631284615384617 0.3854144358974359 0.1290975705128205