0 0.27388888782051285 0.7488874999999999 0.2818497019230769 0.7551010416666666 0.2820027275641026 0.7568152788461538 0.28429910576923073 0.7548868044871795 0.2749605641025641 0.7478163205128205 0.2732765384615385 0.7431024294871795 0.2732765384615385 0.7328180544871794 0.27388888782051285 0.7304611121794872 0.2716882435897436 0.7303461794871795 0.27220486217948714 0.731746875 0.27235788782051285 0.7443881955128205 0.27388888782051285 0.7488874999999999
0 0.27122346153846155 0.19656527884615385 0.2627653782051282 0.188996875 0.26165625000000003 0.1899673621794872 0.2691436025641026 0.19675937500000001 0.2720555544871795 0.20044652884615383 0.2721941955128205 0.21422465384615386 0.2715528269230769 0.21525590384615384 0.2744126987179487 0.21577708333333334 0.2734419647435897 0.21286632051282053 0.27302604166666666 0.20044652884615383 0.27122346153846155 0.19656527884615385
5 0.14289558653846154 0.08861284615384615 0.13909846153846153 0.08861284615384615 0.13909846153846153 0.09516492948717949 0.14289558653846154 0.09516492948717949 0.14289558653846154 0.08861284615384615
5 0.2644456858974359 0.18620138782051282 0.25995411858974354 0.18620138782051282 0.25995411858974354 0.19260416666666666 0.2644456858974359 0.19260416666666666 0.2644456858974359 0.18620138782051282
5 0.27506572435897436 0.21234027884615386 0.27057415705128207 0.21234027884615386 0.27057415705128207 0.21984722115384614 0.27506572435897436 0.21984722115384614 0.27506572435897436 0.21234027884615386
5 0.2753720224358974 0.7269097211538461 0.27045634935897434 0.7269097211538461 0.27045634935897434 0.732625 0.2753720224358974 0.732625 0.2753720224358974 0.7269097211538461
5 0.2859399807692308 0.7527135416666666 0.28125743910256407 0.7527135416666666 0.28125743910256407 0.7588072916666666 0.2859399807692308 0.7588072916666666 0.2859399807692308 0.7527135416666666
2 0.3609461794871795 0.8131361121794871 0.3548998012820513 0.8180736121794872 0.36137921474358975 0.8242875000000001 0.3680478685897436 0.8184694455128205 0.3609461794871795 0.8131361121794871
4 0.12736309615384614 0.1306850705128205 0.1284298108974359 0.13226284615384615 0.12608333333333333 0.14068958333333334 0.13373189423076923 0.134975 0.13132465384615385 0.12964375 0.13193402884615385 0.128321875 0.13202554487179485 0.12704236217948717 0.13537748076923078 0.12435555448717948 0.13674875961538463 0.12768194551282053 0.13714483974358974 0.12729826282051282 0.13556026923076922 0.12337465384615384 0.13199503846153846 0.12589097115384615 0.1311721217948718 0.12456875 0.1336101185897436 0.11548472115384616 0.12632713141025642 0.12097708333333333 0.12882589423076923 0.12590833333333334 0.12730233012820513 0.1292774294871795 0.12736309615384614 0.1306850705128205
1 0.13424156730769232 0.10746111217948719 0.13424156730769232 0.10442638782051282 0.13220907692307693 0.10594375 0.13126041666666666 0.10252986217948717 0.13200570512820514 0.10025416666666666 0.13098958333333333 0.09835763782051282 0.12875347115384617 0.09873715384615385 0.1278050608974359 0.1009180544871795 0.1286180544871795 0.10271979166666667 0.1271021826923077 0.10989583333333333 0.12570461217948717 0.11134895833333334 0.1259756955128205 0.11419340384615385 0.13424156730769232 0.10746111217948719
1 0.4195310032051282 0.8721517371794871 0.4272839775641026 0.8661479166666667 0.4256316955128205 0.8639246538461538 0.4237886891025641 0.8655253461538461 0.41841889743589744 0.8629906250000001 0.4180691955128205 0.8616565961538462 0.41600396794871797 0.8605003461538462 0.41451041666666666 0.8620121538461538 0.4143199391025641 0.8638798621794871 0.4168380448717949 0.8657385416666667 0.41927678525641027 0.8686385416666667 0.4179739583333333 0.8703729166666667 0.4195310032051282 0.8721517371794871